1.987425785127545363e-01
2.019831402128973441e-01
1.981281603883647824e-01
1.978889292915632370e-01
1.958617632059913571e-01
2.018795115175099908e-01
1.977772426744458523e-01
2.006025252052071051e-01
2.012091433887600311e-01
1.988466690257905123e-01
1.988388595301059103e-01
2.000200234577567127e-01
1.974263122207295940e-01
2.011052121231890755e-01
1.974022499287650667e-01
1.992219070125673674e-01
1.968993145847375281e-01
1.982081758696390417e-01
1.993975410417384575e-01
1.986072340922336865e-01
1.968118781715934296e-01
2.019355029262111800e-01
1.963013053191435264e-01
1.997484141663671553e-01
1.950800779142428110e-01
2.033959327633697856e-01
1.954233772294352856e-01
2.012648354122269501e-01
1.963253548713109198e-01
1.967953833191665725e-01
1.972032829610192162e-01
2.011612067168395968e-01
1.985043156405402742e-01
2.009301131655005235e-01
1.978898656666575329e-01
1.992695442992535870e-01
1.958147629091652187e-01
1.991897326547346636e-01
1.974667642617941032e-01
2.011612067168395690e-01
1.965571077071551487e-01
2.023905493725576821e-01
1.991908919762800378e-01
1.977614739904594854e-01
1.979139056639770411e-01
1.985834138564158968e-01
1.991908919762800378e-01
1.975220390569026874e-01
1.975706190885818114e-01
1.992540686306029096e-01
2.003640266467445474e-01
1.989109922618615134e-01
2.002601718199568392e-01
1.957423562717697518e-01
1.947291219809322016e-01
2.026383065786365179e-01
1.984004576288032340e-01
1.971872785907847203e-01
1.941704404692996266e-01
2.009384258831746206e-01
1.976023411836138333e-01
1.996054640869169838e-01
1.963013053191435264e-01
1.984881010636518894e-01
1.935078977609807904e-01
1.983284777746140148e-01
1.947050724287648082e-01
1.957745051500080768e-01
1.958464850041972960e-01
1.983844532585686826e-01
1.963811169636625054e-01
1.980890428410572168e-01
1.969955573826972783e-01
2.020557889064397150e-01
1.975542388943298533e-01
1.968918681732731712e-01
1.957185710703943093e-01
2.009145865376610607e-01
1.958781943594321839e-01
1.993981652918013214e-01
1.987754662992305132e-01
2.004357166705474647e-01
1.951839422958784320e-01
2.009943981821800119e-01
1.959262966487162472e-01
1.984404255575741016e-01
1.943300637583375290e-01
1.973230625343089517e-01
1.991187624294736558e-01
1.981771480935543561e-01
1.918559027782505422e-01
1.985762063161490287e-01
1.939069559835754630e-01
2.015292371633496393e-01
1.978658224843888036e-01
1.985523606007369712e-01
1.960301546604532597e-01
1.983129256671801732e-01
1.973311841550249857e-01
1.973551859329529534e-01
1.979937173084959923e-01
2.006274633582292855e-01
1.969561659297498213e-01
1.980734907336233475e-01
1.967167309961930510e-01
2.012338331157367821e-01
2.004121034564342319e-01
2.002760933815095346e-01
1.950089452565675341e-01
1.997972235143959663e-01
1.945541058319255057e-01
1.996935693394141786e-01
1.975311639366482963e-01
1.992385420027634191e-01
1.958551194017506547e-01
1.974349975774718768e-01
1.949771913120423861e-01
2.004916857846035239e-01
1.960147426907885293e-01
2.000128159174899001e-01
1.963897736558609941e-01
1.981771480935544116e-01
1.967648014359840714e-01
1.990073815674890667e-01
1.970600143866389486e-01
1.987679466339322687e-01
1.985446880578722872e-01
2.005797623725570356e-01
1.983052531243154615e-01
1.989835294821783451e-01
1.950887569010864853e-01
1.996541205573793276e-01
1.972436713030977229e-01
1.981615577667288908e-01
1.946098870339728615e-01
1.966212780656597936e-01
2.009150069509687275e-01
2.004522370025687006e-01
2.021121816187527453e-01
1.988560041121899824e-01
1.955118455661527255e-01
1.982973226005574630e-01
1.962859315688704753e-01
1.975790177998870134e-01
1.987600925489574621e-01
1.988560041121899824e-01
1.980100338037619201e-01
1.970203362882544662e-01
1.980340578763349901e-01
1.958231616204704484e-01
1.969965064975888192e-01
1.941150191665232394e-01
1.951608386736532752e-01
2.005559071022969819e-01
1.958233527174284838e-01
1.983211810557667931e-01
1.985369486310722686e-01
2.004760954577780030e-01
1.962224109400231564e-01
1.978661664589131952e-01
1.975792088968450488e-01
1.987440945486214916e-01
1.950252362722390831e-01
1.948333239671936612e-01
1.952886889084702593e-01
1.965653248763502281e-01
1.958713849378278526e-01
2.009549653248916545e-01
1.948338335590817094e-01
1.976588294444059646e-01
1.964300664494604276e-01
1.981376993115195606e-01
1.924154697057885999e-01
2.003403274390002098e-01
1.991994594898980619e-01
1.993027760602540388e-01
1.961666169981785557e-01
1.971799595772923408e-01
1.973637916659625735e-01
1.983771342450763586e-01
1.963262402872164303e-01
1.963579814919442779e-01
1.973079945391686962e-01
2.024713865707513938e-01
1.959194044184301153e-01
1.990954390457467804e-01
1.950894830695269200e-01
1.969405246437355428e-01
1.994791235180683742e-01
1.967249481653880472e-01
1.961270344482730910e-01
1.980817461222099951e-01
1.976434556941328580e-01
2.018090349593905930e-01
1.966857159599056382e-01
1.984092194243286811e-01
1.970847741825003108e-01
1.996302589172206099e-01
1.961030326703452065e-01
1.991513890501070139e-01
1.993195002290304996e-01
2.012264918075993281e-01
2.000618036226795016e-01
1.966533632449120605e-01
1.989444405994143517e-01
1.995825260820554281e-01
1.976674542871113827e-01
2.005723318858392279e-01
1.964702796193273926e-01
1.980742933408470019e-01
2.001656106752277564e-01
2.020648755667937280e-01
1.934374371276078586e-01
1.971963652511386778e-01
2.009637271204171294e-01
2.001493960983393161e-01
1.973482077090356612e-01
2.003090193873771907e-01
1.975636440496139068e-01
1.982898475245493952e-01
1.985453823768197068e-01
1.982100358800304163e-01
1.976674542871114382e-01
2.014025016607878804e-01
1.977472659316303616e-01
2.010914053679718760e-01
1.964702796193273926e-01
1.994153608330742344e-01
1.947942350844297510e-01
2.029031797022556594e-01
1.967895261974031418e-01
2.060956454830130680e-01
1.952491063585647946e-01
2.008041802701623912e-01
1.959674111592352164e-01
2.008839919146813147e-01
1.987128119765928791e-01
1.980666844969683760e-01
1.975396422716860501e-01
1.997427290318660176e-01
1.992396885845115484e-01
1.975400053559062674e-01
1.978828906276896282e-01
1.996949197579175606e-01
1.964462810263488124e-01
1.976996286449441420e-01
1.975636440496139068e-01
1.965583562072809320e-01
1.999579933851819702e-01
1.988728938983300165e-01
1.965260926708677636e-01
2.000461559667666145e-01
1.986810070728790012e-01
2.006287500777466093e-01
1.938364953502025312e-01
2.017222005016642838e-01
1.968933332499513966e-01
1.990884162325393947e-01
1.963346517383188494e-01
1.983940240312164205e-01
1.960393973833230163e-01
1.995113870544815149e-01
1.989924282305236269e-01
1.972207587778305737e-01
1.981624750321274442e-01
2.020653596790874529e-01
1.971489063216132764e-01
1.983381218010956126e-01
1.951536152086399412e-01
2.000141663359933097e-01
1.939804200241387055e-01
1.996949197579175606e-01
1.971170504587107242e-01
2.005728478476258569e-01
1.993278002069073518e-01
1.978750460975627345e-01
1.958160878480742217e-01
1.981144810311195326e-01
1.970690946770943808e-01
1.987290775126701048e-01
2.015145641019226996e-01
1.987290775126701048e-01
1.993596496999114620e-01
1.989685124462269028e-01
1.968854887198244752e-01
1.982502076455564810e-01
1.954728617867157181e-01
2.011234268482381682e-01
1.978911906055665360e-01
2.016022967153517365e-01
1.996470467849831010e-01
1.995271939578594222e-01
1.991681769178695049e-01
2.026637447686988613e-01
1.992479885623884561e-01
2.010675118783201154e-01
1.980508138946043828e-01
2.005886420112065471e-01
1.967738275823014138e-01
2.002932889227825031e-01
1.999423138797760402e-01
1.963027066968357215e-01
2.006047865192103208e-01
2.005886420112065471e-01
1.969574271696728496e-01
2.033261314145020371e-01
1.967978038806349750e-01
1.990961142549984575e-01
1.973564853922674944e-01
2.002932889227825031e-01
2.018259374853278720e-01
2.024720936294960305e-01
1.970930741603771907e-01
1.994392511377764965e-01
1.940842079669911346e-01
1.998942307001878305e-01
1.973564853922674944e-01
2.003731005673014265e-01
1.987132833490893868e-01
1.997905255660171742e-01
1.963987456580402469e-01
1.987529741872710309e-01
2.002536777083332997e-01
1.979548577420817135e-01
1.989766913960303307e-01
1.973961762304491385e-01
1.982583865953599367e-01
2.010115937234529249e-01
1.985217914573516595e-01
1.997346074111499559e-01
1.978274534001667750e-01
1.999979326494090437e-01
2.010438827394604722e-01
1.990401929151818516e-01
1.973166958206574451e-01
2.005805012807947429e-01
1.985138704884414351e-01
2.007401245698326175e-01
1.980589578099655745e-01
1.990640800349349759e-01
1.962232899860300306e-01
1.999420081246432723e-01
1.987533054219982886e-01
2.000457037039659880e-01
1.999504800897823342e-01
1.984255868787834776e-01
1.997908568007444319e-01
1.960551214780192064e-01
1.970533005135136906e-01
1.970367419621008587e-01
1.994236862905454932e-01
1.993751572180551268e-01
1.990725520000740101e-01
1.965817496598924186e-01
2.015706701687987046e-01
2.001255153484849114e-01
1.993119869336308358e-01
2.001255153484849114e-01
1.980908518922598616e-01
1.978907893019547226e-01
1.993438746460265143e-01
1.981861519452266795e-01
1.985457582008371691e-01
2.011391827924272901e-01
1.970053702114918925e-01
2.001814430582000981e-01
1.974044284340865096e-01
1.972284122109994875e-01
1.978832983012001334e-01
2.013786177259841437e-01
1.986016031018705552e-01
2.007640085046363820e-01
1.969495253104584231e-01
1.992475872587766705e-01
1.969015886385380165e-01
1.959514258986965185e-01
1.976198934392084383e-01
1.989603812706629282e-01
2.011076326846574780e-01
2.005566141610415909e-01
1.971410235720948423e-01
1.985135392537142329e-01
1.985776331734356581e-01
1.981383745207712377e-01
2.000142427747765017e-01
1.986970560324037849e-01
2.007883861065817011e-01
2.021289567467180193e-01
1.995593428360977750e-01
2.013547306062309361e-01
2.001738660638143763e-01
2.005327238563393011e-01
1.967179922361160238e-01
2.022087683912369704e-01
1.970132625158582118e-01
2.026876382583505942e-01
1.969814002830569677e-01
1.998144190556689070e-01
1.987372564624735327e-01
2.026078266138316430e-01
1.973006468611326891e-01
2.042838711487292847e-01
1.976198934392084383e-01
1.993594394932575731e-01
1.997508347278355856e-01
1.998621964801243489e-01
1.985776331734356581e-01
2.026556040382870572e-01
1.964227187714244205e-01
2.033977927737612990e-01
1.976198934392084383e-01
2.014823133053068593e-01
1.988968797515114073e-01
2.015621249498257828e-01
2.010517941535226727e-01
2.034216735236156481e-01
2.024644306414793427e-01
2.061113886874050560e-01
2.002776476367682523e-01
2.009795595033894156e-01
1.987053814898750714e-01
2.025198646840529748e-01
1.996391544806167262e-01
2.023043105003505537e-01
1.977236750121622866e-01
1.999897728093014138e-01
1.979072650446856707e-01
1.977311660129168758e-01
1.982265116227614477e-01
2.007401245698326453e-01
1.982265116227614477e-01
1.984733515634416467e-01
1.954810279967219289e-01
2.007080776099718356e-01
1.984340588439225395e-01
1.991916563641120685e-01
1.986734937774793097e-01
2.003090193873771629e-01
1.974204646538141039e-01
2.020648755667937280e-01
1.970214064312194313e-01
2.039803550352481953e-01
1.991204631924000656e-01
2.019052522777559089e-01
1.940364687619272888e-01
2.011869474770854871e-01
1.992002748369189891e-01
2.030226153010209478e-01
1.996791447040326128e-01
1.989603812706629005e-01
1.998627188118095588e-01
1.996547957666310047e-01
1.975242303020213475e-01
1.984016997590303533e-01
2.000782029266272855e-01
1.999181210048901480e-01
1.958960842196525998e-01
2.005484543209339610e-01
1.983702451997396143e-01
1.992953455735362034e-01
1.997509876054019418e-01
2.003328969522823744e-01
1.972768266253149549e-01
2.013704483310285176e-01
1.997749288692931280e-01
1.976431754185944967e-01
1.982585076234333332e-01
2.002769596877193026e-01
1.965026514440167682e-01
1.979944816963280230e-01
2.004612949983790027e-01
1.995668338368523920e-01
1.999824251312653789e-01
2.012988060814651647e-01
1.971092059285837195e-01
2.008438201491553332e-01
2.000143638028499260e-01
1.966376837395062138e-01
1.980190726898765075e-01
2.002292077428582673e-01
1.976200144672818348e-01
1.986329748524795491e-01
1.998786785927538778e-01
1.978669053671509304e-01
2.001181135263106758e-01
2.013547306062309916e-01
1.992162473576605253e-01
2.018895218131611935e-01
1.988171891350658527e-01
2.012510286570097229e-01
1.974843292571858144e-01
1.993355491885552833e-01
1.980669456628109393e-01
2.033261314145020371e-01
1.989768124241037550e-01
2.015382410150219905e-01
1.979631991242994105e-01
2.006603129253136664e-01
1.971650826791100652e-01
2.016739771843066853e-01
1.992162473576605253e-01
2.021848749015852376e-01
1.968777684027202546e-01
2.025839331241799102e-01
2.035021348977919253e-01
1.994473823133404988e-01
2.014270321402995834e-01
2.014985852112825826e-01
1.970932588874365898e-01
2.035497849242753066e-01
1.997270431565614790e-01
2.019535520338965884e-01
1.994876082230046532e-01
2.008600920551310842e-01
2.014030876914591206e-01
2.009399036996500354e-01
1.990885500004100084e-01
2.010995269886878822e-01
1.983702451997396143e-01
1.991601444757338524e-01
1.992481732894478830e-01
2.005967540770746960e-01
2.011077855622238342e-01
2.001976958544800234e-01
1.985298684887774612e-01
2.035258786948264953e-01
1.982106219107016842e-01
1.992958615353229157e-01
1.989847907221012902e-01
1.984179334456146471e-01
2.018819575585727166e-01
1.987371800236903130e-01
1.988251674330634156e-01
2.032066321167506906e-01
2.009002701905557575e-01
2.025681389605992477e-01
2.018340591060438505e-01
2.003095034996708879e-01
1.990646023666202136e-01
2.027038528352389513e-01
1.998627188118095588e-01
2.003893151441898113e-01
1.998387679930704874e-01
1.964226423326412285e-01
1.991204631924000934e-01
2.016103992263720002e-01
1.976838535910592498e-01
2.012911526482962787e-01
1.971251720794266471e-01
2.011874315893791565e-01
1.999983912821083343e-01
2.009479966558223585e-01
1.956087508335669356e-01
2.031029110578336239e-01
1.992800864814379402e-01
2.031827227023525473e-01
1.988570742551548920e-01
2.029991868139672251e-01
2.003734955010147145e-01
2.001020518269887860e-01
2.021053944917935719e-01
2.019377196509242745e-01
2.023687866139880775e-01
2.019138006816782460e-01
2.037255845708099977e-01
2.004771910803374302e-01
1.998946256339010907e-01
2.014110086603691785e-01
2.018101051023555303e-01
2.042283383727274138e-01
2.014669013356420735e-01
2.002377561467806044e-01
1.979551889768089157e-01
2.026560244515946962e-01
1.992321752891118847e-01
2.021771545844810725e-01
1.997350023448631884e-01
1.977875141359396738e-01
1.995514218671876339e-01
1.992480395215772693e-01
1.955847968298785600e-01
2.002296918551519367e-01
1.996551907003442372e-01
2.019855480345685295e-01
1.959040434079542814e-01
2.024644179016821255e-01
2.014110468797608300e-01
2.014827655681074581e-01
2.029274681256206248e-01
2.003334129140690589e-01
1.993119869336308358e-01
1.995911986990004106e-01
2.013870896911231501e-01
2.049624882961672834e-01
2.026959637158217975e-01
2.031268204722317949e-01
1.994236862905454377e-01
2.000141663359933097e-01
1.967899020214205763e-01
1.969015121997548246e-01
2.004612376692916087e-01
2.045075246585025264e-01
1.999265197161953223e-01
2.041882780804267772e-01
1.996391544806167262e-01
2.021929869674533864e-01
2.013151990155143678e-01
1.999821639654227878e-01
1.995353729076629334e-01
2.001178842099610722e-01
2.027278386884203143e-01
2.026479506051181712e-01
1.993757496186250588e-01
2.007324711366637315e-01
1.993757496186250311e-01
2.016902108708909513e-01
1.998306463723544812e-01
2.005967540770747237e-01
1.998864817185399267e-01
2.023526102564912887e-01
2.010596769030411346e-01
2.001417872544606902e-01
1.966381805915970726e-01
2.050102975701157959e-01
1.999662933630588779e-01
2.020811665824653880e-01
2.004691395285059519e-01
2.023444981906231122e-01
1.995192729889493088e-01
2.001097721440928956e-01
2.014587351256358350e-01
1.999740423447067539e-01
1.986653275674731267e-01
2.002932889227825308e-01
1.995990846334682878e-01
1.982181861652902166e-01
1.975798076673134784e-01
2.036453779925777863e-01
1.964864304972297748e-01
2.037490799417990550e-01
1.988567939796164197e-01
2.046270080315073236e-01
1.980826633876084930e-01
2.027913402075718075e-01
1.986413448992410402e-01
2.043077614534316022e-01
1.983779241125028514e-01
2.018574875930976842e-01
1.986173590460596494e-01
2.010593711479083667e-01
1.981066460558405518e-01
2.007401245698325898e-01
1.979710022500854871e-01
1.993035149684917462e-01
1.955286907630025273e-01
2.008438201491553055e-01
2.010356942348090759e-01
1.994870221923333853e-01
1.994154754912489669e-01
1.993833266130107251e-01
2.001577661451007795e-01
1.981622648254735275e-01
1.960633864214537114e-01
2.019134121178634833e-01
1.999741570028815141e-01
2.030546622608817298e-01
2.000539686474004375e-01
2.033739088389574790e-01
2.006924618035519359e-01
2.024161691047302591e-01
1.972365720511070897e-01
2.040444362151724866e-01
1.958797740942852250e-01
2.023363574602113080e-01
1.996867408081141326e-01
2.010593711479083667e-01
1.958557818712052256e-01
2.020171108821355865e-01
1.992876825855194600e-01
1.997264571258902388e-01
1.983539350743721841e-01
2.022006181059772256e-01
2.001097912537887213e-01
1.998860804149281134e-01
2.035975113895419630e-01
2.008438201491553332e-01
1.983857590877818045e-01
1.998860804149281134e-01
2.002454223197466521e-01
2.019052522777558534e-01
1.988088127184058362e-01
1.986889057471440678e-01
1.988886243629247874e-01
1.982339166298848487e-01
1.985693777848490660e-01
1.984972291283468304e-01
1.962548400937999538e-01
2.001971480432003792e-01
2.006204851343119933e-01
2.023520624452116723e-01
1.980106962732164910e-01
2.008117668193959704e-01
2.010435387649360250e-01
2.008356411993518498e-01
1.979308846286975676e-01
1.992155339290172522e-01
1.993674942300383834e-01
1.986807267973406121e-01
1.972923914725460692e-01
1.997980898206057065e-01
1.996867408081141326e-01
1.993669591585559009e-01
1.980905079177354700e-01
1.991752506902657316e-01
1.996867408081141326e-01
2.013704483310285454e-01
1.980106962732164910e-01
1.976193010386385895e-01
1.960952168047619959e-01
2.036290487575146413e-01
1.995031221110469544e-01
2.027749918628128090e-01
1.974280193535546124e-01
2.040519781751158057e-01
1.977472659316303893e-01
1.989440329259039575e-01
1.996627454000848012e-01
1.969248706179239916e-01
1.968933332499513966e-01
2.031263045104451104e-01
1.984097544958111636e-01
2.025914973787684425e-01
1.999021803336416270e-01
2.013383822614719654e-01
1.970847741825002830e-01
2.011787589724340908e-01
1.996387468071062488e-01
1.986486543578854513e-01
1.983857590877818600e-01
2.021603667167186369e-01
1.987848173103764771e-01
2.021842315418265756e-01
1.978270775761493128e-01
2.038043260723639838e-01
2.005964865413334963e-01
2.040437610059207818e-01
1.979627022722086072e-01
2.012742119029673482e-01
1.980743188204413807e-01
2.034850794942882346e-01
2.007879147340851933e-01
2.031658329162124854e-01
1.986888038287663860e-01
2.040676194611300842e-01
2.004926731188866607e-01
2.032695030159407945e-01
1.989522469101496771e-01
2.034291263049786413e-01
1.986089921842474348e-01
2.050253591953573318e-01
1.988244157850285465e-01
2.011145886139295291e-01
1.982657342733959993e-01
2.048418774511101270e-01
2.003408370308882580e-01
2.016494116703527184e-01
1.990638507185853168e-01
2.038043260723639838e-01
1.987686154732853649e-01
2.012264918075992726e-01
1.977868644062823478e-01
2.007476219404857043e-01
1.996783293570116580e-01
1.976826878996153225e-01
1.993590827789359643e-01
2.012980671732274296e-01
1.974436033104815247e-01
1.991670048565269413e-01
1.967252985098111029e-01
1.998054980126784119e-01
1.943309491742430395e-01
1.999651213017162865e-01
1.969647334433679009e-01
2.009467099363050346e-01
2.005004603199261326e-01
2.013219192585382067e-01
1.972041683769246989e-01
2.035804942054298960e-01
1.981936811653728370e-01
2.033089358732291241e-01
1.973157530756645406e-01
1.977221207569036521e-01
1.995745000098183841e-01
2.022475419640200611e-01
1.988321743215243076e-01
2.036043399208419535e-01
1.979542462318160112e-01
2.007072750027482366e-01
1.977946229427781366e-01
2.017448263814943799e-01
1.978504105147240177e-01
2.017209774811328793e-01
1.934847941387556336e-01
2.017448263814943799e-01
1.992072084715459102e-01
2.044024563660313265e-01
2.021362120612243685e-01
2.020081070304632631e-01
1.991033695695047789e-01
2.031493125841912495e-01
1.985446880578722872e-01
2.026942820625912134e-01
1.999014860146941519e-01
2.029337169961480669e-01
1.986004692599195876e-01
2.000604977934664075e-01
2.001967021502983335e-01
2.012576724612503976e-01
1.984408459708817685e-01
2.010182375276935718e-01
2.005717267454721342e-01
2.017925146273693293e-01
1.980975657653850919e-01
2.030695009396722706e-01
1.996139870112448589e-01
2.027502543615965214e-01
1.991908919762800378e-01
2.001962817369906666e-01
1.994543637222069843e-01
2.014971073948071956e-01
1.968205794530821229e-01
2.038116450858562800e-01
1.972754125078255982e-01
2.013374841057693210e-01
1.995101385543557870e-01
1.986477243526897640e-01
1.953599330393711586e-01
2.027979298676743924e-01
1.982091122447332820e-01
2.015209435553714235e-01
1.996457218460741256e-01
2.033327752187427118e-01
2.021996944706800636e-01
2.016007551998903469e-01
2.016650529563669969e-01
1.994136919196407287e-01
1.958388029064847269e-01
2.027336193714004975e-01
1.953599330393711309e-01
1.988550104080081815e-01
1.951522265707449910e-01
2.003714316538679763e-01
2.000207368864000412e-01
2.015364447036164797e-01
1.992226204412106683e-01
2.017996998729911229e-01
1.997813019528432155e-01
2.006823368497260285e-01
1.980254457734266504e-01
2.004345318694077671e-01
2.001005485309189647e-01
2.038426219027520692e-01
2.007390416870704630e-01
2.009134017365213909e-01
1.977061991953509013e-01
2.017115181817107084e-01
1.971475176837183541e-01
2.015518948926728338e-01
1.991428087966917448e-01
2.028288812049758028e-01
1.995976322965872241e-01
2.035471860056461968e-01
1.981610226952464637e-01
2.026692579159379559e-01
1.972032829610192162e-01
1.990217297640873573e-01
1.979215877616896102e-01
2.021343839003258702e-01
2.004755603862955482e-01
1.999234621648669497e-01
1.984004576288032340e-01
2.028526887009962643e-01
1.983764080766358129e-01
2.030123119900341666e-01
1.959820587410677772e-01
2.046085448804128848e-01
1.973148039607729720e-01
2.019509531152675064e-01
2.012813302646538072e-01
2.024298229823811024e-01
1.963089491974644996e-01
2.005941551584456140e-01
2.015524554437496951e-01
2.009134017365213354e-01
2.009139622875982245e-01
2.022141955448448214e-01
1.974820615732840179e-01
1.983832366079359144e-01
1.986311021022909296e-01
1.999794694983146326e-01
2.007543389985603499e-01
1.977685477628556843e-01
1.951675238822348779e-01
2.002189044318714306e-01
1.954867704603106271e-01
2.014160790996555039e-01
1.999321570764571177e-01
2.008573975880229290e-01
2.002514036545328391e-01
2.041058675172787440e-01
1.983916671687341593e-01
1.999556620022941156e-01
1.981838970011219891e-01
1.996364154242183664e-01
1.985272186109594550e-01
2.025894462714189770e-01
2.014004378136411422e-01
2.006179626544661032e-01
1.970107973650996880e-01
2.008573975880228735e-01
1.977291021657701375e-01
2.053268496810833066e-01
2.012408145246032953e-01
1.997400345647578346e-01
2.004186230476521502e-01
2.007537784474834608e-01
2.014320962096872170e-01
2.021105764043054087e-01
2.007695216518753933e-01
2.025894462714189770e-01
1.969385627149664864e-01
1.979365602083508202e-01
1.968587510704475629e-01
2.034435636801573966e-01
1.963557966167242264e-01
2.005703444774756816e-01
1.992290158194058858e-01
2.038426219027520692e-01
1.995798953139333032e-01
2.023023867909730933e-01
1.972096369348735057e-01
2.034995614587571389e-01
1.963317088451652370e-01
2.013446470567459012e-01
2.000030444930362417e-01
2.015602649394342971e-01
1.977442274899977870e-01
2.006823368497260007e-01
1.960124622670894878e-01
2.007621484942449241e-01
2.009848719988224508e-01
2.014804532949153459e-01
1.973135363509514739e-01
2.024381930291425657e-01
1.987501459522923175e-01
2.035555560524076602e-01
2.009050603543035274e-01
1.985834138564158968e-01
1.982953606717883788e-01
2.012970097700596817e-01
1.993329120505345775e-01
2.036913591056277451e-01
1.949989986599023617e-01
2.026538077268815741e-01
1.980318411516218680e-01
2.038509823946656196e-01
1.972337247064324950e-01
2.013768214145786606e-01
1.981914644406597703e-01
2.029492308841902293e-01
1.975529712845082442e-01
2.018878528997277710e-01
1.958452810933617450e-01
1.988550104080082370e-01
1.977607605618162123e-01
1.999723734312733314e-01
1.951269762926913509e-01
2.013291713880952238e-01
1.970424557611457905e-01
2.004512432983869274e-01
1.932114968242368835e-01
2.029254042784738865e-01
1.981838970011219614e-01
2.005310549429058786e-01
1.963723042089482451e-01
2.045216371688526047e-01
1.954703010874781488e-01
2.044418255243336535e-01
1.961886058881485706e-01
1.982165172518567109e-01
1.978646504230462122e-01
2.016245881755052982e-01
1.969626441166268394e-01
2.042023905907768555e-01
1.961087942436296194e-01
2.008503015209815723e-01
1.989022018017923554e-01
2.027657809894360119e-01
2.001791881140953244e-01
2.006668484412780784e-01
1.995406949579438538e-01
2.017520562164062115e-01
2.010571162038036208e-01
2.017758796371733054e-01
1.974655922004515396e-01
2.014566330590975840e-01
1.977291021657701375e-01
2.025739960823626507e-01
1.965319274979861197e-01
2.005227135606881261e-01
1.978089138102890887e-01
2.057342875052873277e-01
1.991897836139235045e-01
2.022225751464541699e-01
2.003071466371885989e-01
2.029968745407751129e-01
2.007860165043021672e-01
2.061333457278820003e-01
2.003869582817074946e-01
2.020629518574162953e-01
1.995090301919991982e-01
2.013446470567458735e-01
1.996686534810371005e-01
2.007061539005944029e-01
1.976176193854079777e-01
1.982558067864265694e-01
1.993734755648245704e-01
2.016638936348216227e-01
1.979609314403976139e-01
2.002510978993999602e-01
1.991581061081816595e-01
2.034435636801573688e-01
1.975618732178029413e-01
2.003070956779997580e-01
2.010735855766360991e-01
1.991099210102157124e-01
1.970830033506893175e-01
2.019831402128973996e-01
2.008822720420591068e-01
1.983916162095452906e-01
1.996293416518221397e-01
2.014482725671839780e-01
1.984321669840380942e-01
2.010492143445893054e-01
1.981129204059623727e-01
1.990217297640874128e-01
2.030612423661363186e-01
2.025656355904490724e-01
1.977138621833676724e-01
2.002510978993999879e-01
1.999485882298978612e-01
2.055508471653810232e-01
1.973946156052918954e-01
2.015602649394343249e-01
1.957983827149132050e-01
2.036353676969266113e-01
2.001880231634546314e-01
2.017996998729910951e-01
1.948406429806859852e-01
2.024143727933247483e-01
1.983523553395191152e-01
2.020153145707300757e-01
2.001880231634546314e-01
2.008979515474650368e-01
1.977619644726517079e-01
2.043298522617792712e-01
1.987995158513978788e-01
2.049445219971636478e-01
1.992783857185114749e-01
2.022869111223224159e-01
1.971715608659871388e-01
2.018080412552087921e-01
1.972273293282373052e-01
2.011457183083917022e-01
1.956551396201273441e-01
2.042583724446301596e-01
1.993745520776880609e-01
2.010659066638727510e-01
1.965253665024273011e-01
2.041785608001112085e-01
2.004361370838551037e-01
2.013291713880951961e-01
1.994226161475806114e-01
2.026859693449170885e-01
2.000851365612542343e-01
2.022309260835198352e-01
2.004284072119030258e-01
2.018878528997277433e-01
1.973157530756645406e-01
2.000521850757922271e-01
2.027669657905758482e-01
2.032208210658839886e-01
2.025035099693953400e-01
2.013053415974295490e-01
2.008274654344976984e-01
2.006430154656631826e-01
2.014659585906491690e-01
2.018484837414253885e-01
1.968368832085509168e-01
2.019521379164071762e-01
1.982494687373187181e-01
2.069802715211001010e-01
2.000053249167353109e-01
1.982808022685361993e-01
1.980898454482808435e-01
1.997174118698770151e-01
1.996062666941406105e-01
2.023273536085390123e-01
1.972917290030914983e-01
2.029658467646904829e-01
1.966772599195130422e-01
1.981854130369889444e-01
1.974753763647024152e-01
2.022558069074546494e-01
1.961425992955042052e-01
2.002843678797920079e-01
2.001649482057731577e-01
2.005238028133488060e-01
1.987523626770053842e-01
2.000210808609244606e-01
1.990158184981858369e-01
1.999412692164055649e-01
1.959829760064663307e-01
1.997816459273676903e-01
1.983455459179148950e-01
2.017530817700810553e-01
1.953925150707142844e-01
2.054244174179520321e-01
1.978666760508012434e-01
2.023117632817136025e-01
2.003168225131631841e-01
2.001329904244929514e-01
1.977868644062823478e-01
2.010907301587201712e-01
1.952328917816764098e-01
2.031658329162124854e-01
2.001254134301072296e-01
2.018090349593905930e-01
1.991676736958800376e-01
2.012503534477580458e-01
1.975396422716860501e-01
2.002926137135308260e-01
2.001974283187387960e-01
2.010668685185614535e-01
1.997983700961440956e-01
2.030382948064269333e-01
1.986810070728790012e-01
2.031979180954647801e-01
2.004926731188866607e-01
1.994788432425299296e-01
1.970049625379813318e-01
1.982257281252334802e-01
1.975636440496139068e-01
2.012346994219465501e-01
1.992636871774901286e-01
2.045069768472228822e-01
1.995031221110469544e-01
2.000934620187255764e-01
1.990002536509547504e-01
2.038446093111155322e-01
1.998781817406630468e-01
2.015061940551611808e-01
1.963106563302894902e-01
2.006282659654529121e-01
1.956721631741380474e-01
2.008677008990097101e-01
2.007002967788309444e-01
2.041399783242860422e-01
1.990002536509547504e-01
1.991677756142576916e-01
2.011311662750381313e-01
2.029748506163628063e-01
1.992156868065836917e-01
2.011712170124907717e-01
2.002532381853298349e-01
2.034059430590209605e-01
1.979387004942806949e-01
1.994712789879413972e-01
1.985771936504321933e-01
2.021050632570663141e-01
1.965020908929398513e-01
2.001097721440929234e-01
1.980185121387996461e-01
2.006684536557254706e-01
2.000138032517730369e-01
2.009877002338012197e-01
1.966617141819777537e-01
2.007243686256434401e-01
1.961828443148641576e-01
2.005088303666875960e-01
1.973002073381292520e-01
2.014904635905665209e-01
1.984973820059132699e-01
2.008519704344150503e-01
1.990560635175458171e-01
1.994712789879414527e-01
2.008917313414813333e-01
2.025839331241799102e-01
1.959434093813073319e-01
1.993914673434225016e-01
1.992954984511026151e-01
2.015463817454337669e-01
2.024081525873411003e-01
2.010675118783201432e-01
