1.987425785127545363e-01
2.019831402128973441e-01
1.981281603883647824e-01
1.978889292915632370e-01
1.972983728073322007e-01
2.014804532949153459e-01
1.984955474751162463e-01
2.028134310159194487e-01
1.993734755648245704e-01
2.020391348065479487e-01
1.992379177527005552e-01
2.008979515474650090e-01
1.988629218220704375e-01
1.975696827134875155e-01
2.004110269435707137e-01
1.999640320490555789e-01
1.995090301919991982e-01
2.020153145707301034e-01
2.008100851661653585e-01
1.999402118132377892e-01
1.968359340936593482e-01
2.039867822629364003e-01
1.956704560413130289e-01
2.021987580955857677e-01
1.970513131051502276e-01
1.993017186570862909e-01
1.959339500818851332e-01
2.013768214145786328e-01
1.944973404805442896e-01
2.020713027944819606e-01
1.966763108046215291e-01
1.985834138564159246e-01
1.988793274959168023e-01
2.036115474611088494e-01
1.994139594553820116e-01
2.020629518574162953e-01
1.961657315822730452e-01
2.004107211884378070e-01
1.960301546604533152e-01
1.998282258108861342e-01
1.978898656666575329e-01
1.999878490999240088e-01
1.978100540221386094e-01
2.014006416503964225e-01
1.972273293282373330e-01
2.012970097700597094e-01
1.967244130939055924e-01
1.983439789228591266e-01
1.975225295390949376e-01
1.987668573812715611e-01
1.947050724287648082e-01
1.997007768796809912e-01
2.002918875450902525e-01
1.985679127081708129e-01
1.973388566978896974e-01
1.999485436406076566e-01
1.953435655849163344e-01
1.996292970625319352e-01
1.955830005184731601e-01
2.021594367115228941e-01
2.003235905304265596e-01
2.012576724612503420e-01
1.999802848453354764e-01
1.978257717469361632e-01
1.980648053768810368e-01
1.974505496849057185e-01
1.971868772871727404e-01
2.005393676605799480e-01
1.966522548825555550e-01
2.016567306838450424e-01
1.975618732178029135e-01
1.946094666206651946e-01
1.969474423536159979e-01
2.008907440071981687e-01
1.964685724865023742e-01
2.003320624955656215e-01
1.966522548825555550e-01
2.001724392065277469e-01
1.981686761284153220e-01
2.010503672962360711e-01
1.972109363941881022e-01
2.005476517137103620e-01
1.973946156052919509e-01
1.999889702020778148e-01
1.950243190068405574e-01
1.974349975774718768e-01
2.006909457676849806e-01
1.994302886904452676e-01
1.977379149204843700e-01
2.026227544712026762e-01
2.000524526115334545e-01
2.005476517137103620e-01
1.979532971169244426e-01
1.994862514346027182e-01
1.954474267816026234e-01
2.000687818465967382e-01
1.966686478166047025e-01
2.023594706372843499e-01
2.002601718199568392e-01
2.022558069074546494e-01
1.985841272850591976e-01
1.988239061931404705e-01
1.993822437302485984e-01
1.968524671654778291e-01
1.957109080823775660e-01
2.018007891256518027e-01
1.948329799926692696e-01
1.995101003349641910e-01
1.989831855076538980e-01
2.032135466416818970e-01
1.937954286139231264e-01
1.980257897479510698e-01
1.975706190885818114e-01
2.039318514423522910e-01
1.988956822105744371e-01
2.006036144578677849e-01
1.963417095859685269e-01
1.979698301887429235e-01
1.945541058319255057e-01
1.973872965917995992e-01
2.005957603728929783e-01
1.997816459273676903e-01
1.978023528147302701e-01
2.014897883813148438e-01
1.985206576154006919e-01
1.940673054410538556e-01
1.974032945921355975e-01
2.004999507280381121e-01
1.966051781469462523e-01
2.001807041499623629e-01
1.950647232736655579e-01
1.994623993492919134e-01
1.954637814962602305e-01
2.006274633582293132e-01
1.950166464639759012e-01
1.990312304678506228e-01
1.975706190885818114e-01
1.975148092219908003e-01
1.957589912619658035e-01
1.979936790891044240e-01
1.971157892187876959e-01
2.021998473482464753e-01
1.957830280743359797e-01
1.971717137435535505e-01
1.940992632223340897e-01
2.021200357037275519e-01
1.984090920263565927e-01
1.986083233448943941e-01
1.954002736072101010e-01
1.969322788099967525e-01
1.974513522921293729e-01
1.978340558000665494e-01
1.980340578763349901e-01
1.965891801466102540e-01
1.957435410729095326e-01
2.033172103715116252e-01
1.979782671194397214e-01
1.985046596150646936e-01
1.937002049997394171e-01
2.003403274390002098e-01
1.950810270291343518e-01
1.981854130369889444e-01
1.989360068536669135e-01
2.008191973061138613e-01
1.992792711344169854e-01
2.044107213094659425e-01
2.015697911227917749e-01
2.002605157944812586e-01
1.963022225845420798e-01
1.986963808231521356e-01
1.991754417872237670e-01
1.983294077798097299e-01
1.975792088968450488e-01
1.989440329259039575e-01
1.991754417872237670e-01
2.017135692890601739e-01
1.989119859660432310e-01
1.996944037961309037e-01
1.955358728236749333e-01
1.982577941947900324e-01
1.971321057140536237e-01
2.017695065536231902e-01
1.987283386044322864e-01
2.002210192382069542e-01
1.950012153846154006e-01
2.000613959491690796e-01
1.970763181421077426e-01
1.989119541165501881e-01
1.960945543353074805e-01
1.976909146236582593e-01
1.972119173585725194e-01
1.982495961352908065e-01
1.928463009826041907e-01
1.981697844907718553e-01
1.973157530756645406e-01
1.988321424720312647e-01
1.956637294283906092e-01
1.996302589172206099e-01
1.944665547606065636e-01
1.941232554454140891e-01
1.939078732489740164e-01
1.970524214675067609e-01
1.969407157406935227e-01
2.000852639592262672e-01
1.975551880092213386e-01
1.999017726601311773e-01
1.971321057140535959e-01
2.014181939059909443e-01
1.992072084715459379e-01
2.001173363986814557e-01
2.002207325927699288e-01
1.967652473288862003e-01
1.980658181907586635e-01
1.961267541727346742e-01
1.942348592538497842e-01
1.990559106399793776e-01
1.942348592538497842e-01
1.965817496598923908e-01
1.972677017455693183e-01
1.974596777496006872e-01
1.961503387223042238e-01
1.965019380153734674e-01
1.965493969448988687e-01
1.993751572180551268e-01
1.963897736558609941e-01
1.989760989954604542e-01
1.972677017455693183e-01
2.001732736632445275e-01
1.952483801901243321e-01
1.980981709057521856e-01
1.972436713030977229e-01
2.009952644883897244e-01
1.958310921442285024e-01
1.962625030818166416e-01
1.980898454482808990e-01
1.982816685747459395e-01
1.953204619626911775e-01
1.978826103521512669e-01
1.956397085407669267e-01
2.013145110664655013e-01
1.943627222284639577e-01
1.959671308836967996e-01
1.954800852517290521e-01
2.004365829767571772e-01
1.957753077572317590e-01
2.000375247541625046e-01
1.956954961127127801e-01
1.986807267973406121e-01
1.988081502489512931e-01
1.978027987076323158e-01
2.012582839715160443e-01
1.970844939069618940e-01
1.965734242024210765e-01
1.997182781760867554e-01
1.974753763647024429e-01
1.986807267973406399e-01
1.985369486310722409e-01
1.972679883910063159e-01
1.992552534317426627e-01
1.984174174838279348e-01
1.964858635762542494e-01
2.024400530395340236e-01
1.956079354865459807e-01
1.982100358800304718e-01
1.950492539749134613e-01
1.974119194348410988e-01
1.988004012673034171e-01
1.987687173916630190e-01
1.973079945391687240e-01
1.992475872587766150e-01
1.973320058719444936e-01
1.979706009464737015e-01
1.960550195596415246e-01
2.006841968601174864e-01
2.001494215779337227e-01
1.985053985233024565e-01
1.962386509965058368e-01
1.986731625427520798e-01
1.956241628032316104e-01
1.965182481407408421e-01
1.969011491155345517e-01
1.969173063633355147e-01
1.955443511587126593e-01
1.964943514661398882e-01
1.984175703613943464e-01
1.954806967619946712e-01
1.951692947140458712e-01
1.975319028448860315e-01
1.985213837838411544e-01
1.964943514661398882e-01
1.955683529366405715e-01
1.971089447627411562e-01
1.983377587168753953e-01
1.996868172468972691e-01
1.958875995147162652e-01
1.938366673374647964e-01
1.962866577373109100e-01
1.986492658681510981e-01
1.986011954283600778e-01
1.999262521804540671e-01
1.970289611309599398e-01
1.960952932435452434e-01
1.977952535627396369e-01
2.008600920551311120e-01
1.963028213550105372e-01
1.972685680517790308e-01
1.954248932653022131e-01
1.964704516065896578e-01
1.991760405576921689e-01
1.952732769388056400e-01
1.995750987802868692e-01
1.944751604936162948e-01
1.986173590460596217e-01
1.965502632511086090e-01
1.959595857388041207e-01
1.967098865401464836e-01
1.939084720194424738e-01
1.940761022710216221e-01
1.967018795776052098e-01
1.992399561202527758e-01
1.984577357570217748e-01
1.979629698079498623e-01
1.967816912221241332e-01
1.978033465189119877e-01
1.994154754912489946e-01
1.967098865401464836e-01
1.982981124679838725e-01
1.982263077860062506e-01
1.965422562885673352e-01
2.001737896250311288e-01
1.945469651755939167e-01
1.995352964688796582e-01
1.952652699762643662e-01
1.977235348743930643e-01
1.951614692936147755e-01
1.985216513195824095e-01
1.942037295593875557e-01
1.980666844969683760e-01
1.964384556059177445e-01
1.993197677647717547e-01
1.969971371175502917e-01
1.976437232298741131e-01
1.961192090278419953e-01
2.002296918551519089e-01
1.979548768517775115e-01
1.973005704223494694e-01
1.964384556059177445e-01
1.982583101565767170e-01
1.955605275162094481e-01
1.968217005552358456e-01
1.970769487620692151e-01
1.996390143428474762e-01
1.967816912221241055e-01
1.962869252730521930e-01
1.975798076673134507e-01
1.995831057428281430e-01
1.998943453583625907e-01
1.996070056023783457e-01
1.975558186291828389e-01
1.965741631106588116e-01
1.995271175190762858e-01
1.972365529414112917e-01
1.975558186291828389e-01
1.977952344530438389e-01
1.974520147615839438e-01
2.014665701009148713e-01
1.980905079177354144e-01
1.961990015626650929e-01
1.965740866718756474e-01
1.962788132071840719e-01
1.950576654260158804e-01
1.985933508982331563e-01
1.970769487620692151e-01
1.975796930091387182e-01
1.979788658899081788e-01
1.975796930091387182e-01
1.933258014696792593e-01
1.974200697201008714e-01
1.980346884962964349e-01
1.962228950523168258e-01
1.991520515195615293e-01
1.992557375440363598e-01
1.964942750273567518e-01
1.984576210988469869e-01
1.959115981076948454e-01
1.974200697201008159e-01
1.970529565389892712e-01
1.951614501839189775e-01
1.977952535627396369e-01
1.947623919613242494e-01
1.956403391607283715e-01
1.948422036058432005e-01
1.939642946258307299e-01
1.978511494229617806e-01
1.977952535627396369e-01
1.954568000873937172e-01
1.973163836956260131e-01
1.950816385393999985e-01
1.955047049098211642e-01
1.972365529414112639e-01
1.967018795776052098e-01
1.960393782736272739e-01
1.976596193118324296e-01
1.965182481407408421e-01
1.933816208911182666e-01
1.956403200510325457e-01
1.933816208911182666e-01
1.971567412968923128e-01
1.937008674691940158e-01
1.950816385394000263e-01
1.972125798280271736e-01
1.940440871606538553e-01
1.951854583317454428e-01
1.977154228085248600e-01
1.970769487620691873e-01
1.974520912003671080e-01
1.942835412039064791e-01
1.978511494229617806e-01
1.914103220012247641e-01
1.969732213332534843e-01
1.983539350743721563e-01
2.009877002338011920e-01
1.978192426008703042e-01
1.987529741872710032e-01
1.968615028666430844e-01
1.953210734729567688e-01
1.977952535627396369e-01
1.975557995194869854e-01
1.956403391607283715e-01
1.966778714297787167e-01
1.964384556059177445e-01
1.973163645859301873e-01
1.984337467188911075e-01
1.966778714297787167e-01
1.977394309563513253e-01
1.975557995194870409e-01
1.974999960227945273e-01
1.989924091208278289e-01
1.973643585869380990e-01
1.955045902516463763e-01
1.967258654307866006e-01
1.964623299858736238e-01
1.978990542453891999e-01
1.970210114975061433e-01
2.006126501590329847e-01
1.999740423447067539e-01
1.973643585869380990e-01
1.945468505174191565e-01
1.982422866766463676e-01
1.961430834077979024e-01
1.995990846334682878e-01
1.969971180078544382e-01
1.966460537862676772e-01
1.977952344530438389e-01
1.964864304972298026e-01
1.975080029853358288e-01
1.991202147663546640e-01
1.990244242311955680e-01
1.939324578726238646e-01
2.011554355887072709e-01
1.940362521853748468e-01
2.014746821667830201e-01
1.969094713880565339e-01
1.987610862531392075e-01
1.983460809893973775e-01
1.974042882963173151e-01
1.936371939627802019e-01
1.981225930969877369e-01
1.960315432983482098e-01
1.965263602066090187e-01
1.959517316538292864e-01
1.967657951401658167e-01
1.955526734312346138e-01
1.997188259873664273e-01
1.959277489855972276e-01
1.989207095421770821e-01
1.965662421417486982e-01
1.977235348743930643e-01
1.940122695171427603e-01
1.990005211866960055e-01
1.956643281988590111e-01
1.990005211866960055e-01
1.931103555742530731e-01
1.998784492764043019e-01
1.978990542453891999e-01
1.977235348743930643e-01
1.972605610892377015e-01
1.989527055428490232e-01
1.967816912221241055e-01
1.980030301002504711e-01
1.963268072081919002e-01
1.986415232564019417e-01
1.962230097104915583e-01
1.982663840030532698e-01
1.974441702314569946e-01
1.980269490694964718e-01
1.988807798327978105e-01
1.970692093352692520e-01
1.961671839191540256e-01
1.986654422256479147e-01
1.942517044506995860e-01
1.956325997339283806e-01
1.999981428560629049e-01
1.966701511126745794e-01
1.974441702314569946e-01
1.966701511126745794e-01
1.989047625010298970e-01
1.957124113784473596e-01
1.991202147663546640e-01
1.953133531558526592e-01
1.977634168095327716e-01
1.982663840030532698e-01
1.960873722746351300e-01
1.945391524949600659e-01
1.998385195670250858e-01
1.948583990730358151e-01
1.964066188527108514e-01
1.971729367640849273e-01
1.941958754744127214e-01
1.998067210332097610e-01
1.939564405408558956e-01
1.978912415647553213e-01
1.981066460558405518e-01
1.990884162325393392e-01
1.984258926339162732e-01
1.962151970298576797e-01
1.947545569860452963e-01
1.937171202654739688e-01
1.982422866766463676e-01
1.993837470263183365e-01
1.940920811616617392e-01
1.971490209797881754e-01
1.944592898912523016e-01
1.974682675578639246e-01
1.943794782467333504e-01
1.987132706092921697e-01
1.953930501421967392e-01
1.999902569215951387e-01
1.973085296106511788e-01
1.987930822538111209e-01
1.944592898912523293e-01
1.973564726524702773e-01
1.977315673165286891e-01
1.975719949866796277e-01
1.964545810042256646e-01
2.015625772126263815e-01
1.966142042932635947e-01
2.000700685661140621e-01
1.950179714028848765e-01
1.996710103435193895e-01
1.965104131654618336e-01
1.980747774531406991e-01
1.948343686305641920e-01
1.978114299202364257e-01
1.997028789462192422e-01
1.978912415647553491e-01
2.005808070359275386e-01
1.962950086743766587e-01
1.977634168095327716e-01
1.952813698949779631e-01
1.973643585869380990e-01
1.979151541641028245e-01
1.968056770753055518e-01
1.975959075860270753e-01
1.958479373410783042e-01
1.975959075860270753e-01
1.970690946770944085e-01
1.975160959415081519e-01
1.953372179809605702e-01
1.967179794963188344e-01
1.958160878480742217e-01
1.975160959415081796e-01
1.970930741603771907e-01
1.982344007421786014e-01
1.964785573025591980e-01
1.990325171873679466e-01
1.979151669039000416e-01
1.955208048285347888e-01
1.994555612631439545e-01
1.979151541641028522e-01
1.972208352166137657e-01
1.964785445627620086e-01
1.989766913960303307e-01
1.982344007421786014e-01
1.965025304159433439e-01
1.982344007421786014e-01
1.942678043694131551e-01
1.980747774531406435e-01
1.953851673926782495e-01
1.965822656216790476e-01
1.969015886385380165e-01
1.991840475202334426e-01
1.953053557481593261e-01
1.995032940983092196e-01
1.977795167282463129e-01
1.991840475202334704e-01
1.970612119275758911e-01
1.961512050285139364e-01
1.956246023262350475e-01
1.932779858258322492e-01
1.980987633063220621e-01
1.979868728524494526e-01
1.969015886385380165e-01
1.965502632511086090e-01
1.973006468611326891e-01
1.978272495634115780e-01
1.990325299271651638e-01
1.987051776531198466e-01
1.975959203258243202e-01
1.983300192900754322e-01
1.938447730334343644e-01
1.967098865401464280e-01
1.951457324591214515e-01
1.968135980442156652e-01
1.964545810042257201e-01
1.956164233764316196e-01
1.953372179809605702e-01
1.970291331182222050e-01
1.991681769178695049e-01
1.980666844969683482e-01
1.989287419843127069e-01
1.963347281771020414e-01
1.966142042932635947e-01
1.951375535093180236e-01
1.950977830474037999e-01
1.962549165325831180e-01
1.942198549576955313e-01
1.988088891571890282e-01
1.974921323829718356e-01
1.977952344530438111e-01
1.970132625158582673e-01
1.981144810311195326e-01
1.936611734460629841e-01
1.985933508982331563e-01
1.965343926487446158e-01
1.994712789879414527e-01
1.978113789610475848e-01
2.008280769447633451e-01
1.966940159377825181e-01
1.993116556989035781e-01
1.990643857900677716e-01
1.973961762304491385e-01
1.975479645442080046e-01
1.973961762304491385e-01
1.955286907630025828e-01
1.971567412968923128e-01
1.948901976068510566e-01
1.971328446222913866e-01
1.949700092513700356e-01
1.952971767983558982e-01
1.944911393842564118e-01
1.957201316955515247e-01
1.956883140520404574e-01
1.955844018961653552e-01
1.961911665873860844e-01
1.979787512317334186e-01
1.994634440126624442e-01
2.018895218131612490e-01
1.993836323681434930e-01
1.994951724775931856e-01
1.967498480990186316e-01
1.979787512317334186e-01
1.977873994777648026e-01
1.981383745207712654e-01
1.982662693448783986e-01
1.964623299858735961e-01
1.964306015209429102e-01
1.979787512317333631e-01
1.989845741455488204e-01
1.961430834077978469e-01
1.978672111222836982e-01
1.979787512317333631e-01
1.990404031218357406e-01
1.976595046536576417e-01
1.966460537862676772e-01
1.963825183413546727e-01
1.977394309563513530e-01
1.997346074111499559e-01
1.972923914725460692e-01
1.977393162981765651e-01
1.969173254730313405e-01
1.996547957666310047e-01
1.983539350743721841e-01
1.948660970954949334e-01
1.958557818712052256e-01
1.982181861652901889e-01
1.964942750273567240e-01
1.979787512317333631e-01
1.961750284492809471e-01
1.998383093603711691e-01
1.941797373363075840e-01
1.983218881145114021e-01
1.966538983163945986e-01
2.017537888288256365e-01
1.980106962732164633e-01
1.957679154899054641e-01
1.975558186291828389e-01
1.947303641111593209e-01
1.973163836956260131e-01
1.982181861652902166e-01
1.975558186291828389e-01
1.981383745207712377e-01
1.974999960227945550e-01
1.974200697201008159e-01
1.966778905394745425e-01
1.974200697201008159e-01
1.963586439613987933e-01
2.003731005673014542e-01
1.968375138285124171e-01
1.967256552241327117e-01
1.981145001408153861e-01
1.971247134467273843e-01
1.968375138285124171e-01
1.925754497091481110e-01
1.958797740942851973e-01
1.956321793206207971e-01
1.989126165860047313e-01
1.965899190548480169e-01
1.997905446757130277e-01
1.969091656329237661e-01
1.989924282305236547e-01
1.983457752342645819e-01
1.964942750273567240e-01
1.987448334568592268e-01
1.963904679748084692e-01
1.964302957658101145e-01
1.986251940213386580e-01
1.980026415364356529e-01
1.975876426425924870e-01
1.962467853570191156e-01
1.997185584516251999e-01
1.977632066028788549e-01
1.950336700179866045e-01
1.948899874001971955e-01
1.974280193535546124e-01
1.986970560324037849e-01
1.963106563302895735e-01
1.988566793214416595e-01
1.959115981076949009e-01
1.964623299858735961e-01
1.944749885063540573e-01
1.943074155838623585e-01
1.951134816625055002e-01
1.962228950523167981e-01
1.962308446857705946e-01
1.947064738064570311e-01
1.968693378419220652e-01
1.964623299858736238e-01
1.954327282405812494e-01
1.971806347865440179e-01
1.948182304924591102e-01
1.955284805563486661e-01
1.943393606253454586e-01
1.960073504234622899e-01
1.961510330412516712e-01
1.948899874001971955e-01
1.985453823768197068e-01
1.992796278487386219e-01
1.976674542871114382e-01
1.981383745207712377e-01
1.968693378419220652e-01
1.974200697201008159e-01
1.960712213967327200e-01
1.977393162981765651e-01
1.981703195622543656e-01
1.993116556989036059e-01
1.985693777848490382e-01
1.961990015626651207e-01
1.984895661403301148e-01
1.974759878749680619e-01
1.980905079177354144e-01
1.999740423447067539e-01
1.972923914725460692e-01
1.969411998529872199e-01
1.941797373363076396e-01
1.975796930091386905e-01
1.941797373363076396e-01
1.970769296523733893e-01
1.964942750273567518e-01
1.964384364962218910e-01
1.983059474432629088e-01
1.969971180078544382e-01
1.950336700179865768e-01
1.951614501839188942e-01
1.974280193535546124e-01
1.958797549845893160e-01
1.949538583734676533e-01
1.959595666291082672e-01
1.962308446857705946e-01
1.980905843565185787e-01
1.963106563302895180e-01
1.952173651538369192e-01
1.968693378419220652e-01
1.976915261339239061e-01
1.950336700179866045e-01
1.947384952867232955e-01
1.947144234399108276e-01
1.968934096887345608e-01
1.976674542871114382e-01
1.964943514661398882e-01
1.953529165960622982e-01
1.960154815990262644e-01
1.947942350844297510e-01
1.977713377784428572e-01
1.946346117953919319e-01
1.976915261339239061e-01
1.931181905495321094e-01
1.964145398216209371e-01
1.919210158817481193e-01
1.975878146298547244e-01
1.942355535727972038e-01
1.959915817394760618e-01
1.942355535727972038e-01
1.980666844969683482e-01
1.931181905495321094e-01
1.975080029853358010e-01
1.963106563302895180e-01
1.963667369175711164e-01
1.956721631741380474e-01
1.972446650072794128e-01
1.965500912638463438e-01
1.983620280305445072e-01
1.968933332499514244e-01
1.990005211866959778e-01
1.995271175190762858e-01
2.026718568345670102e-01
1.964144633828378284e-01
1.982024047415066326e-01
1.960154051602431557e-01
1.981225930969876814e-01
1.966778905394745425e-01
1.969493214737032538e-01
1.964144633828378284e-01
1.982263077860062506e-01
1.939403024027508138e-01
1.979868728524494526e-01
1.954567236486105530e-01
1.968456067846847402e-01
1.944989839143833610e-01
1.991601444757338524e-01
1.964942750273566963e-01
1.970850417182415382e-01
1.961750284492809748e-01
1.970850417182415382e-01
1.972923914725460692e-01
1.984657427195630486e-01
1.985693777848490382e-01
1.970530329777724354e-01
1.978510729841785887e-01
2.000060638249730738e-01
1.964942750273567240e-01
2.001656871140108929e-01
1.960952168047620514e-01
1.979309610674807041e-01
1.964144633828377728e-01
1.983061194305251740e-01
1.955365352931295042e-01
1.970291331182222050e-01
1.946586072034212078e-01
1.962310166730328598e-01
1.955365352931295042e-01
1.998225406763849410e-01
1.954567236486105530e-01
1.980666844969683760e-01
1.950576654260158804e-01
1.993436708092713450e-01
1.967337099609135220e-01
2.014985852112825826e-01
1.964144633828377728e-01
1.986812746086202008e-01
1.964144633828377728e-01
1.978831581634308834e-01
1.977952535627396369e-01
1.972685680517790308e-01
1.973163836956259853e-01
1.975080029853358288e-01
1.969971371175502917e-01
1.970291331182222050e-01
1.956403391607283715e-01
1.940761022710216221e-01
1.969971371175502917e-01
1.968695098291843582e-01
1.962788323168798699e-01
1.987051776531198466e-01
1.969413145111620078e-01
1.980666844969683760e-01
1.955047049098211642e-01
1.984657427195630486e-01
1.976596193118324019e-01
1.981464961414872994e-01
1.962230097104915860e-01
1.946347837826541693e-01
1.961431980659726626e-01
2.006765657215935916e-01
1.968615028666430844e-01
1.979629698079498346e-01
1.953450816207832896e-01
1.982822163860255560e-01
1.957441398433779900e-01
1.999821639654228156e-01
1.955845165543401154e-01
1.990244242311955958e-01
1.967018795776052098e-01
1.978272495634115780e-01
1.967816912221241332e-01
1.979868728524494526e-01
1.972605610892377570e-01
1.977235348743930088e-01
1.931103555742531008e-01
2.006206571215743140e-01
1.970451120088623498e-01
1.984657427195630486e-01
1.960075606301161788e-01
1.999023523209038922e-01
1.980826633876084930e-01
1.952732769388056400e-01
1.968056770753055518e-01
1.978272495634115780e-01
1.950498208958889590e-01
1.953530885833245634e-01
1.986173590460596494e-01
1.979070612079305014e-01
1.977394309563513530e-01
1.993436708092713450e-01
1.976596193118324296e-01
1.986014629641013329e-01
1.998145337138436672e-01
1.974840999408362108e-01
1.969653003643433986e-01
1.994793910538096293e-01
1.960873722746351300e-01
1.982024047415066603e-01
1.953450816207832896e-01
1.979629698079498346e-01
1.964624446440483840e-01
1.958878670504574926e-01
1.974999960227945550e-01
1.958878670504574926e-01
1.969413145111620078e-01
2.009160006551504174e-01
1.970211261556809312e-01
1.962869252730521930e-01
1.961990206723609187e-01
1.971409471333115948e-01
1.987529932969668567e-01
1.984179334456145638e-01
1.960393973833230719e-01
2.000141663359932542e-01
1.977952535627396369e-01
1.965822656216790476e-01
1.986731816524479333e-01
1.978592519339820166e-01
1.978990542453892276e-01
1.972207587778305737e-01
1.959037631324158368e-01
1.985775567346524662e-01
1.945469651755939444e-01
1.978592519339820166e-01
1.956643281988590388e-01
1.949860327313003294e-01
1.978990542453892276e-01
1.984179334456145638e-01
1.962230097104915860e-01
1.978592519339820166e-01
1.981384891789460256e-01
1.992958615353228879e-01
1.972605610892377570e-01
1.973005704223494972e-01
1.957201508052472949e-01
2.012113410037772998e-01
1.976356302737017345e-01
1.996151081133985816e-01
1.972365720511070619e-01
1.979390635785009400e-01
1.953210925826525945e-01
1.980986868675388701e-01
1.955365352931295042e-01
1.963428306881222773e-01
1.986491894293679616e-01
1.969015121997548246e-01
1.971327681835081946e-01
1.949062210867814338e-01
1.964144633828377451e-01
1.970850417182415382e-01
1.968933332499513689e-01
2.013389619222447358e-01
1.952172887150537273e-01
1.976676262743737034e-01
1.960952168047619959e-01
1.976676262743737034e-01
1.979548768517775115e-01
1.959117700949571106e-01
1.957759702266863022e-01
1.962549165325830625e-01
1.983299428512922402e-01
1.976915261339239061e-01
1.931421859575614408e-01
2.004051220475677186e-01
1.949778537814969570e-01
2.003253104030487675e-01
1.961510330412516157e-01
1.998225406763849132e-01
1.959914097522137411e-01
1.979070612079305014e-01
1.948980421369780058e-01
1.967337863996967140e-01
1.965740866718756474e-01
1.974520912003671080e-01
1.980905079177354144e-01
1.979309610674807041e-01
1.996867408081141326e-01
1.966300748956275324e-01
1.974520147615839438e-01
1.973483796962979542e-01
1.938604907582318626e-01
1.991042358757144914e-01
1.956961585821673788e-01
1.983061194305251740e-01
1.975318264061028672e-01
1.946347837826541693e-01
1.977712613396596930e-01
1.974520912003671358e-01
1.976356302737017623e-01
1.953530885833245634e-01
1.969971371175502917e-01
1.974281913408169054e-01
1.957999624497662461e-01
1.955925235168813892e-01
1.942037295593875557e-01
1.952732769388056122e-01
1.938844829813118065e-01
1.958319584504381872e-01
1.952412809381336989e-01
1.955925235168813892e-01
1.963586439613987933e-01
1.968695098291843582e-01
1.947065884646318190e-01
1.991840475202334704e-01
1.942277185975181952e-01
1.978272495634115780e-01
1.955845165543401154e-01
1.979070612079305014e-01
1.975798076673134784e-01
1.995032940983091641e-01
1.952652699762643662e-01
1.988648009421577212e-01
1.951056466872264916e-01
1.975878146298547244e-01
1.941479069529992718e-01
1.981225930969876814e-01
1.927112973516584282e-01
1.988408978976581587e-01
1.952652699762643662e-01
1.993995794092906504e-01
1.977154419182207135e-01
1.988408978976581587e-01
1.962788323168798699e-01
1.993197677647717547e-01
1.985933700079289821e-01
1.974840999408362385e-01
1.977154419182207135e-01
1.974042882963173151e-01
1.949220343600579775e-01
1.982024047415066603e-01
1.960393973833230719e-01
1.997747314024365117e-01
1.961192090278419953e-01
1.993756731798418114e-01
1.977394309563513253e-01
1.965822656216790754e-01
1.966778905394745425e-01
1.990564266017660899e-01
1.970769487620692151e-01
2.004132245585879823e-01
1.949220343600579775e-01
1.998545430469554351e-01
1.981943117853343095e-01
2.000141663359933097e-01
1.998463640971520072e-01
1.995352964688796860e-01
1.978510729841786164e-01
2.011315293592584041e-01
1.962548400937999260e-01
2.008920944257016061e-01
1.948182304924590824e-01
1.995911986990004938e-01
1.957759702266863022e-01
1.979949658086218034e-01
1.935412441801561134e-01
2.032625343468714985e-01
1.956163469376484554e-01
2.005728478476258569e-01
1.972923914725460970e-01
1.978592519339820444e-01
1.967337099609135498e-01
1.991362382462850134e-01
1.968135216054325010e-01
1.985536473202542951e-01
1.959914097522138243e-01
1.971729367640849273e-01
1.972683960645167656e-01
1.939006593388085953e-01
1.969491494864409886e-01
1.954968922291872857e-01
1.948740467289486467e-01
1.980508648537932237e-01
1.969491494864409886e-01
1.948583990730358151e-01
1.965500912638462883e-01
1.974123716976417531e-01
2.001416152671984250e-01
1.954968922291872857e-01
1.999021803336416270e-01
1.982663840030532698e-01
1.964942750273567518e-01
1.969095860462313774e-01
1.963346517383188494e-01
1.961912812455609556e-01
1.929825626685235662e-01
1.977077024914207226e-01
1.981703195622543656e-01
1.957922230229662830e-01
1.959355935157242046e-01
1.986176011022064425e-01
1.957759702266863022e-01
1.974443485886179239e-01
1.964942750273567518e-01
1.954490574756445331e-01
1.963346517383188772e-01
1.936133896517090169e-01
1.944191722698644376e-01
1.943077722981839395e-01
1.985693777848490382e-01
1.978194846570170973e-01
1.966538983163946264e-01
1.984579778131685956e-01
1.941797373363075840e-01
1.966223099892330795e-01
1.952971003595727340e-01
1.972608031453845501e-01
1.985693777848490382e-01
1.994955291919147389e-01
1.978510729841786442e-01
1.987213349009208374e-01
1.935412441801561412e-01
1.968856670769853767e-01
1.951374770705348316e-01
1.960077389872770803e-01
1.959595857388041207e-01
1.968856670769853767e-01
1.968135216054324732e-01
1.962471739208338506e-01
1.984895661403301148e-01
1.956884924092013034e-01
1.988886243629247874e-01
1.948105643194930070e-01
1.972125798280271736e-01
1.973884559133449457e-01
1.971327681835081946e-01
1.980269490694964440e-01
1.977712613396596930e-01
1.980269490694964440e-01
1.952172887150537550e-01
2.004212984050645074e-01
1.959355935157241768e-01
1.998626168934319602e-01
1.980905079177353867e-01
2.019377196509242745e-01
1.944989839143833332e-01
1.999424285379508837e-01
1.949778537814969570e-01
1.993039353817993575e-01
1.949778537814969570e-01
1.972288326243070711e-01
1.966538983163945986e-01
1.972527484086038785e-01
1.941797373363075840e-01
1.989287929435015201e-01
1.960952168047620514e-01
1.953372689401494389e-01
1.970529565389892712e-01
1.976518066311985511e-01
1.977712613396596930e-01
1.974921833421606765e-01
1.960952168047620514e-01
1.954170805846683623e-01
1.948980421369780058e-01
1.975719949866796277e-01
1.959355935157241768e-01
1.954170805846683623e-01
1.944989839143833332e-01
1.988489812989825689e-01
1.977712613396597208e-01
1.983940240312163927e-01
1.948980421369780058e-01
1.989527055428489399e-01
1.971327681835081946e-01
2.007883733667844561e-01
1.979068892206682639e-01
2.023047946126442231e-01
1.975078309980735913e-01
1.995113870544815149e-01
1.977472659316303616e-01
1.974362842969892007e-01
