3.953405777839776314e-01
3.969127388275437429e-01
4.015020087132855631e-01
3.953245160846555750e-01
3.978465946269672537e-01
4.010709544900189494e-01
4.011109128639418486e-01
4.008074795591427542e-01
4.030423075240504582e-01
4.039201336953812671e-01
4.015417887300476441e-01
3.988920000906883145e-01
4.029863447798929799e-01
3.912541222141899255e-01
4.015497351785520808e-01
3.967611256859964741e-01
4.004244257067825496e-01
3.946619829311847627e-01
4.039520277776754709e-01
3.984929418680935864e-01
3.954121818141493883e-01
3.985727535126125654e-01
3.959069286535256693e-01
3.934808381132295363e-01
3.997378875904345485e-01
3.942709412259790547e-01
3.896895540897559185e-01
4.032098454120998099e-01
3.971918486745357746e-01
4.071286293259675504e-01
3.939275017730176076e-01
3.965216907524396484e-01
3.991950703112673304e-01
3.954043277291745540e-01
3.995143168893430241e-01
3.940795385128218475e-01
4.028346647544103765e-01
3.952447044401367071e-01
3.965216015738590727e-01
3.989798282525962581e-01
3.941431355804523307e-01
3.981019001628879894e-01
4.001131255772112927e-01
3.999215317670959946e-01
3.959708633257819632e-01
3.976069940760468824e-01
3.929538978063250587e-01
3.940154700726947734e-01
3.971120370300168512e-01
3.990195254606767050e-01
3.907910465106570475e-01
3.915890100782800642e-01
3.968487914154902318e-01
3.884763559420416068e-01
3.907032947875322404e-01
3.968646110586653286e-01
3.973276612826037724e-01
3.972797246106833935e-01
3.924591509669487777e-01
3.968168973331959726e-01
4.003605037743234174e-01
3.977585944777969895e-01
3.952525585251114859e-01
4.024594554321770934e-01
3.955638618396319361e-01
3.975031042148169380e-01
3.985967043313514702e-01
3.970242343477032310e-01
3.937440773578576581e-01
3.963059295470329202e-01
4.009271253645618205e-01
3.907828580060058177e-01
3.973514719635736769e-01
3.880772977194468232e-01
3.965374849160203663e-01
3.951805340816320622e-01
4.025154181763345718e-01
3.895058716937027654e-01
3.965934667698736704e-01
3.926902986624259406e-01
3.976230685151661004e-01
3.964414459548159519e-01
3.957155386801654018e-01
3.950048363534751084e-01
3.954840501951129572e-01
3.918760950383201602e-01
3.946779873014192308e-01
3.949008891631576312e-01
3.942789290788245582e-01
3.973113320475407662e-01
3.954919934586683117e-01
3.919478583159570206e-01
3.965374849160203663e-01
3.929934580615852546e-01
4.005201270633612642e-01
3.949807008076765547e-01
3.915014112327215856e-01
3.912215019634551760e-01
3.978224081219801089e-01
3.934562280099852538e-01
3.961384266934256937e-01
3.950444061635833282e-01
3.947974993389677389e-01
3.928894917615720628e-01
4.012622425450015351e-01
3.914528821602311637e-01
3.951965575615624116e-01
3.956828993197347155e-01
3.991073281429903252e-01
3.920196184086445212e-01
4.012701730687596169e-01
3.925863514721084635e-01
3.940871250620553989e-01
3.949726492558451318e-01
4.024673477365436347e-01
3.960980638309416491e-01
3.943984411163731219e-01
3.967285054352617246e-01
3.920839034253238986e-01
3.884200396685116852e-01
3.949650531517637231e-01
3.991148000340490887e-01
3.904157894141843665e-01
3.960021458978106312e-01
3.908069171130209574e-01
3.923227523282094009e-01
3.968805326202181627e-01
3.944220192960439797e-01
3.964814743976234901e-01
3.931369814319096156e-01
3.939512742345957497e-01
3.928016221953230525e-01
3.933925927229631192e-01
3.890585328246631835e-01
4.018447060730602205e-01
3.898566492698525288e-01
4.028901784207164494e-01
3.888190978911063578e-01
3.962097440781604529e-01
3.997613479269811476e-01
3.959782173737165234e-01
3.965688821462237668e-01
3.966167105298680218e-01
3.931450329837409829e-01
3.967605141757308829e-01
3.938794313332265040e-01
3.958106858555657803e-01
3.952362292900484242e-01
3.923068817258454910e-01
3.942784895558211766e-01
3.954116276329711077e-01
3.941349470758009899e-01
3.993303064435118066e-01
3.891068134711080928e-01
3.920034420511477324e-01
3.951724984545471608e-01
3.940864434829051688e-01
4.008471608424765131e-01
3.888267704339710695e-01
3.896735306098255691e-01
3.976858629755728458e-01
3.912697635002042595e-01
3.980208909774320958e-01
3.920678799453936048e-01
3.994732692627592230e-01
4.002643628947414323e-01
3.937829846985114179e-01
3.906950075494526886e-01
3.960098184406752320e-01
3.933207498215939846e-01
3.937829846985114179e-01
3.936399963996697893e-01
3.905185963926522397e-01
3.949887491745586177e-01
3.937908738179285995e-01
3.924984882757580618e-01
3.958817452594071140e-01
3.934642795618167876e-01
3.924498445450929074e-01
3.987318481000665105e-01
3.962009918374828632e-01
3.992824780598675516e-01
3.900476124600064098e-01
3.936239028508546345e-01
3.910930465882709872e-01
3.960900122791101707e-01
3.967596733491154382e-01
3.901839505847089495e-01
3.900554952095248717e-01
3.914528821602312747e-01
3.958738625098887631e-01
3.937593619295502445e-01
3.994575005787729394e-01
3.968720160657887575e-01
3.936391364633584633e-01
3.901597768195189109e-01
3.996969355123298207e-01
3.978297558000160605e-01
3.910772779042847591e-01
3.932885499841667354e-01
3.929927573727393098e-01
3.919156329989355037e-01
4.046452574725037943e-01
3.920671919963446550e-01
3.896327791835267895e-01
3.993139135094626035e-01
3.913009314140580286e-01
3.914125607020880193e-01
3.937750923941450432e-01
3.914367631318218521e-01
3.950599710108143592e-01
3.919873803518257316e-01
3.896248868791604703e-01
3.858176717392860500e-01
3.952117019954858868e-01
3.941978944137742302e-01
3.900958612569583317e-01
3.903669354768653510e-01
3.918280118587318950e-01
3.942696290268674630e-01
3.980612251753724573e-01
3.896486306761949292e-01
3.955072525507666303e-01
3.992341018649437356e-01
3.925542217035660197e-01
3.909256169884978704e-01
3.982129434202467122e-01
3.925218498788765054e-01
3.983646584801717183e-01
3.917398779416910171e-01
3.994820215034367572e-01
3.909578932647082561e-01
3.967842388630695161e-01
3.927854967970150768e-01
3.921630653401855793e-01
3.918277570627878847e-01
3.939908313049067523e-01
3.907982699756704092e-01
3.956668758398044217e-01
3.990430431263107258e-01
3.921630653401855238e-01
3.928975464983527344e-01
3.975823553082588613e-01
3.925702451834962581e-01
3.939750180316302086e-01
3.922429406836904775e-01
3.958106858555657248e-01
3.959142763315615099e-01
3.946135111877817070e-01
3.936795502850313211e-01
3.957229627969847119e-01
3.955071570022876681e-01
3.970078605233497426e-01
3.925702451834963136e-01
3.926980317193272119e-01
3.916286117378812714e-01
3.923068817258454355e-01
3.850122936096918025e-01
4.059388532954084639e-01
3.866085265000704374e-01
3.991706831544739598e-01
3.910699302262486965e-01
3.952678176172097491e-01
3.903435738737467964e-01
3.914210454070242706e-01
3.919317520273448152e-01
3.972472954569065684e-01
3.922590533422012360e-01
3.929295552388220036e-01
3.903596737924603932e-01
3.921314387936326584e-01
3.922033867983288902e-01
3.913333223484432577e-01
3.919002210292709121e-01
3.946135111877817625e-01
3.934166422751305681e-01
3.946854114182385409e-01
3.963455471313805933e-01
3.919639009055832513e-01
3.893221224137142777e-01
3.897212570750921978e-01
3.953878073971534013e-01
3.935522160120010216e-01
3.912376018821687729e-01
3.917963598325844288e-01
3.908385436595739892e-01
3.948292023243039628e-01
3.903677189743933740e-01
3.944380618856702103e-01
3.892262108504817575e-01
3.900325826842578891e-01
3.950685608190775966e-01
4.010465896278708753e-01
3.961061121978237121e-01
3.951246764408016254e-01
4.023394656522336632e-01
3.973752539799997874e-01
3.959706148997365061e-01
3.971358190464430171e-01
3.865448020344680047e-01
3.956114736467238879e-01
3.909264004860258934e-01
3.916208914207771064e-01
3.911658354195827192e-01
3.937039183321289215e-01
3.868560066155601884e-01
3.933048601095341379e-01
3.844696992769756627e-01
3.909823982646255525e-01
3.945259664863615123e-01
3.968884599590267737e-01
4.020202190741579140e-01
3.956114736467238879e-01
3.979498252036922090e-01
3.921716455936009593e-01
4.009028560508928196e-01
3.961701551583563519e-01
3.904475306189122974e-01
3.875663426730809324e-01
3.922992792518654737e-01
3.949888256133419207e-01
3.901363260378200581e-01
3.919401379988528555e-01
3.977184322671189487e-01
3.937039183321289215e-01
3.944300676629260982e-01
3.964254352146827642e-01
3.918841402202531410e-01
3.916446543275073910e-01
3.898808039253467972e-01
4.000169592180347622e-01
3.930015032435182354e-01
3.913174899654708327e-01
3.969122738249459825e-01
3.922910620826705053e-01
3.944541936538767390e-01
3.986040934137285441e-01
3.920678799453936048e-01
4.000486112441822284e-01
3.957392155932646371e-01
4.011501546242723371e-01
3.904636114279299575e-01
3.948450347072764433e-01
3.949410991480752919e-01
3.898967127471024696e-01
3.919082566563557579e-01
3.913254077494317529e-01
3.870477787828364158e-01
3.982690208225791451e-01
3.957472480354002897e-01
3.957150481979732071e-01
3.918284450118367790e-01
3.948212813553939049e-01
3.941349470758009899e-01
3.933846717540530613e-01
3.933448662576965460e-01
3.976945005580755921e-01
3.971758251946054807e-01
3.947335455570155083e-01
3.963696731223311787e-01
3.928978777330800476e-01
3.901363260378200026e-01
3.945739222679777169e-01
3.916768541649345847e-01
3.918682505081934053e-01
3.912140396272443255e-01
3.933767476001936991e-01
3.897774300259034819e-01
3.951326037796102919e-01
3.949651869196341702e-01
3.984846928494055751e-01
3.932173536275054282e-01
3.939116375405521953e-01
3.855474128663998745e-01
3.964656101651581332e-01
3.939994211131699897e-01
4.050852677732032503e-01
3.948773492028782028e-01
3.956674937199687880e-01
3.911422508700130862e-01
3.941431355804523307e-01
3.960107611856681364e-01
3.954280587864119623e-01
3.898572416704223498e-01
3.975750362947665928e-01
3.936244315524385917e-01
3.982933410954369591e-01
3.861221369676586801e-01
3.923074677565168145e-01
3.948296227376116296e-01
3.927783975450245824e-01
3.914775336678163464e-01
3.983890233423197924e-01
3.945023596421468604e-01
3.905674821794641316e-01
3.892428076212861576e-01
3.899210553146055247e-01
3.928343316246383221e-01
3.852919799325071892e-01
3.966733038939869727e-01
3.973276612826038279e-01
3.888437493986914850e-01
3.961542972957896036e-01
3.841348623720743927e-01
3.879976389524942282e-01
3.907512123497569045e-01
3.904638598539753591e-01
3.903601706445513075e-01
3.907032947875322404e-01
3.982535069345368162e-01
3.946220054475659267e-01
3.917089520839841521e-01
3.996501390522588792e-01
3.943347166507705781e-01
3.958989917598689234e-01
3.960187808880065718e-01
3.956436734841508596e-01
3.894024309103240045e-01
3.948376105904570221e-01
3.955559408707219338e-01
4.010788085749937282e-01
3.953245160846555750e-01
3.939676289492531902e-01
3.962902627814241519e-01
3.928423194774837146e-01
3.991714857616977530e-01
3.904559165904200602e-01
3.885485332630874145e-01
3.883728673844232815e-01
3.990038586950679367e-01
3.948455570389615144e-01
3.934968552232614436e-01
3.993229523955771354e-01
3.954123346917158832e-01
3.932413777000783872e-01
3.965377014925728916e-01
3.968329017034304962e-01
3.978784887092614575e-01
3.957155386801652908e-01
3.924593038445152726e-01
3.958751619692032486e-01
3.922198689109584469e-01
3.926906426369502490e-01
3.876786089509710598e-01
3.936483823711775520e-01
3.896658962863525089e-01
3.982774577532757210e-01
3.961306394923863050e-01
3.889474386081155921e-01
3.944625987350805496e-01
4.003525605107680074e-01
3.956677739955071771e-01
4.010708653114384292e-01
4.018132706234651130e-01
3.937202475671919832e-01
3.943907876832041248e-01
3.904479701419155679e-01
3.977428767529994635e-01
3.934010009891161785e-01
3.952607151802698393e-01
3.903681584973967000e-01
3.993391096433781540e-01
3.894104187631693970e-01
3.961386432699782190e-01
3.944464988163667307e-01
3.990038586950680477e-01
4.012384318640316860e-01
3.924512968819739434e-01
3.965295448374144271e-01
3.992432936286247624e-01
3.984450243058688668e-01
3.934968552232614436e-01
3.958831084177076298e-01
3.869523003727087240e-01
3.961304866148197545e-01
3.910226942431744290e-01
3.926108309924313255e-01
3.922118619484171731e-01
3.884606254774466971e-01
3.949174477145703799e-01
3.949253686834804378e-01
3.989000166080773346e-01
3.942948187908842383e-01
3.943587662029379159e-01
3.981257777277931176e-01
3.928343316246381556e-01
3.894263084752291881e-01
3.933132014917518626e-01
3.988361392649083514e-01
3.854198620168171052e-01
3.931695125040639005e-01
3.969925504720627774e-01
3.928502659259882068e-01
3.937202730467864176e-01
3.922197160333920074e-01
3.920201789597214104e-01
3.947018170920848501e-01
3.934567885610622540e-01
3.983731527399558825e-01
3.943266937634827829e-01
3.950929352360736391e-01
3.995942623017325057e-01
3.960586150489067148e-01
3.957552772925864715e-01
3.922117727698367085e-01
3.983970876339484324e-01
3.962821666403024135e-01
3.954360307145107778e-01
3.917329029027230014e-01
3.910544163382064231e-01
3.925389626114677566e-01
3.961623615874182436e-01
3.951648036170372635e-01
3.879337361297309772e-01
3.959708633257819632e-01
3.898492155981853058e-01
3.971680379935659810e-01
3.885722292858823645e-01
3.971600947300106266e-01
3.882529827078066154e-01
3.962901099038577124e-01
3.905755464710928271e-01
3.944544420799221962e-01
3.927224348008669930e-01
3.900008669591243926e-01
3.993548273681756799e-01
3.904797368262379886e-01
3.970322636048895237e-01
3.943186294718540874e-01
3.930416813789427422e-01
3.923154046501735048e-01
3.868083438492795345e-01
3.983810896336126839e-01
3.914374192313777590e-01
3.969444800322718403e-01
3.908707052776095869e-01
3.974233498993853808e-01
3.876064602944688797e-01
3.945501306967036936e-01
3.955876247463623319e-01
3.936801363157026445e-01
3.959068713244380811e-01
3.975190257763697166e-01
3.915890100782800087e-01
3.925627732924376057e-01
3.951885665237677148e-01
3.937599479602215680e-01
3.939994211131700452e-01
3.985486466313576948e-01
3.975989711887591427e-01
3.971278948925835994e-01
3.965614198100129717e-01
3.873908742612734990e-01
3.944863170525206297e-01
3.867523811051220561e-01
3.931295190956987651e-01
3.972795908428128908e-01
3.944943399398083694e-01
3.945580644054109687e-01
3.910463902659693791e-01
3.931135210953629056e-01
3.937599861796131639e-01
3.985486466313576948e-01
3.920041300001965712e-01
4.049335781928725675e-01
3.955318913185545404e-01
3.954439230188773746e-01
3.949732098069220210e-01
3.956035463079152770e-01
3.888277131789639740e-01
4.057316946380618572e-01
4.011904951921111406e-01
3.983969538660779852e-01
4.019966345245883366e-01
3.944861832846501826e-01
4.015895534147058688e-01
3.927303271052335898e-01
3.960745238706622762e-01
3.950686372578607886e-01
3.935285773182934377e-01
4.017728153974514105e-01
3.941670704744449361e-01
3.949010929999128283e-01
3.927224348008669930e-01
3.952203395779886885e-01
3.916130978498389981e-01
3.973752539799998429e-01
3.951248102086721281e-01
4.013658362059466800e-01
3.911342279827253465e-01
3.940310858791146176e-01
3.951885665237677148e-01
3.877259659621187238e-01
3.981335649288326728e-01
3.910061611713560037e-01
3.956594039487457137e-01
3.941188153075945722e-01
3.957311799661797358e-01
4.004160174406294903e-01
3.935923336333890243e-01
3.961939180650868031e-01
3.990275547178628868e-01
3.898089865035719859e-01
3.947895083011730422e-01
3.970797607538066876e-01
3.987881197843060610e-01
3.936478600394924809e-01
3.870477787828362493e-01
3.953239045743900948e-01
3.891228815403286467e-01
3.941267299066060770e-01
3.959786505268214629e-01
3.958825860860226697e-01
3.909424812950436090e-01
3.990031516363231057e-01
3.962818226657781051e-01
4.007590078157396984e-01
3.929136464170663867e-01
4.010063509784093649e-01
3.954595706747901507e-01
3.933523381487552539e-01
3.968881287242995715e-01
3.924665050148832823e-01
3.924347765499527907e-01
3.950283826836528678e-01
3.890746391132753335e-01
3.974306338784352466e-01
3.875501663155840881e-01
3.982366489978897417e-01
3.905830088073036221e-01
3.968719523668027271e-01
3.905910603591350450e-01
3.971192859746247028e-01
3.911336355821554700e-01
4.024666661573933490e-01
3.910618786744172182e-01
4.015887380676850804e-01
3.940947211661367522e-01
3.920113407254128268e-01
3.866561255673650055e-01
3.961054115089777117e-01
3.937754745880610030e-01
3.888425518577545703e-01
3.950524609003640553e-01
3.929927573727392542e-01
3.879492245381787607e-01
3.951555577092182858e-01
3.916205601860497931e-01
3.912369011933226615e-01
3.984843616146782064e-01
3.981007026219510747e-01
3.909103069372108497e-01
3.929927573727392542e-01
3.919639518647720644e-01
4.043102294706444333e-01
3.908385436595739892e-01
3.988830376433569191e-01
3.921235751538100223e-01
4.030411354627078113e-01
3.926104870179070727e-01
4.022509081369357031e-01
3.925145881944716586e-01
3.994575005787729949e-01
3.958747224461998115e-01
4.003433146029490297e-01
3.985085067153246730e-01
3.942776296195099617e-01
3.932489801740585711e-01
3.943495553295610634e-01
3.902241764943731872e-01
3.976297186893052449e-01
3.946936285874335648e-01
3.993057632242029698e-01
3.895776445261875387e-01
3.905343650766384678e-01
3.952442712870319341e-01
3.930804549517259439e-01
3.916527472836798252e-01
3.922902212560551161e-01
3.928499219514638430e-01
3.947643822361420196e-01
3.954119333881039866e-01
3.899678008154875419e-01
3.920518055062744978e-01
3.996969355123298207e-01
3.918123705727177275e-01
3.935514388843717737e-01
3.976305786256164598e-01
3.977814560438753255e-01
3.919559066828390836e-01
3.925138875056256027e-01
3.933046562727788853e-01
3.910772779042847591e-01
3.926902986624259961e-01
3.928331340837013519e-01
3.941986779113023642e-01
3.879567346486291202e-01
3.932409381770751167e-01
3.897125908280457129e-01
4.019484494266224450e-01
3.965842813760913077e-01
3.914213511621572050e-01
3.984199492000268239e-01
3.917405977402329542e-01
3.984041677762432676e-01
3.988357952903840431e-01
4.011975753344060314e-01
3.980537532843137494e-01
3.957782758114847810e-01
3.944541936538767390e-01
3.964088766632699046e-01
3.924589025409033760e-01
3.964088766632699601e-01
3.990832690359750190e-01
3.946530204838533118e-01
3.903757609713768839e-01
4.009423462372684877e-01
3.909344424830094034e-01
3.913570470357819464e-01
3.952442712870319896e-01
3.870393131875957682e-01
3.935682267521342648e-01
3.961299324336415295e-01
3.941108210848503490e-01
3.911017988289485769e-01
3.944300676629260982e-01
3.954195358620840040e-01
3.945816425850818820e-01
3.920674467922887207e-01
3.922751532609148883e-01
3.926901203052652334e-01
3.919559066828390836e-01
3.975586306209202836e-01
3.981094484927301669e-01
3.959544831315299773e-01
4.007432327618549728e-01
3.958825860860226697e-01
3.971597507554863737e-01
3.962816443086173424e-01
3.928579607634980486e-01
3.918121922155569647e-01
3.874146881271927634e-01
3.989952402222610717e-01
3.937358888532063173e-01
3.972393840428445899e-01
3.923153473210860831e-01
4.012220516697797001e-01
3.970242343477032310e-01
4.048933873176507325e-01
3.934407396015373592e-01
4.003441235800714870e-01
3.969363902610486550e-01
3.914929456374812156e-01
3.951805340816320622e-01
3.979576888435149562e-01
3.933609279570184913e-01
3.915648426829885786e-01
3.953642451422289539e-01
3.965131646431625523e-01
3.953642451422289539e-01
3.950765550418217087e-01
4.013501184811490985e-01
3.974709043773896888e-01
4.003923787469218509e-01
3.965210792421741681e-01
3.929538404772375260e-01
3.915648426829884676e-01
3.920759123875292573e-01
3.923629591281779239e-01
3.971838576367411333e-01
3.903755826142161212e-01
3.938237361248101975e-01
3.926663669533827505e-01
3.938317685669458501e-01
3.929137228558495787e-01
3.956754656480675481e-01
3.948133572015345427e-01
3.923951589656050065e-01
3.937758058227883717e-01
3.950289432347298124e-01
3.897054119523226667e-01
3.954280014573244850e-01
3.996099800265300872e-01
3.999692327527681890e-01
3.964095900919131776e-01
3.937439244802912741e-01
3.951246764408015699e-01
3.999611971256832876e-01
3.955158041396382163e-01
4.008471608424765131e-01
3.954359924951192928e-01
3.931054313241397757e-01
3.989477048539523674e-01
3.898411863409990130e-01
3.965454218096770567e-01
3.909585493642641074e-01
3.905516115771002217e-01
3.931054313241397757e-01
3.920680328229599332e-01
4.005198786373158071e-01
3.972557897166907881e-01
3.969283546339637536e-01
3.969286030600090998e-01
3.925387141854222994e-01
3.949333119470357367e-01
3.978780555561567400e-01
3.932731443844008079e-01
3.966808808883727777e-01
3.987722109625504996e-01
3.938076616856910905e-01
3.941431355804523307e-01
3.907748191939715565e-01
3.917408461662783559e-01
4.048136266323206778e-01
3.941510724741090765e-01
3.938874733302101250e-01
3.959867402980445927e-01
4.010705213369142874e-01
3.918365347830599088e-01
3.980376788451946424e-01
3.961463635870823841e-01
3.971597507554863737e-01
3.961463635870823841e-01
3.966010692438538543e-01
3.950131235915547157e-01
3.950048363534751084e-01
3.909506697996948943e-01
4.070563946758343765e-01
3.968646683877529169e-01
4.015493912040278279e-01
3.993308924741831301e-01
3.943743820093578156e-01
4.046782726569517763e-01
4.036325327735543200e-01
3.920680328229599887e-01
3.954917450326229100e-01
3.993388293678398204e-01
3.991630806804939424e-01
3.975829731884232277e-01
3.949330635209903351e-01
3.976627848329421511e-01
3.947654014199183381e-01
3.896018087365297755e-01
3.961141573797566928e-01
4.026909184376351036e-01
3.950685608190775966e-01
3.946299423412227281e-01
3.998492111233315494e-01
3.936722026069954805e-01
3.929854096947030806e-01
3.985486466313577503e-01
3.907506836481729473e-01
3.968726020964601364e-01
3.973911436920596896e-01
3.995861980101038657e-01
3.955554758681241734e-01
4.013420541895204030e-01
4.019404074296389906e-01
3.997458212991417126e-01
3.902080956853554161e-01
4.002246911662554196e-01
3.950766060010105774e-01
4.011903614242407490e-01
3.986681300043626308e-01
3.961701551583564629e-01
3.897292258182418756e-01
3.938556174673072396e-01
3.893301675956472030e-01
3.971199675537749330e-01
3.930015032435182354e-01
4.014218658340393264e-01
3.887795280809981935e-01
4.015814891230772288e-01
3.909344424830094034e-01
3.973514719635736769e-01
3.890987746590738872e-01
3.972795908428128353e-01
3.953321217435850632e-01
4.007913032016459653e-01
3.942147587203199688e-01
3.964814743976234901e-01
3.944461548418426444e-01
3.995063863655848868e-01
3.978780555561567955e-01
3.988678932094334439e-01
4.035527211290353966e-01
3.956035463079152770e-01
3.934964539196495470e-01
3.955956157841570842e-01
3.943743820093578156e-01
3.920759697166167901e-01
3.929297335959828219e-01
3.945659949291690505e-01
3.954837062205886489e-01
3.940073134175365310e-01
3.922912404398313235e-01
3.945739222679777169e-01
3.935601847551507548e-01
3.936082551949418584e-01
3.966728388913892678e-01
3.988678932094334439e-01
3.973113320475407662e-01
3.952763692060813350e-01
3.971517087585028083e-01
3.930337094508439266e-01
3.984367370677893150e-01
3.963857985206392098e-01
3.986761720013460852e-01
4.009271253645618205e-01
3.973193740445242206e-01
4.019646767433079915e-01
3.943663431973235545e-01
4.037924044886376240e-01
4.010463857911156227e-01
4.049177075905086021e-01
3.988914713891043573e-01
4.060430075074303868e-01
3.927459747611463659e-01
4.030180987244181279e-01
3.910699302262486965e-01
3.919480621527122732e-01
3.991309063226611831e-01
3.943424114882803089e-01
4.021637488143807171e-01
3.962578909567347485e-01
3.943502560184071748e-01
3.999213024507463077e-01
4.031375820974230084e-01
3.984128053587460139e-01
3.867761949710412650e-01
3.997696033155679340e-01
4.023233721034186194e-01
3.977743122025945155e-01
3.957070539752291505e-01
3.978620448160235523e-01
3.993783896231001274e-01
3.940871250620555100e-01
3.952201357412333249e-01
3.949010929999128283e-01
3.996178245566569531e-01
4.034409389634389109e-01
3.982610265998350330e-01
3.981733704251891881e-01
4.028820536150511389e-01
3.963456235701637298e-01
4.005675159240020267e-01
4.010545105967809332e-01
4.017646905917860445e-01
3.975507160219087233e-01
4.014534923805924138e-01
4.072798188692578480e-01
3.958666772642669973e-01
4.033690482878300454e-01
4.003361293573273194e-01
4.056994183618516936e-01
4.014695795595089045e-01
3.969999491092877641e-01
4.004320281807627335e-01
3.962018326640984189e-01
3.961939690242756718e-01
3.938793803740376909e-01
3.958747224461999781e-01
4.028341105732320959e-01
3.987479416488815542e-01
3.986918132873603082e-01
3.948532518764714117e-01
3.960580290182354468e-01
3.962818226657781051e-01
3.998091763106254026e-01
3.933287918185774945e-01
3.958185940846786766e-01
3.926822566654424862e-01
3.978138851976520396e-01
3.912617278731193582e-01
3.993303064435118066e-01
3.955715566771418334e-01
3.969359571079437710e-01
3.974950717726812299e-01
3.917561052583765635e-01
3.949330635209903351e-01
3.987795299760428791e-01
3.977264710791530988e-01
4.004555745109404929e-01
4.018686377821035771e-01
4.011019695263063345e-01
4.013099562704710022e-01
3.947968496093104962e-01
3.986204672380819769e-01
3.984681852571814731e-01
3.915970425204156613e-01
4.017325608232434897e-01
3.971918868939273706e-01
4.021316190458381623e-01
3.992589603942334198e-01
3.996574580657511477e-01
3.907110819885716291e-01
4.003678578222579776e-01
3.924749706101239299e-01
3.998889879551443816e-01
3.955876247463624429e-01
3.901519673238342256e-01
3.950209107925942154e-01
3.979814135308535339e-01
3.947895083011730422e-01
4.009423462372684877e-01
3.927144055436808112e-01
3.917640071175909067e-01
3.952683781682866937e-01
3.928813701408560011e-01
3.978062827236720778e-01
3.971753920415005412e-01
3.980457176572288480e-01
3.967842388630695161e-01
3.964575203939351145e-01
3.955791591511218508e-01
3.927861847460640821e-01
3.987716249318792872e-01
3.873589929187764014e-01
3.998091763106254026e-01
3.918364774539724316e-01
3.950283826836529233e-01
3.979819740819304230e-01
3.932646214600727386e-01
3.987800905271198237e-01
3.974867303904633387e-01
4.065218200454565611e-01
3.981093975335412427e-01
4.031697309756612779e-01
3.990750518667800506e-01
3.963139588042190464e-01
3.989154285777422038e-01
3.975111334720031198e-01
3.955633395079469206e-01
3.974313218274841408e-01
3.958106858555657248e-01
3.959149005816244293e-01
3.983646584801716628e-01
3.992669896514197125e-01
3.914289536361372224e-01
3.937599861796131639e-01
3.949485710391339999e-01
3.956594039487457137e-01
3.962018326640983079e-01
3.956674363908814218e-01
4.046618669831054671e-01
3.951885665237678258e-01
4.048214902721433694e-01
4.006955699955743744e-01
4.045022436940676203e-01
3.926345938991618323e-01
4.033848806708025259e-01
4.020603972095824208e-01
4.056196067173327147e-01
4.033373835218854175e-01
3.969280488788308747e-01
3.917486333673178556e-01
4.041110968855350372e-01
4.030818868890067019e-01
4.007590078157396984e-01
3.989316813740220180e-01
3.950923810548953585e-01
4.016452772876659139e-01
3.979656002575769902e-01
3.979021624374115551e-01
3.982129434202467122e-01
3.982931882178706307e-01
3.978059769685390878e-01
4.005279142644007639e-01
3.998012680815125619e-01
4.011583717934673610e-01
4.034726037293834833e-01
3.975748834172001533e-01
4.005993845267018516e-01
3.967767669720108636e-01
4.007590078157396984e-01
3.996258697385898784e-01
4.021956174170805975e-01
3.961141573797566928e-01
4.008388194602587329e-01
3.942704443738881959e-01
3.933365248754787658e-01
3.968163686316120708e-01
3.970078605233497426e-01
3.993783896231001274e-01
3.962097440781604529e-01
3.911577902376497939e-01
3.967684255897930279e-01
3.967365569870931474e-01
3.983725667092846146e-01
4.006473275685209501e-01
4.036401352475343374e-01
3.979337316548770542e-01
4.021316190458381623e-01
3.997613479269812586e-01
4.058827663382281181e-01
4.032650055490336616e-01
4.008546327335352211e-01
3.971114509993455277e-01
3.976621669527777847e-01
3.945574783747395897e-01
4.050048382485198495e-01
4.034883214541811203e-01
3.988593416205618025e-01
3.920833173946526862e-01
3.978217902418156315e-01
3.937513008228710198e-01
4.040470985142926574e-01
3.947888522016171353e-01
3.995776464212322243e-01
3.941422947538369970e-01
4.037278519362168527e-01
3.967841433145906094e-01
4.044461567368872745e-01
3.947171016637775476e-01
3.977261653240201644e-01
3.962335229096373146e-01
4.009186311047776563e-01
4.023709584309160259e-01
4.023631489352313406e-01
4.001362323843858371e-01
4.026104889129517583e-01
4.002160440289047605e-01
4.016448441345609188e-01
4.001281680927571416e-01
4.000565162883458203e-01
3.995694865811246221e-01
3.939031146162242369e-01
3.960577742222914921e-01
4.021316190458381623e-01
4.024427057838062538e-01
4.022193325495714289e-01
4.009101463998412940e-01
3.963132708551702632e-01
3.939665333266939573e-01
3.949722670619290610e-01
3.991542902204247567e-01
3.945653133500187093e-01
3.959618244396673203e-01
3.934479503267536704e-01
3.962729971712665722e-01
4.014291147786471781e-01
3.999443328191374936e-01
3.967202277520300302e-01
3.982682882842398797e-01
4.000004006666220691e-01
3.972226598740680736e-01
3.971192859746247028e-01
4.052836359704805602e-01
3.923305873034885760e-01
4.002555023657876632e-01
3.985637910652812255e-01
3.975661279915733703e-01
4.004792705337356096e-01
4.009899580443602729e-01
3.997688580374314515e-01
3.985956087087921818e-01
3.961773340340794536e-01
4.015567102175201519e-01
3.963369573231173559e-01
4.008384054168497301e-01
3.929848682533219617e-01
4.033923780414556126e-01
3.930567875934746214e-01
3.945332854998538363e-01
3.971271814639403264e-01
3.941342272772590527e-01
4.004871628381020399e-01
3.996331600875383527e-01
4.019316615588600095e-01
3.973984340410081639e-01
4.006467861271397757e-01
4.021871327121442907e-01
4.048846924060605645e-01
3.922904887917962879e-01
3.962492533742320022e-01
3.978773039081217600e-01
4.034323013809362757e-01
3.988350436423490075e-01
3.980928135025338932e-01
3.929289819479477863e-01
4.009739218246327619e-01
3.989067814403913226e-01
3.965123556660400950e-01
4.028973636663381042e-01
3.938785713969153446e-01
4.031448724463714828e-01
3.967517905995970318e-01
3.962012593732241461e-01
3.960334857989266100e-01
3.952435196389968985e-01
3.997846330913165658e-01
3.981884766397209008e-01
3.995294231038747368e-01
4.017719236116473192e-01
3.952994059443711850e-01
3.945888756049431567e-01
3.974543203463823393e-01
3.961052968508030347e-01
3.939504971069664463e-01
3.932401546795469272e-01
4.022509081369357031e-01
3.911731257685311935e-01
3.972306604667105168e-01
4.053078575099101077e-01
3.980208909774321513e-01
4.010697696888791963e-01
3.959536741544076310e-01
3.954748807260771715e-01
4.005827495365058555e-01
4.004949372993444334e-01
4.013010543371762773e-01
4.012930537445337786e-01
4.044137084734148457e-01
3.932876390886667073e-01
3.985076467790135690e-01
3.949636836235644322e-01
3.977095303338241683e-01
3.932078274441479504e-01
4.035357803837064661e-01
3.969508849653147764e-01
4.001836913139111829e-01
4.041258400158466157e-01
3.994653865132407611e-01
3.963123918091633335e-01
4.012931684027085111e-01
3.976530006686912477e-01
4.002556170239622846e-01
3.990178947666347953e-01
4.048925783405283862e-01
3.983713054693616695e-01
4.001836913139111829e-01
3.975731890241723243e-01
4.044856341834658919e-01
3.964558260009072299e-01
4.018518499143410305e-01
3.920823746496598372e-01
3.953792175888900529e-01
4.046926144836515138e-01
4.024745616467089171e-01
4.054109192843219356e-01
3.986436027098000934e-01
3.933512680057904554e-01
4.004792705337356096e-01
3.920742816934874586e-01
3.996092347483936602e-01
3.978207200988508330e-01
3.964965806121552028e-01
4.017395836364509032e-01
4.020035840839617514e-01
4.024497954809490019e-01
4.016764452015196274e-01
3.976610968098128751e-01
3.980849211981675184e-01
3.928723981386768038e-01
4.010300565560524499e-01
3.974933773796534009e-01
4.113336541883108044e-01
3.914357885373360157e-01
4.059783785162264236e-01
4.055624496171875148e-01
4.017404626824577774e-01
3.982995899659644290e-01
3.983085619681435707e-01
3.943807232434148879e-01
4.035042175361395200e-01
3.938220417317823685e-01
3.983883736126624941e-01
3.970226036536614878e-01
4.008625345927495642e-01
4.014920557467218099e-01
3.997451715694844698e-01
4.024578884371214360e-01
3.897687160046175991e-01
3.947959705633035665e-01
3.973508222339163787e-01
3.999200921700121758e-01
3.991145770875980658e-01
3.958416117132727563e-01
3.975981558417382988e-01
3.916833164270650536e-01
4.039032757587341371e-01
3.930401143838870293e-01
4.023070428683555022e-01
3.928006794503301480e-01
4.065291613535939597e-01
3.955940870084929117e-01
4.016606510379388539e-01
3.929683925105910691e-01
4.018281730012418507e-01
3.954425534906780282e-01
3.973587209081814731e-01
3.971185980255756975e-01
4.026262894464312514e-01
4.011010904802994603e-01
4.007906216224957352e-01
3.949555938523414134e-01
4.020676079347986764e-01
3.959214233577916797e-01
4.045417689148856910e-01
3.948676892516502224e-01
4.019719957568003710e-01
3.919944700489684797e-01
4.022912423348761202e-01
3.985390248995211437e-01
4.018123724677624686e-01
3.963042988529909549e-01
4.019000859714957352e-01
3.953627418461591048e-01
4.010221578817874111e-01
4.023942531500991904e-01
4.077263360213779775e-01
3.982521310364389167e-01
3.991864900578518949e-01
3.996968208541549772e-01
4.003038530811169893e-01
3.995371975651171303e-01
4.049408271374803636e-01
3.956981584118330342e-01
4.064572483833401306e-01
3.906063704104221213e-01
4.008941101801138385e-01
3.951637079944779751e-01
4.024982290049602951e-01
3.927612848124333866e-01
4.091225955000319381e-01
3.961931855267475378e-01
4.108705657449806536e-01
4.019557684401146580e-01
4.012931684027084001e-01
3.947727204334105511e-01
4.048689109822770638e-01
3.946929087888916277e-01
4.023947500021900492e-01
3.998008540381033926e-01
4.047890993377580293e-01
3.980449978586869109e-01
3.996092347483936602e-01
3.962093300347513947e-01
4.037673293827954701e-01
3.994896749366056432e-01
3.979410793329131169e-01
3.895849635396797517e-01
3.989786307116592878e-01
3.919075687073068637e-01
3.974700954002673980e-01
3.947090405570982119e-01
4.030647932661112764e-01
3.920035057501337628e-01
4.013089370866947392e-01
4.007029750026976367e-01
3.985874584235324924e-01
4.007827866472166156e-01
4.005187002060747736e-01
3.950524609003639998e-01
4.002073300076188778e-01
3.907587320150551213e-01
4.039584773000088891e-01
3.903677189743933185e-01
4.000477067185810309e-01
3.979498252036921535e-01
4.010054464528082785e-01
4.005118398252817125e-01
3.951870695975964187e-01
3.913335007056041870e-01
4.016675496381236776e-01
3.999611971256833431e-01
3.963999810998738993e-01
3.963696731223312897e-01
4.042215222627296156e-01
3.982931882178706307e-01
3.981558372792905476e-01
3.951805340816320622e-01
4.002230732120108381e-01
3.943026059919237936e-01
3.965517375641398057e-01
3.985326231514273454e-01
4.052669372812983117e-01
4.002006320592401689e-01
4.042293859025522518e-01
3.931852429686586992e-01
3.985706195965812437e-01
4.029222635999687996e-01
3.961762702610132636e-01
3.974232925702980146e-01
4.039022756846538664e-01
3.949491315902109445e-01
3.958412995882414354e-01
3.926265614570261797e-01
3.946441249204574175e-01
4.016533097298015664e-01
3.995767100461378729e-01
4.012301446259520787e-01
3.989382168899863745e-01
3.971677895675205239e-01
3.989303436953159365e-01
4.004400669927969947e-01
3.971666111362794349e-01
4.009108980478763296e-01
3.934312134181798815e-01
3.997217621921265729e-01
3.994170867571000261e-01
3.994823272585698026e-01
4.024420560541490111e-01
3.947573594229348282e-01
3.979804771557592380e-01
3.909264004860258934e-01
3.953466928866343211e-01
3.990591430450243227e-01
3.967833024879751647e-01
4.000088344123694517e-01
3.947958813847231574e-01
3.984924131665096847e-01
3.945485764414449759e-01
4.011979575283221022e-01
3.935188950724202717e-01
3.958425226087726734e-01
4.036628407510970962e-01
3.996017246379433008e-01
4.034953506372871423e-01
3.987955534559733395e-01
3.957614879437225119e-01
4.029538137077386395e-01
4.012763550553515857e-01
4.050369680170624043e-01
3.983154605683283944e-01
4.020758856180303153e-01
3.964078447396965910e-01
4.032730602858143332e-01
4.021542831450598543e-01
4.017566390399545662e-01
3.973734449287972259e-01
3.980135432993960887e-01
3.995204988759349929e-01
4.003280809904452009e-01
3.962324909860641120e-01
3.984763068778975348e-01
4.007098099038964856e-01
3.945655362964696766e-01
4.032716461683249487e-01
4.024588311821142850e-01
4.039179997793499455e-01
3.951161598863722202e-01
3.981715613739865711e-01
3.977418830488177459e-01
3.989618173643024179e-01
4.015647776940979852e-01
4.035189415567552729e-01
4.011576519949253683e-01
3.970541983507214212e-01
4.025144499517472885e-01
3.972936332842783025e-01
3.962729971712664612e-01
4.054344210252097125e-01
3.982521310364389722e-01
4.030400716896416213e-01
3.975338262357685504e-01
4.048757395135771375e-01
3.989785160534845554e-01
4.005580502546811639e-01
4.000958790767497608e-01
4.099758243079155151e-01
3.961133738822286698e-01
4.013561666998705091e-01
3.941180827692552513e-01
4.006299982593774511e-01
3.933199663240658506e-01
3.996722585251502591e-01
3.973742029467306480e-01
4.021542831450599098e-01
4.006383969706825976e-01
4.006457223540735302e-01
4.012768901268340960e-01
3.985784768665053823e-01
3.951313934988759935e-01
3.996238823302263876e-01
3.936230556543406922e-01
4.053624666506148722e-01
3.966558981460602262e-01
4.075173810526261930e-01
3.960729568756065078e-01
4.081637282937523592e-01
4.001352577898998897e-01
4.089618447389417044e-01
3.984430177878096613e-01
3.999509798083276668e-01
3.962082917412794170e-01
3.976285912172529136e-01
3.961284800967604935e-01
4.047396784794636826e-01
3.967588707418917560e-01
4.033828805226417624e-01
4.029043673698498029e-01
4.010042234322768184e-01
3.974690698465926375e-01
4.059525453924507921e-01
3.990734084329408682e-01
4.069900967711969630e-01
3.985066212253388085e-01
4.049948056582235445e-01
3.917307371371989144e-01
4.108210557081058423e-01
3.982590774108631382e-01
4.056411401595527710e-01
3.974609609656737930e-01
4.021451009362269069e-01
3.966466172037989568e-01
4.029588777771262453e-01
3.992087050792221814e-01
4.027992544880883985e-01
4.021617359264227920e-01
4.067976621344663868e-01
3.964869939147611100e-01
4.054408641776445221e-01
3.964152975210594732e-01
4.057679329912018962e-01
3.956009473892859729e-01
4.027429095500147938e-01
4.011079508610924660e-01
4.117381586742092092e-01
3.972769919241835868e-01
4.001654702189634816e-01
4.021455022398385815e-01
3.942594085245623714e-01
3.991924713926379709e-01
3.990481071956983872e-01
4.001420895061493233e-01
3.956960181259032150e-01
3.980588619429915598e-01
4.016020798203042697e-01
3.944673379396394508e-01
4.050339805346185873e-01
3.912031853200285680e-01
3.980105558169522162e-01
3.948745209678996004e-01
4.003329189284326461e-01
3.976598037203969427e-01
4.039244429317846996e-01
3.992560366107756331e-01
3.972280870276759246e-01
3.927750342385634696e-01
4.010590459645848038e-01
3.997186473117107508e-01
3.997898787028142942e-01
3.981940917053376494e-01
3.965176012775379344e-01
4.009874992635003021e-01
4.048258281730904296e-01
3.978829794877752346e-01
4.080182939538478659e-01
3.981224144213320604e-01
3.986803315451324936e-01
4.039486644712143582e-01
4.094627162358225325e-01
3.992397774445972103e-01
3.992390130567650131e-01
3.974041096206616386e-01
3.965254171431212282e-01
4.003571404678622492e-01
3.938916328739963668e-01
3.950097602850936029e-01
3.935723862959206176e-01
4.018735617137220162e-01
4.057913805879515556e-01
4.017856157086897584e-01
3.999009346999701786e-01
3.963584238814021332e-01
4.049290683046631867e-01
4.016976665187083628e-01
4.036520819923602454e-01
4.008914093431070191e-01
4.078022875073448739e-01
3.960228990274519689e-01
3.996614997664134639e-01
3.962623339610087947e-01
4.038993200517030369e-01
3.969724948463179692e-01
4.054313379942869333e-01
3.927424776868143619e-01
4.047286171505434238e-01
3.940992756436362821e-01
4.095971274661984740e-01
3.990313002182402369e-01
4.048882404395812706e-01
3.986403922809052536e-01
4.002591650574830462e-01
3.962378926600774731e-01
4.068037199080357103e-01
4.003001330603342400e-01
4.087114089905012904e-01
3.967802640463426456e-01
4.135078980476263877e-01
3.966206407573047432e-01
4.005063871920793162e-01
4.029176008341930348e-01
3.994766198294233406e-01
3.944494034901289692e-01
4.001151129855747834e-01
3.997332948935432562e-01
4.049836233012297226e-01
3.947051612888503036e-01
4.033951712419920343e-01
3.994857001198788282e-01
4.029163013748784383e-01
4.026781659006362091e-01
4.045923459097761077e-01
3.966841295366591580e-01
4.001151129855747279e-01
4.002674873300048897e-01
3.991573732513474804e-01
3.992217665563032591e-01
4.054702739994844318e-01
3.927406750055104645e-01
4.021181849296891486e-01
3.955340825636731727e-01
4.039616303998161406e-01
3.967148961469009749e-01
4.037942294645867070e-01
4.027723958106380064e-01
4.091416096473554642e-01
3.985423786511344546e-01
4.022057742203996034e-01
4.007852900173667909e-01
4.057252610404750715e-01
3.995001183853617577e-01
3.992682891107342535e-01
3.975048272723882836e-01
4.052541624496545647e-01
3.963158379243064133e-01
3.962276753427217413e-01
3.911997073553925008e-01
3.998269706223668285e-01
3.960682176710475511e-01
3.974326212867988484e-01
4.031714540332327901e-01
3.974248500105057591e-01
4.050071218571681952e-01
3.998990109905927737e-01
4.007852900173667909e-01
4.038097815720206318e-01
3.988698105489122958e-01
4.062041309075886675e-01
3.917583888670249648e-01
4.036501582829827295e-01
3.956691594484527674e-01
4.016626384463024002e-01
3.958287827374906698e-01
3.967220845774721560e-01
3.979038854949829562e-01
4.061553852585458868e-01
3.975048272723882836e-01
4.048783989462429456e-01
4.005458550838099652e-01
4.026514314362085734e-01
3.920858207648028060e-01
4.083978698415719477e-01
3.944801701003707861e-01
4.041523324241274029e-01
3.928041255654732833e-01
4.018377947330782352e-01
3.915271392531703420e-01
4.032821660558643106e-01
3.909684577415377116e-01
4.059957619695080955e-01
3.927324960557069256e-01
4.037687944594736678e-01
3.984073017663549154e-01
4.067295806582207907e-01
4.035152470155667359e-01
4.024995634987171833e-01
3.916233119822453701e-01
3.949174572694182928e-01
3.984871134108738389e-01
3.999533430407084533e-01
3.995328405544741335e-01
3.977186169941782645e-01
3.919507343251751874e-01
3.994024105107237821e-01
3.957018816175651432e-01
4.057873420722387103e-01
3.918709226806563195e-01
4.013178899791783327e-01
3.969706921650140163e-01
4.047497906934925394e-01
3.988308777286640461e-01
4.017169482017730053e-01
3.981125729279937353e-01
4.052364063573046238e-01
4.017920747858710340e-01
3.981331699951193848e-01
3.999482407519292515e-01
3.974071193977504191e-01
3.966841295366591580e-01
4.045901674044545815e-01
4.001958418954923435e-01
4.004399618894700086e-01
3.999564069619355178e-01
4.004477076861684970e-01
3.938580380287755589e-01
3.982129816396383082e-01
3.957735174972300540e-01
4.009265775532820930e-01
3.972899387430898210e-01
3.962975021711838686e-01
3.988063599889495880e-01
4.007669542642442462e-01
3.934508008563773473e-01
4.013977016236971451e-01
3.931397332281051926e-01
4.018688225091628929e-01
3.873932948227418183e-01
4.069845167400226171e-01
3.945599817448898206e-01
4.062739577360507948e-01
3.949590399674844932e-01
4.020439405765471874e-01
3.994284920605448708e-01
4.019563831353297756e-01
3.960764029907495876e-01
4.073037633180983663e-01
4.003780464750700263e-01
4.047575364901910278e-01
3.978956969903317265e-01
4.024352530024434271e-01
3.990846799685149882e-01
3.995620337997616844e-01
4.010799710814883512e-01
4.066652701619469235e-01
3.963628891803213650e-01
3.998092145300171096e-01
4.009919645624195894e-01
4.013333783876261718e-01
4.018698926521278580e-01
3.991862034124147862e-01
4.012067957626307968e-01
3.965446797164900450e-01
3.988042388127154281e-01
4.025305530554101896e-01
3.937761052080225310e-01
4.068403818594327204e-01
4.015976463708782473e-01
4.066807585703948180e-01
3.987162163689000893e-01
4.049326418177781606e-01
3.964016786778510326e-01
4.105194569341036881e-01
4.001446119859951023e-01
4.076384983046220656e-01
3.973429872586373701e-01
3.990343163652276259e-01
4.034004518879321100e-01
4.025460287240608115e-01
3.980448481660698312e-01
4.040547137280699475e-01
3.934955844284905302e-01
4.075664260869030775e-01
3.935753960730095091e-01
4.059701931965243871e-01
3.963054358798912546e-01
4.064490630636379831e-01
3.943899564114367040e-01
4.033364089273995257e-01
3.941505214778799893e-01
4.054115116848917566e-01
3.913571139197171700e-01
4.038950904390319896e-01
3.939110865443231635e-01
4.033364089273995257e-01
3.923148536539444731e-01
3.981563882755194128e-01
3.913571139197172255e-01
3.970390252522542629e-01
4.006152646839137299e-01
4.042941486616267177e-01
3.955953482484158013e-01
4.022267821459850623e-01
3.941505214778799893e-01
4.056664159172007622e-01
4.024427121537049179e-01
4.009575288905835033e-01
4.013253491304398235e-01
4.023143268474053680e-01
3.940624894792167376e-01
3.974458165317504288e-01
3.974227989031563490e-01
4.047086761829735146e-01
3.947972318032264560e-01
4.055067926281628599e-01
3.952761016703400521e-01
4.004863888954220963e-01
3.967925229161999301e-01
4.102156796547800632e-01
4.013417866537791756e-01
4.006382823125077541e-01
4.010225400757034819e-01
4.087867999253912976e-01
3.963136530490862230e-01
4.012845053406114415e-01
3.974310160723513174e-01
4.070232138740226269e-01
4.047736873680933822e-01
4.106147378773747358e-01
3.956669427237397563e-01
4.028730083590379984e-01
3.981493208730217392e-01
4.073579170110532277e-01
4.007831051421466007e-01
4.152515431314250938e-01
3.999767715277622870e-01
4.098243513041374131e-01
4.014133811291030751e-01
4.063924505898232620e-01
4.034086722420764937e-01
4.050356526330013973e-01
4.029298023749628421e-01
4.053548992110771465e-01
3.999767715277622870e-01
4.041577245432930177e-01
3.946293913449935853e-01
4.087069882808723187e-01
3.958347831819726270e-01
4.050433793200041155e-01
3.991070606072489868e-01
4.085628151808907704e-01
4.021316859297734969e-01
4.032154349981221242e-01
4.065213263783149511e-01
4.054501610446523130e-01
3.975824221921941959e-01
4.062559978069458233e-01
3.991786550825728863e-01
4.028961884200463750e-01
3.910378673416414208e-01
4.093609316260801712e-01
3.958265660127776031e-01
4.008288059796582536e-01
4.054755546454244519e-01
4.076050754466635784e-01
4.014767488803840378e-01
4.006614623735161862e-01
3.970706517988074613e-01
3.983469246824670740e-01
3.976293333104399808e-01
3.985863596160238997e-01
3.920342851001729079e-01
4.053780697172374992e-01
3.964239255487143621e-01
4.027520025802676651e-01
3.992971447513959937e-01
3.989133265112037585e-01
3.951469392364113653e-01
4.025048505145558675e-01
3.952267508809302887e-01
4.014672991358096965e-01
3.980999700836120314e-01
4.025769418419706258e-01
4.028088571102292348e-01
4.049712911775387170e-01
3.977807235055362822e-01
4.025769418419707368e-01
3.904298159309032012e-01
4.005816507289972628e-01
3.889932063295624687e-01
3.975488082372777843e-01
3.952900867827181530e-01
4.050511028220576404e-01
3.905013881115820817e-01
4.042684238261274321e-01
3.972138057150128021e-01
3.989287575905643979e-01
3.984027409189566660e-01
4.022010350158407022e-01
3.950506518491613273e-01
4.008442370590188375e-01
3.966386420907507815e-01
3.987691343015265510e-01
3.992806690086650456e-01
4.018019767932461406e-01
3.940929121149342462e-01
4.037174562617005247e-01
3.970459429621347458e-01
4.050021533362595516e-01
3.966468847395400732e-01
4.065262821594264331e-01
4.002384087428921822e-01
4.010990903321388079e-01
3.927278715093229233e-01
4.005404088205062885e-01
3.961597722236371855e-01
3.970286964616731584e-01
3.974367585359401822e-01
4.073243986046157783e-01
4.002384087428922377e-01
4.085138656950927372e-01
3.968945591369369974e-01
4.044434718246270322e-01
4.000154495520664155e-01
4.072368793827897404e-01
4.009649530074026469e-01
4.051617766252974540e-01
3.983311687382777855e-01
4.040444136020323596e-01
3.984027409189567215e-01
4.053368118839999479e-01
4.031033852967845776e-01
4.007154377093101738e-01
3.967102079015308314e-01
4.038280918455486312e-01
3.994402922977028370e-01
4.091677708209088826e-01
4.059848471482555010e-01
4.055685424251991855e-01
3.976761934694969525e-01
4.045309910464529590e-01
3.979789451951458723e-01
3.995826690862790409e-01
4.057206747134825542e-01
4.062868472258695518e-01
4.003650423270764813e-01
4.055118344029053912e-01
3.968533299682432403e-01
4.070282556487652137e-01
4.039565663304284793e-01
4.067811226927492418e-01
3.990164965738920433e-01
4.104601563630793648e-01
3.965423355938050287e-01
4.076744436424265539e-01
4.001338595971570822e-01
4.061580223965667868e-01
4.014025937058226523e-01
4.073475022268409074e-01
3.962065814235050665e-01
4.105553544976685565e-01
3.965175694280450025e-01
4.090312415992484740e-01
3.998861724599628298e-01
4.055272208929756039e-01
3.986807424035920810e-01
4.025818785133861710e-01
3.982734256074615398e-01
4.092062450084577585e-01
4.033813708566734157e-01
4.071388275336274010e-01
4.004998898955065556e-01
4.037944205615447424e-01
3.947451865467084819e-01
4.060291466080749312e-01
3.979376523274659183e-01
4.084234959436429668e-01
3.997733201514014345e-01
4.091418007443133886e-01
4.017768762078094413e-01
4.081840610100861411e-01
3.953919446462946241e-01
4.131323829702601702e-01
3.991513536971698639e-01
4.082638726546051200e-01
3.974753091622721390e-01
4.069868863423021232e-01
3.986009307590731576e-01
4.080888819851926641e-01
3.930774069552455674e-01
4.053752860715488793e-01
3.984165221945795698e-01
4.002903871154748217e-01
3.902674663252642673e-01
4.046800275640162758e-01
3.925021923717944561e-01
4.003701987599938006e-01
3.974422430186352884e-01
4.079523049892926356e-01
4.003952738658358990e-01
4.068349419660275412e-01
4.015126368891009934e-01
4.105860892584174970e-01
4.006181566178785847e-01
4.051512185183666070e-01
4.025253552181519701e-01
4.033155506944310909e-01
3.937460743210690617e-01
4.018068083613346442e-01
3.958046057873513823e-01
4.069147536105464646e-01
3.970017804551353446e-01
4.109851474810121696e-01
4.035380448826589861e-01
4.101072193913039010e-01
3.993080277231554343e-01
4.029318471124136436e-01
4.002574738494044659e-01
4.075685950373765798e-01
3.980227478028742771e-01
4.100427560174636499e-01
4.006565320719991385e-01
4.049271382253870621e-01
3.969851964241281062e-01
4.069224293383604252e-01
3.965063265570145101e-01
4.058050663150953308e-01
3.916295194484317732e-01
4.093167786739284053e-01
4.069533551960674567e-01
4.007846052532671455e-01
3.970567112757194539e-01
4.073291601038198095e-01
3.975272811649561699e-01
4.017423449874943375e-01
3.968006732014596194e-01
4.007047936087482221e-01
3.932889608426264894e-01
4.042165059675814076e-01
4.002957696797925236e-01
4.027798963662405640e-01
4.015727559920954648e-01
4.032587662333541045e-01
3.977417970551866411e-01
4.061396547939512547e-01
3.946208302012740865e-01
4.093321205747086911e-01
3.977168493473164923e-01
4.027077540796370481e-01
3.961921058289348818e-01
4.074166411062542514e-01
3.950032534336726520e-01
3.982383019865766705e-01
3.933272088987749826e-01
4.012634751203806860e-01
3.941253253439643278e-01
4.031712820459704694e-01
3.977251684348893090e-01
4.064435594712467181e-01
3.976453567903703856e-01
4.051512185183665515e-01
3.921383533185638370e-01
4.071541885441032349e-01
3.907732362741691001e-01
4.006894453380694388e-01
3.962004281014567253e-01
4.092292913015955214e-01
3.874128249318519179e-01
4.050790857866108929e-01
3.919537632119599602e-01
4.140256657005456087e-01
4.001743625974102936e-01
4.104264659693797057e-01
3.978598249063611259e-01
4.054781440092057321e-01
3.949866057036794942e-01
4.063637478267279057e-01
3.933105611687818248e-01
4.011759909329969953e-01
3.931509378797439780e-01
4.110726348533450536e-01
3.958645337933877073e-01
4.042088334247165293e-01
3.920335748564788836e-01
4.042886450692355083e-01
4.018504071323079074e-01
4.036501519130840099e-01
3.982588831289558540e-01
3.992605114645426112e-01
3.957763935064482208e-01
4.052463848034627003e-01
3.993679175098003853e-01
4.026924121788568733e-01
3.920252462140582650e-01
4.040492101356787380e-01
3.970450479913813502e-01
4.034107169795272951e-01
3.929746541209156452e-01
3.957487991057094812e-01
3.937560973565173428e-01
4.090850162832363468e-01
3.954571469283725826e-01
4.050944340572896762e-01
3.954571469283724716e-01
4.023086958570423755e-01
3.965030269495392612e-01
4.051097695881711314e-01
3.949067940591604597e-01
4.056684510998037063e-01
4.019385442342982007e-01
4.079829887908528185e-01
3.976287154302756699e-01
4.067136654665665652e-01
3.961122941844158474e-01
4.040798811974417037e-01
3.900549314734987338e-01
4.072001951367476003e-01
3.975572260582786455e-01
4.064742305330097394e-01
3.935666438323318639e-01
4.064742305330097394e-01
3.917941399229220578e-01
4.107917191400997647e-01
3.925124447235924796e-01
4.111907773626943818e-01
3.931509378797439780e-01
3.999526455368115907e-01
3.938942094979804298e-01
4.080136216332241328e-01
3.963683704780674444e-01
4.054672992568377210e-01
3.999515753938466811e-01
4.068240972136596412e-01
3.969187329021271471e-01
4.133686520642123052e-01
3.946125142986508516e-01
4.005189772966637474e-01
3.936547745644236040e-01
4.075424020143300630e-01
3.950198884238688146e-01
4.036163277515138481e-01
4.017240665634593810e-01
4.020999065056540256e-01
3.958978165135770833e-01
4.035365161069949247e-01
3.993214013252680550e-01
4.032172695289191755e-01
3.988425314581544034e-01
4.078463449110173444e-01
3.941419603341604350e-01
4.015259085728357658e-01
3.963600513904945721e-01
4.072723469781990846e-01
3.977883387193135167e-01
4.034413880412902054e-01
3.977085270747945378e-01
4.020124382430168564e-01
3.982672085864271128e-01
4.069607602031908855e-01
3.918822770249122955e-01
4.099214476685096864e-01
3.967507873405673458e-01
4.138322182499374891e-01
3.934785099152909860e-01
4.147899579841647366e-01
3.949866057036794942e-01
4.046615325634288496e-01
3.971498455631620184e-01
4.047413442079477175e-01
3.950747428056696764e-01
4.113580572698504745e-01
3.927518796571493054e-01
4.083252147781310515e-01
4.042530819253472574e-01
4.049731257083356573e-01
4.001910103274035624e-01
4.045740674857409847e-01
3.927685273871425187e-01
4.122359853595588541e-01
3.914998601624122831e-01
4.028980229508434263e-01
3.965363096697285816e-01
4.054596490086181948e-01
4.016442549189403466e-01
4.101685360352353427e-01
3.899119431746568831e-01
4.092107963010080951e-01
3.913402368733744363e-01
4.096098545236027677e-01
3.964481821225863678e-01
4.083328682112998265e-01
3.962885588335484099e-01
4.079338099887051539e-01
3.907017437172229379e-01
4.101040217022063339e-01
3.940538327870183322e-01
4.069913675659678209e-01
3.986829081691165566e-01
4.125136556094670670e-01
3.936630904670468944e-01
4.179408474367545812e-01
3.950198884238688146e-01
4.084585335708967313e-01
3.972546144703990034e-01
4.086979685044535571e-01
4.026019946531676497e-01
4.087055996429773685e-01
3.970068636342188872e-01
4.072689900416365250e-01
3.923777882521206628e-01
4.028564466226758900e-01
3.985947774370247609e-01
4.059691007589144029e-01
3.945243835665591114e-01
4.049391868885905410e-01
3.977966609918354157e-01
4.049468212120636013e-01
3.966876170561430826e-01
4.097355198831997281e-01
4.008378225711278220e-01
4.137337332476703211e-01
3.954106307438401413e-01
4.083863530649017304e-01
3.994810246143058463e-01
4.063112503074093884e-01
3.959693122554727718e-01
4.051938872841442940e-01
3.936547745644236040e-01
4.107807024004697105e-01
3.926172231856774886e-01
4.100700255533736294e-01
4.005185759930520173e-01
4.066381248390594227e-01
3.966959329587664840e-01
4.075958645732867258e-01
3.952426883672294777e-01
4.069649961857604858e-01
3.931592633372152368e-01
4.099104022643358380e-01
3.949949311611508085e-01
4.102372736110369011e-01
3.973809550392475853e-01
4.091997222322907302e-01
3.915547049893652876e-01
4.042514002721167010e-01
3.939740211424993532e-01
4.026627889654139092e-01
3.916511643638774243e-01
4.053041916332651984e-01
3.990902822943344641e-01
4.118487464838179180e-01
3.979646033684461348e-01
4.077061561826105796e-01
3.946125142986508516e-01
4.110582452524058628e-01
3.966078054116242146e-01
4.002038615978306679e-01
3.899036272720336482e-01
4.056234382113409476e-01
3.892568150283093331e-01
4.093822007175082489e-01
3.913319177858016751e-01
4.079455911161674053e-01
4.009093151280739287e-01
4.093822007175081379e-01
3.991534589486573914e-01
4.001316619821396747e-01
3.973892804967187886e-01
4.039626209190486095e-01
3.948269824146415918e-01
4.021193410662851075e-01
4.016991093007413194e-01
4.109708183941095938e-01
3.997753043748156210e-01
4.043540671128152963e-01
3.954738010282643490e-01
4.054714301360803907e-01
3.958728592508591326e-01
4.059426847894166968e-01
3.988973762851072968e-01
4.100928903044013252e-01
3.950664173481984176e-01
4.040272053209622571e-01
3.971331914632701410e-01
3.973230271813716907e-01
3.913950817003273852e-01
4.073792943907575403e-01
3.946673591256037450e-01
4.077783526133522130e-01
3.974524380413458902e-01
4.023511607860645878e-01
3.991284825762435595e-01
4.050723719134857181e-01
3.952093801674458340e-01
4.009221663985010897e-01
3.976037295030138696e-01
4.022789643553230099e-01
3.934618558153991086e-01
4.031568924450313340e-01
3.970700339186430949e-01
4.073869096045349414e-01
3.985066435199838830e-01
4.051521835580047526e-01
3.974774144137596665e-01
4.057184770984652022e-01
4.013083733506686568e-01
4.066762168326923388e-01
3.914117294303207095e-01
4.114649155038285211e-01
3.997204595478626166e-01
4.026780225779176825e-01
3.935666438323318639e-01
4.038828092745296860e-01
3.980360959253922415e-01
4.087513195901846808e-01
3.974059218568135043e-01
4.062771586100977772e-01
3.954987582909823551e-01
4.066116196909815850e-01
3.992582183010463526e-01
4.065242023875331734e-01
3.879964637062024435e-01
4.044414907861622610e-01
3.919870459321492251e-01
4.065089815148265617e-01
3.963766863806907348e-01
4.069004245236439998e-01
3.957381932245391809e-01
4.084244609832810013e-01
3.888827045135847538e-01
4.072348983443249693e-01
3.980610436332623348e-01
4.077213770553171912e-01
3.898404442478120013e-01
4.117195649401933499e-01
3.937595243619647079e-01
4.048557635115649922e-01
3.972712367207978934e-01
4.082154550553404038e-01
3.943980175181162062e-01
4.104425786278904642e-01
3.912936697296530708e-01
4.026134318061053707e-01
3.906551765735016279e-01
4.020471414505941699e-01
3.957714249855395772e-01
4.089033308503945974e-01
3.941751920951608867e-01
4.069878513819401578e-01
3.932972640054525626e-01
4.090629541394324997e-01
3.945027386511134604e-01
4.024385876443608567e-01
3.919570628194352091e-01
4.102601288072165175e-01
4.024921998959347103e-01
4.117841620819042148e-01
4.044159729723673657e-01
4.092301894572982768e-01
3.967540550985494963e-01
4.042020558526054352e-01
3.950863009866808495e-01
4.048405490087569891e-01
3.962834756544649228e-01
4.133803949722830162e-01
3.987824887939430685e-01
4.034837510519350134e-01
4.025968828095404795e-01
4.093898127463361791e-01
3.987576366345518819e-01
4.025107840751025456e-01
3.947670544086051558e-01
4.082572224804658645e-01
3.888527022911749120e-01
4.020319142079888386e-01
3.989887811450797961e-01
4.094543971482498823e-01
3.954687751782683391e-01
4.091427657839514231e-01
4.011354019391127346e-01
4.072994827462385614e-01
3.964182181195679555e-01
4.043388335003115230e-01
3.954687751782683391e-01
4.056234382113409476e-01
3.969934900321063775e-01
4.058552547461712900e-01
3.990768832126276866e-01
4.115218815070157965e-01
3.991566948571466655e-01
4.018646725202246195e-01
4.035463353056880087e-01
4.084661647094205983e-01
3.960523279589877599e-01
4.028793495930950153e-01
3.964430989435027697e-01
4.064708735964471797e-01
4.070497572414921716e-01
4.046428337260861152e-01
4.035380448826589861e-01
4.063265030296089875e-01
4.045838866844342352e-01
4.044186451448305575e-01
3.991566948571466655e-01
4.046580800783873277e-01
3.997951880132981084e-01
4.119209397296104691e-01
3.970349102977581146e-01
4.114268235101956050e-01
3.929727909255748552e-01
4.072689900416365250e-01
3.956946581525518924e-01
4.077478599087501765e-01
3.987357687726552635e-01
4.092642811546099435e-01
4.046418304670565402e-01
4.060641842353286957e-01
3.997017734503172104e-01
4.125365585798863033e-01
3.907793895962174968e-01
4.043159591944359144e-01
3.978908813469894112e-01
4.072613589031126580e-01
3.944424666705526605e-01
4.075806054811884072e-01
3.932535505763045114e-01
4.058247493017718144e-01
3.997265491709249274e-01
4.063910619519282563e-01
3.914261381409556151e-01
4.007168040525599384e-01
3.927746807091908599e-01
