3.953405777839776314e-01
3.969127388275437429e-01
4.015020087132855631e-01
3.953245160846555750e-01
4.019968001419519377e-01
4.013103894235757751e-01
3.979184470831844678e-01
4.059154248083546301e-01
4.012864513446338655e-01
4.002487980475101237e-01
4.016934623856318054e-01
4.026431473830782704e-01
4.028346647544103765e-01
3.935606497577485707e-01
3.985089462383281100e-01
3.975592421311858193e-01
4.000333139326923693e-01
3.985647338102740744e-01
4.040397795008002779e-01
3.909028159364563160e-01
3.994265747210660189e-01
3.989637920328687470e-01
4.000491972748534408e-01
3.918605556706835080e-01
3.998176992349534165e-01
3.923634750899645529e-01
3.995861980101038657e-01
3.974714203391763179e-01
3.965454218096770567e-01
3.995465230966686598e-01
4.017331787034079671e-01
3.982695367843657186e-01
3.979661544387553263e-01
3.973198071976289936e-01
3.973356013612096560e-01
3.960428208853260523e-01
3.926985859005056034e-01
3.981179236428183388e-01
3.938957605682896213e-01
3.918765918904110745e-01
4.037844612250822696e-01
3.968967089777148405e-01
3.907672167199913726e-01
3.901207357109944263e-01
4.012225421519719504e-01
4.000731321688460462e-01
3.993868743280364342e-01
3.959866829689571155e-01
4.048859281663892973e-01
4.003045410301657725e-01
3.949972338794949800e-01
3.979819740819304785e-01
3.960907384475507165e-01
3.972556368391244042e-01
3.992991130500638253e-01
3.995942623017325057e-01
3.969127133479493641e-01
4.004802132787284585e-01
3.927545581995110502e-01
3.996183214087477564e-01
3.962583177399409129e-01
3.933769769165432750e-01
3.966653287809389083e-01
3.967049877696275373e-01
3.960268356247874100e-01
3.986204672380819769e-01
4.037526563213685304e-01
4.003125671024029275e-01
3.985728554309900806e-01
3.990355807900999863e-01
3.990517252981036767e-01
3.920759123875292018e-01
3.958592595173462403e-01
3.916848834221208220e-01
3.985728554309900806e-01
4.014138747962446852e-01
4.047981637034671065e-01
3.970799391109675058e-01
3.953005780057137208e-01
3.966728388913892678e-01
4.006559110068856344e-01
3.942067199082857631e-01
4.009032955738962012e-01
3.973274128565584262e-01
3.926985859005056034e-01
3.953958525790862710e-01
3.971759780721718092e-01
3.950685608190775966e-01
4.000412571962475572e-01
3.963455471313805378e-01
3.996501390522588792e-01
3.949726492558451318e-01
4.008711148461649443e-01
3.908304952926918152e-01
4.031856525372140565e-01
3.960819575423295547e-01
3.961622278195477409e-01
3.917721287383069684e-01
4.036645224043277080e-01
3.924823756172473033e-01
4.019964052082386496e-01
3.999846702020272149e-01
3.976865764042161189e-01
3.884676005164146573e-01
3.920278737972311967e-01
4.035520013304934595e-01
4.005677197607572793e-01
4.013970869284822496e-01
3.932171243111558523e-01
3.948605995545074188e-01
4.032892366433111220e-01
3.927137494441248489e-01
3.996179009954400896e-01
3.959062152248822297e-01
3.999529799564883192e-01
3.912690755511553098e-01
4.021078943584995291e-01
3.970953256010376076e-01
3.959544831315299773e-01
3.996412307490656013e-01
4.017088361359048565e-01
3.926976176759182091e-01
4.007431818026660486e-01
3.937270983931371870e-01
3.986759936441853225e-01
4.024427057838063648e-01
3.923708737271894287e-01
3.945413529764316141e-01
3.908623638953917512e-01
3.989865930849103570e-01
4.007669160448526502e-01
3.950838963499590517e-01
3.997293646661064792e-01
4.043581852522606934e-01
3.973350153305384436e-01
3.966164557339240115e-01
3.934961481645166681e-01
3.929451200860529791e-01
4.024508656239139115e-01
3.935916775338331175e-01
3.964649922849936559e-01
3.992502400030488729e-01
4.006950094444973187e-01
3.954192810661399382e-01
3.985163703551474756e-01
3.967841433145906094e-01
3.909500837690236263e-01
3.946211646209507040e-01
3.931208050744128268e-01
3.879169864813601376e-01
3.936233614094735156e-01
3.934239899531666307e-01
3.946451249945376327e-01
3.969993758184135468e-01
4.029455360245069451e-01
4.014051544050601383e-01
4.018360684905574742e-01
3.980611296268934951e-01
3.984839794207621910e-01
3.955869686468064805e-01
4.003994588892166862e-01
4.023072658148064140e-01
3.981805142664699981e-01
3.973589438546324404e-01
3.994653865132407611e-01
4.013414681588491906e-01
3.946047589471042283e-01
3.976701325109781582e-01
3.993215255382907003e-01
3.941584201521449171e-01
3.993136459737212651e-01
3.941422947538369970e-01
4.001275183630998988e-01
3.956667802913255150e-01
3.968473645582037412e-01
3.931926193112385004e-01
3.955782546255206533e-01
3.979893790890539074e-01
4.008300672195810321e-01
3.944857246519508087e-01
3.991540226846834738e-01
3.948767249528154499e-01
3.939662657909526189e-01
3.882442973510644713e-01
3.993934576182401885e-01
3.939109241119088667e-01
4.057064570998055175e-01
3.931764875430318606e-01
4.027613026322248158e-01
3.950919670114863003e-01
4.003590769170368158e-01
3.944454031938075533e-01
3.978208538667212801e-01
3.958739389486717886e-01
3.955141861853935237e-01
3.918116189246826919e-01
4.019631861870354705e-01
3.946130971443727042e-01
3.988505320507970131e-01
3.911013847855395187e-01
3.993215255382907003e-01
3.948605995545074188e-01
4.023622444096301431e-01
3.948605995545074188e-01
3.920744154613580168e-01
3.891060936725661557e-01
3.955861278201910913e-01
3.902234566958312501e-01
4.000477067185810309e-01
3.916600662971720936e-01
3.997205837608854284e-01
3.929128310700454874e-01
3.966798617045964592e-01
3.974620948076247884e-01
3.937987597523963657e-01
3.981723193919200487e-01
4.080929268708042290e-01
3.997685522822987392e-01
4.005265765856947380e-01
3.961770282789466857e-01
3.960571244926342493e-01
3.945727119872434741e-01
3.949397614693691549e-01
3.908296480961779285e-01
3.971744875158993437e-01
3.979328844583632230e-01
3.994968984016188940e-01
3.935513242261970968e-01
4.015720011591112359e-01
3.924420382343575819e-01
3.995767100461378729e-01
3.969114903274179595e-01
4.009413780126811488e-01
3.983400228973331680e-01
3.926409669827118365e-01
3.970630365850301158e-01
3.991855218332645561e-01
3.969751447241360309e-01
3.960807345217982056e-01
3.973903601945315556e-01
3.969429257770129560e-01
3.949879338275378848e-01
3.974296656538480188e-01
3.929845624981892493e-01
3.972700423648101720e-01
3.954506400769517982e-01
3.932637169344715411e-01
3.941978944137742302e-01
3.987785936009485277e-01
3.955466153391703488e-01
3.987785936009485277e-01
4.016840317507531788e-01
3.984672170325941343e-01
3.941180827692552513e-01
3.933514017736609025e-01
3.912367865351478735e-01
3.975577897943047834e-01
3.924976092297511876e-01
4.010695021531379134e-01
3.935594012576226763e-01
3.941101203960042376e-01
3.913246752110924875e-01
3.981726251470528166e-01
3.954031429280348009e-01
4.014370102679629126e-01
3.945171409918499239e-01
3.929769759489556979e-01
3.928330194255265639e-01
4.035919246699740670e-01
3.953869920501325019e-01
3.953072950637883665e-01
3.894890073871569713e-01
4.016124149807842603e-01
3.957941273041528651e-01
3.983962722869275885e-01
3.940463449712128807e-01
4.021553150686331679e-01
3.892737844381820023e-01
3.952195942998522615e-01
3.892657169616040025e-01
4.000161820904056253e-01
3.985238677258005069e-01
3.949959344201803835e-01
3.934795896131037529e-01
3.976139436354202972e-01
3.915560331132236782e-01
3.962729207324833802e-01
3.930805313905089693e-01
3.938785713969152891e-01
3.919712422137205388e-01
4.008300672195810876e-01
3.946767642808877707e-01
4.025701547150114523e-01
3.961214477287052227e-01
3.980928135025338932e-01
3.924501120808341903e-01
3.937829846985114179e-01
3.918995012307288639e-01
3.930725690172581777e-01
3.958981509332535897e-01
4.014606776262141241e-01
3.946292289125792330e-01
3.959615569039261485e-01
3.966164557339240671e-01
3.952353693537372092e-01
3.914206313636152679e-01
3.973104721112294957e-01
3.956587159996967640e-01
3.927612083736501947e-01
4.003756673179427183e-01
4.012291254421758713e-01
3.940866664293561361e-01
4.005265765856945714e-01
3.948686638461361142e-01
3.992495902733916302e-01
3.952677220687307869e-01
3.979647275814687801e-01
3.984440560812815835e-01
4.025938029635670046e-01
3.954990927106589171e-01
3.987707204062780897e-01
3.984359854197543349e-01
3.982839741595445293e-01
4.018920885638023743e-01
3.915719164553846943e-01
3.940866664293560806e-01
3.964325440215212271e-01
3.955950297534857607e-01
4.012212426926574094e-01
3.967204506984809420e-01
3.946766878421047453e-01
4.000805945050568968e-01
3.980208909774320958e-01
3.984682489561674479e-01
4.000881046155073673e-01
3.971195089210757256e-01
3.969675581749024240e-01
3.904072728597549613e-01
3.970473698194214029e-01
3.901597768195189109e-01
3.885075238558953203e-01
3.942301706899846159e-01
3.962492533742320022e-01
3.954273453577686337e-01
3.939908313049067523e-01
3.949645945190643492e-01
3.943179797421968447e-01
3.928177348538338109e-01
3.910378004577061417e-01
3.953797590302712273e-01
3.910298954135425498e-01
4.015333040251113372e-01
3.944697011720202928e-01
3.941986779113022532e-01
4.059546729385834496e-01
3.932409381770750612e-01
3.934242447491105854e-01
3.918760950383201602e-01
4.002003263041071790e-01
3.919398067641254868e-01
3.924585967857704971e-01
3.934642795618166766e-01
4.027542989287130615e-01
3.984286950708058606e-01
3.936557714535544594e-01
3.922831984428478136e-01
3.941986269521134401e-01
3.918760950383201602e-01
3.998731683119693403e-01
4.005836094728170704e-01
3.967525995767193225e-01
3.949008891631576312e-01
3.960342947760489563e-01
3.937037144953735579e-01
3.916525689265190069e-01
4.000088344123695627e-01
3.958746714870110539e-01
3.914770368157255431e-01
3.970718461547950717e-01
3.945179244893780024e-01
3.961141064205678797e-01
3.958666772642669418e-01
3.946774968192270361e-01
3.979417800217592283e-01
3.961061886366070151e-01
3.893140740468321592e-01
3.975427982379478586e-01
3.936239028508547455e-01
3.960105318693185605e-01
3.945735910332503482e-01
4.019324386864892018e-01
3.976064335249699377e-01
4.000809257397842655e-01
3.962496355681480176e-01
3.992029976500758859e-01
3.882684711162545099e-01
3.976707185416493706e-01
3.966567453425741685e-01
3.920839034253238986e-01
3.954515191229586724e-01
4.008631843224068070e-01
3.892262108504817020e-01
3.928101387497525132e-01
3.946695025964829795e-01
3.958509085802806027e-01
3.926742114835095609e-01
3.939275017730176076e-01
3.959545340907188460e-01
3.980856346268107915e-01
3.948452130644372615e-01
4.012860245614277011e-01
4.002724048917248312e-01
3.931373126666368734e-01
3.956352875126431523e-01
4.011184771185304365e-01
4.024990889412716211e-01
4.015973469856440325e-01
3.998653046721467597e-01
3.928978777330801031e-01
3.966728388913893233e-01
3.927540995668117318e-01
3.958666772642669418e-01
3.933925927229631747e-01
3.945977361338969258e-01
3.951484489023797675e-01
3.981892601372490348e-01
3.962737297096057265e-01
3.963535923133135186e-01
3.921795729324096813e-01
3.926024450209235628e-01
4.015254594949844713e-01
3.965212575993348754e-01
3.947414697108750370e-01
4.001765060682895281e-01
3.941267299066060215e-01
3.928257864056652893e-01
3.942065415511249449e-01
3.887634409020817583e-01
3.934882367504545231e-01
3.988197081114676079e-01
3.993065722013252605e-01
3.866085265000704929e-01
3.963456235701637853e-01
3.961141573797568038e-01
4.005037468691093339e-01
3.908304952926919262e-01
3.925225824172157707e-01
3.904233855182657198e-01
3.926822057062536730e-01
3.860337450697243211e-01
3.947652230627575198e-01
3.851638685318474753e-01
3.918920038600758327e-01
3.922590533422012360e-01
3.947652230627575198e-01
3.966486937907426902e-01
3.900642474502023505e-01
3.888110399693763264e-01
3.935759598090355360e-01
3.980691907335728308e-01
3.914210454070242706e-01
3.915165747763408310e-01
3.862411967424064230e-01
3.967760790229618584e-01
3.935917730823120797e-01
3.947090405570982119e-01
3.940864434829050578e-01
3.998250469129893681e-01
3.928813701408559456e-01
3.941664780738751150e-01
4.008704332670146031e-01
3.895374026917767796e-01
3.937671969048294196e-01
3.950444061635833282e-01
3.940145273277018134e-01
3.952040294526211750e-01
3.976937552799392206e-01
3.971832015371852265e-01
3.935356574605882174e-01
3.939746039882212614e-01
3.968877465303835006e-01
3.950121553669674324e-01
4.040865759608712193e-01
3.921227916562818328e-01
3.949082368411936939e-01
3.915641101446493133e-01
3.953230637477746501e-01
3.937988361911795021e-01
3.943574412640288851e-01
3.958022011506294735e-01
3.972306604667105168e-01
3.891060936725661557e-01
3.906861056161579082e-01
3.872623551871033909e-01
3.981085885564188409e-01
3.990744785759057778e-01
4.012291254421758713e-01
4.031367985998949299e-01
3.990742110401646059e-01
3.939746039882212059e-01
3.905343650766385233e-01
3.923864385744204042e-01
3.990742110401646059e-01
3.930966758985129372e-01
3.941258890799906323e-01
3.924581827423614389e-01
3.958098131794575147e-01
3.954829545725537243e-01
3.967596733491154382e-01
3.955546923705960394e-01
4.068316965026905208e-01
4.002716532436898511e-01
4.000477067185809754e-01
3.902871238323463166e-01
4.033997957883763141e-01
3.903588584454395494e-01
3.935031518680282558e-01
3.956981584118330342e-01
3.938302716407746096e-01
3.941100057378295052e-01
3.927927202620283831e-01
3.933118892926402710e-01
4.020508710262248875e-01
3.925855042755945767e-01
3.972542991604182117e-01
3.959456735617651324e-01
3.929444703563957919e-01
3.908377283125532564e-01
3.894327579975626619e-01
3.962649201398407706e-01
4.022824327651112197e-01
3.920268227639620573e-01
3.994968984016189495e-01
3.926491459325153199e-01
4.018912477371869851e-01
3.948040603345265853e-01
3.998880834295431841e-01
3.904144198859851311e-01
3.979085355209616703e-01
3.904942315305040546e-01
3.947880113750017461e-01
3.875412006833034440e-01
3.930321551955852644e-01
3.875331109120804252e-01
3.955861278201910913e-01
3.890495321579401922e-01
3.908772407935739435e-01
3.935987958955194932e-01
3.986189703119107364e-01
3.943171006961899150e-01
3.929680803855597482e-01
3.970306966098337553e-01
3.948678230195206695e-01
3.978288130550230450e-01
3.934312134181799370e-01
3.889616275572489457e-01
3.971666111362794349e-01
3.967912616762769296e-01
3.955703782459008000e-01
3.903346082414662632e-01
3.929444703563957919e-01
3.916914061982881834e-01
4.025859233989977914e-01
3.929683925105911246e-01
3.988347761066077246e-01
3.996725706501816910e-01
3.931760289103326533e-01
3.898476486031295374e-01
3.919069189776496209e-01
3.838536823080371252e-01
4.008379467841504673e-01
3.944605348879338669e-01
4.006063882302136059e-01
3.958173328447557315e-01
3.929444703563957919e-01
3.943807232434148879e-01
3.876769018181460691e-01
3.962163910673504041e-01
3.940539570000409220e-01
3.959688568077227022e-01
3.994811488273285471e-01
3.923854321304415249e-01
3.922981008206244402e-01
3.868703293325640447e-01
3.921463539112064467e-01
3.914994047146623246e-01
3.933435285789904645e-01
3.918186512927380183e-01
3.951151279627989066e-01
3.949394047550474629e-01
3.959930560525072307e-01
3.894324012832409143e-01
3.982277820990374195e-01
3.901507060839113361e-01
3.885705731122462425e-01
3.930239252865930233e-01
4.010211896572001278e-01
3.901507060839113361e-01
3.927927202620284386e-01
3.946120588509008376e-01
3.945485764414449759e-01
3.918903604262367613e-01
3.937425868015850816e-01
3.987622643658854105e-01
3.997520701696692380e-01
3.958890451632037233e-01
3.996003105204539718e-01
3.921297953597935870e-01
3.913156172152822965e-01
3.917226314412293187e-01
3.984188535774674800e-01
3.967507650459223267e-01
4.002545214014029962e-01
3.909962177596400523e-01
3.961043158864183678e-01
3.928318855835755685e-01
4.000870408424410107e-01
3.895677170392180533e-01
3.972059611848858807e-01
3.938058398946911454e-01
3.948037482094952644e-01
3.919620663747861999e-01
3.923295872294081943e-01
3.912518672700852074e-01
3.924892105184460411e-01
3.913478807516953539e-01
3.970384742560253977e-01
3.941412883098581177e-01
3.935267618971922121e-01
3.913559768928170368e-01
3.941731186931664022e-01
3.914357885373360157e-01
3.944923652712420403e-01
3.920025630051408028e-01
3.952106700719125731e-01
3.900153616633905140e-01
3.889055501549166793e-01
3.925774208742701665e-01
3.987066519661510156e-01
3.946444370454886830e-01
4.005423197900865318e-01
3.959214233577916797e-01
3.960728676970261541e-01
3.885706622908265961e-01
3.990258985442267647e-01
3.938382308290763190e-01
3.974217956441267185e-01
3.955223651351970071e-01
3.912762990161686161e-01
3.933593609619627229e-01
3.945485764414449759e-01
3.911246349154325341e-01
3.904781825709792709e-01
3.899991789359950611e-01
3.916753572387632887e-01
3.924733399160820757e-01
3.930164056212948065e-01
3.888020042682110433e-01
3.934873959238390784e-01
3.961365794228315362e-01
3.927690911231686566e-01
3.939099495174229748e-01
3.941337686445599009e-01
3.915236931380272067e-01
3.962009918374828632e-01
3.960729568756065078e-01
4.004310089969864150e-01
3.939978541181142213e-01
3.931681493457633292e-01
3.928006794503301480e-01
3.962808034820017866e-01
3.928804910948491269e-01
3.946047589471041728e-01
3.903346082414662077e-01
3.875015225849189338e-01
3.912044465599514576e-01
3.908457289051957551e-01
3.903265184702431889e-01
3.958659765754208859e-01
3.915317829092502810e-01
3.940303087514853697e-01
3.951233069126023900e-01
3.891696843702980857e-01
3.928168558078268813e-01
3.900397265255386436e-01
3.955466153391704598e-01
3.936312505288906971e-01
3.908377283125532009e-01
3.943495553295611744e-01
3.947404186776058976e-01
3.939504971069665018e-01
3.909892713852158863e-01
3.925936991501445261e-01
3.911408112729292119e-01
3.962650347980155030e-01
3.919308411318449537e-01
3.943574412640288851e-01
3.933593609619627229e-01
3.982682118454567433e-01
3.939180424735952424e-01
3.993136459737213206e-01
3.892091554469780945e-01
3.935435497649545922e-01
3.971105082543526787e-01
3.925059983862084212e-01
3.936866973112614909e-01
3.948205360772575334e-01
3.973580329591325233e-01
3.927454333197652470e-01
3.922500877099207028e-01
3.964167689676362794e-01
3.925693342879963965e-01
3.923463750971705744e-01
3.943251904674129338e-01
3.992259515796839353e-01
3.944929003427244951e-01
3.951318903509669078e-01
3.911408112729292119e-01
3.910693887848675776e-01
3.979248010570387573e-01
3.936233614094735156e-01
3.945727119872434741e-01
3.921788595037663527e-01
3.959295099440653387e-01
3.952915136400048102e-01
3.906619414058156159e-01
3.950441832171323608e-01
3.928168558078268813e-01
3.907264557388447912e-01
3.957618000687537774e-01
3.972552036860194091e-01
3.897042016715884793e-01
3.911816104734675559e-01
3.960093215885843732e-01
3.906229289618349809e-01
3.918591160735997447e-01
3.984523783538034269e-01
3.927370441633080134e-01
3.928734682816416579e-01
3.898557383743525562e-01
4.009344443780541445e-01
3.939342188310920312e-01
3.944697011720203483e-01
3.940938421201298225e-01
3.976621669527778402e-01
3.871502290469824858e-01
3.965448039295126903e-01
3.852347495785280462e-01
3.926419352072992308e-01
3.960810466468295821e-01
3.959861224178801153e-01
3.918510294873260302e-01
3.925700222370452908e-01
3.900072718921673842e-01
3.912132242802234261e-01
3.908771070257033853e-01
3.969675581749024240e-01
3.925612445167733777e-01
3.929769759489556979e-01
3.924097109989584942e-01
3.932243031868788985e-01
3.954425534906781392e-01
3.960177107450416623e-01
3.951313934988759935e-01
3.951476717747504641e-01
3.934553489639783797e-01
3.928489027676875800e-01
3.964164632125034560e-01
3.898958719204869694e-01
3.905023181167777691e-01
3.891775671198165476e-01
3.904225064722588456e-01
3.916517280999035622e-01
3.932159140304215539e-01
3.951634404587366922e-01
3.917712178428070513e-01
3.905343650766385233e-01
3.994331357166248098e-01
3.954107549568628976e-01
3.883554871160910249e-01
3.931760289103326533e-01
3.903507782290643879e-01
3.956501898904196679e-01
3.862884645749739554e-01
3.938943337110030751e-01
3.934634323653028454e-01
3.946924501561925314e-01
4.015244084617153875e-01
3.955703782459008000e-01
3.935674751040992847e-01
3.926892794786497332e-01
3.930087935924667097e-01
3.925375357541812660e-01
3.945969526363688473e-01
3.942214566686987332e-01
3.949960108589635199e-01
3.894248816179427530e-01
3.944373293473310560e-01
3.947722618007113438e-01
3.918833567227250625e-01
3.955703782459008000e-01
3.915560331132236782e-01
4.000398303389611776e-01
3.903588584454396604e-01
3.964561827152289220e-01
3.906781050235154651e-01
3.987707204062780897e-01
3.905982933789964306e-01
3.936627751570662137e-01
3.884514560084108004e-01
3.992495902733916302e-01
3.856580484502481476e-01
3.982120388946454592e-01
3.870229202535466206e-01
4.002713857079485682e-01
3.894172695891147118e-01
3.923857888447632170e-01
3.946130971443727598e-01
3.909491792434224289e-01
3.911811964300585531e-01
3.903106860872709305e-01
3.954192810661399382e-01
3.940618333796608308e-01
4.024427057838062538e-01
3.919867306221684888e-01
3.962173975113292279e-01
4.036471039166035779e-01
3.958981509332535897e-01
3.918428505375226578e-01
4.006070379598707376e-01
3.986189703119106809e-01
3.895930310162576404e-01
3.947160697402042340e-01
3.947009762654694609e-01
3.942371998730906379e-01
3.907103940395227903e-01
3.881715148896516254e-01
3.953394694216210148e-01
3.933514017736609025e-01
3.907902056840417138e-01
3.931839052899526177e-01
3.967043316700715749e-01
3.889538881304490103e-01
3.955869686468064805e-01
3.950915083787870929e-01
3.911013847855396297e-01
3.929365939767759386e-01
3.902951976788229249e-01
3.963763710707099430e-01
3.882999065658495619e-01
3.931839052899526177e-01
3.910135024794933467e-01
3.941337686445599009e-01
3.888585880774820813e-01
3.937425868015851371e-01
3.977974922636028365e-01
3.951713200233060164e-01
3.930966758985129372e-01
3.937425868015851371e-01
3.857459339412436239e-01
3.935750871329274370e-01
3.964487649683082204e-01
3.968473645582037412e-01
3.930886052369856332e-01
3.944530152226356501e-01
3.920510538582395177e-01
3.881478953056397563e-01
3.961851084953219027e-01
3.955703782459007445e-01
3.896567045226714265e-01
3.963684946910900897e-01
3.893455286061229259e-01
3.979647275814687801e-01
3.946130971443727042e-01
3.951634404587366922e-01
3.998806656826224271e-01
3.973981665052668810e-01
3.934159224765886309e-01
3.947722618007113438e-01
3.950919670114863003e-01
3.900712511537140492e-01
3.967680115463839141e-01
3.939022100906229285e-01
3.961931855267475933e-01
3.932558405548515768e-01
3.941978944137742302e-01
3.910053521942336019e-01
3.889939802722424678e-01
3.937908738179285995e-01
3.945090639604241778e-01
3.912369011933226615e-01
3.943494406713863309e-01
3.926735107946635051e-01
3.875816017651791401e-01
3.924340758611066238e-01
3.935118658893141941e-01
3.964088766632699046e-01
3.883241089955833947e-01
3.961773340340795091e-01
3.927935610886437723e-01
3.995294231038747368e-01
3.915883221292310590e-01
3.976060513310539224e-01
3.911013847855396297e-01
3.944135855502965415e-01
3.916600662971721492e-01
3.969675581749024240e-01
3.942140389217780871e-01
3.921148292830309301e-01
3.938947923437022824e-01
3.939583830414342125e-01
3.948525320779295855e-01
3.915561477713984107e-01
3.908619498519827484e-01
3.953871067083072899e-01
3.956506485231189307e-01
3.944293669740800423e-01
3.929370526094750904e-01
3.976858629755728458e-01
3.908619498519827484e-01
3.925779177263610253e-01
3.924581827423614389e-01
3.950362845428672665e-01
3.943655915492886299e-01
3.969517640113217061e-01
3.950202228435453766e-01
3.930409934298939034e-01
3.872784933252086392e-01
3.932085153931967336e-01
3.854589508995809877e-01
3.905826266133876068e-01
3.943099823345035393e-01
3.941662551274239257e-01
3.935118658893141941e-01
3.964009811739542255e-01
3.943897939790224627e-01
3.951239948616511732e-01
3.918438824610958604e-01
3.916122825028179877e-01
3.878533002351491343e-01
3.911413081250201818e-01
3.901597768195189664e-01
3.923384827928041996e-01
3.869673110387615855e-01
3.970552621237877222e-01
3.859378207666946947e-01
3.967281232413456538e-01
3.890504749029330966e-01
3.959300067961561975e-01
3.935118658893141941e-01
3.976937552799391651e-01
3.927854967970150768e-01
3.969754504792687988e-01
3.956587159996967640e-01
3.874778647815155241e-01
3.936634248867234565e-01
3.937031730539924390e-01
3.947009762654695719e-01
3.960975223895605302e-01
3.946292289125792885e-01
3.992899881703179110e-01
3.944696056235413861e-01
3.973823978212806529e-01
3.898324659498144662e-01
3.967517905995969763e-01
3.958981509332535897e-01
3.976218327548375342e-01
3.917479454182689613e-01
3.940224196320681327e-01
3.954990927106589171e-01
3.942460667719428491e-01
3.898324659498144662e-01
3.970394743301056129e-01
3.867996234580949322e-01
3.973666163974970966e-01
3.939028598202801712e-01
3.946530204838533118e-01
3.927056851524961534e-01
3.951318903509669078e-01
3.941422947538369970e-01
3.949003477217765679e-01
3.965366440894051436e-01
3.913088237184243479e-01
4.011576519949253683e-01
3.894652635901225124e-01
3.924581827423614389e-01
3.971192859746246473e-01
3.875098607821874652e-01
3.950362845428672665e-01
3.982763621307164326e-01
3.992663017023708738e-01
3.976297951280883813e-01
3.959940242770945140e-01
3.973903601945315556e-01
3.963132708551701522e-01
3.953233312835159330e-01
3.931287037486778657e-01
3.906144442568986741e-01
3.952915136400048102e-01
3.898243984732365774e-01
3.964167689676362794e-01
3.886272238054525596e-01
3.986514950141664682e-01
3.940544156327401293e-01
3.968956388347498754e-01
3.886272238054526151e-01
3.932243031868788985e-01
3.904628916293881313e-01
3.934637381204357243e-01
3.927137494441248489e-01
3.941022312765871671e-01
3.914286988401932121e-01
3.912290120739054800e-01
3.895051518951608838e-01
3.972148854128256246e-01
3.891859053170850791e-01
3.915403663476148544e-01
3.878371748368411587e-01
3.948205360772575334e-01
3.923066269299015363e-01
3.960975223895605302e-01
3.933361108320697075e-01
3.892416100803492429e-01
3.922187478088046131e-01
4.000240680248733915e-01
3.921389361642856897e-01
3.994575005787729949e-01
3.949161992144446520e-01
3.960413685484450164e-01
3.882999065658495619e-01
3.926094678341307542e-01
3.895688190316758948e-01
3.903747417876005654e-01
3.869431086090276417e-01
3.965202384155586124e-01
3.894172695891146563e-01
3.966798617045964592e-01
3.960416360841862438e-01
3.964404267710396890e-01
3.918116189246826919e-01
3.934873959238390784e-01
3.921227916562818328e-01
3.914122931663467364e-01
3.926097353698720371e-01
3.919709746779793114e-01
3.979571155526406834e-01
3.926094678341307542e-01
3.928572409649561670e-01
3.964404267710396890e-01
3.895849635396798072e-01
3.940539570000409220e-01
3.970872581244597743e-01
3.958896248239764382e-01
4.001999122606981762e-01
3.913324815218278130e-01
3.926976176759183201e-01
3.983559062394941286e-01
3.930805313905090803e-01
3.909413028638024645e-01
3.900476888987895463e-01
3.922182891761054613e-01
3.922824149453197351e-01
3.955703782459008000e-01
3.955627662170725922e-01
3.934952754884084025e-01
3.942938505662970106e-01
4.020351214519344851e-01
3.935038015976856096e-01
4.005985118505936415e-01
3.945332854998537253e-01
3.931760289103326533e-01
3.875098607821875207e-01
3.971508488221916489e-01
3.934320542447953262e-01
3.981085885564188409e-01
3.900719008833712920e-01
3.930006433072070204e-01
3.944615413319127462e-01
3.934795131743206165e-01
3.933441783086476518e-01
3.977095303338241683e-01
3.907023265629449016e-01
3.963448464425345374e-01
3.942059682602507276e-01
3.973745087018634714e-01
3.943655915492886299e-01
4.053556731537570346e-01
3.989946669313868544e-01
3.950599710108144147e-01
3.969913019719368830e-01
3.904308956287161347e-01
3.953071804056136340e-01
3.883557928712237928e-01
3.914842985001303344e-01
3.937908738179285995e-01
3.937109475152348326e-01
3.947486135521557915e-01
3.937190245466605232e-01
3.899599148810197757e-01
3.930007197459901569e-01
3.969035279541670569e-01
3.960254852062840003e-01
3.984120600806096424e-01
3.929047508536703259e-01
3.928252449642841704e-01
3.950758225034824433e-01
3.870788065589208515e-01
3.913246752110924875e-01
3.897204799474628945e-01
3.865278995085306701e-01
3.922744525720688324e-01
3.925137728474508148e-01
3.956265416418641157e-01
3.926653159201134446e-01
3.965921673105590739e-01
3.921783626516754939e-01
3.976297186893052449e-01
3.907417530503346503e-01
4.020991707823656225e-01
3.910609996284103995e-01
3.978770363723805326e-01
3.911408112729293229e-01
3.903747417876005654e-01
3.909175399570721798e-01
3.916438453503851003e-01
3.917954680467804485e-01
3.904387847481333162e-01
3.954668036946514809e-01
3.988190074226214965e-01
3.929845624981892493e-01
3.961132974434454779e-01
3.872300406915014093e-01
3.938864541464337510e-01
3.919470111194430784e-01
3.920429035729797729e-01
3.958577817008708810e-01
3.924419617955744455e-01
3.877887222031339287e-01
3.967517905995969763e-01
3.926572325187890344e-01
3.989145877511266480e-01
3.933755373194594007e-01
3.931681493457633292e-01
3.926653159201135002e-01
3.938864541464337510e-01
3.910771632461099712e-01
3.961852231534966351e-01
3.870148464070699568e-01
3.931602665962449228e-01
3.918833567227250625e-01
3.905984080371711076e-01
3.928410964569523101e-01
3.916280702965001526e-01
3.917318072801637685e-01
3.921069401636137486e-01
3.888666587390093299e-01
3.909895771403486542e-01
3.958102718121567221e-01
3.921788595037663527e-01
3.928491703034288629e-01
3.926577293708799488e-01
3.942938505662969551e-01
3.928971643044367190e-01
4.005989704832928489e-01
3.970473698194214029e-01
3.922187478088046131e-01
3.945012894991818397e-01
3.962093300347513947e-01
3.978454862646106371e-01
3.997210423935845247e-01
3.917876935855379439e-01
3.978853745696490085e-01
4.003994588892166862e-01
3.938149806991833035e-01
3.934558458160692385e-01
3.935755457656265333e-01
3.897204799474629500e-01
3.962093300347513947e-01
3.921148292830309301e-01
3.915004430081341913e-01
3.894889309483739459e-01
3.896567045226714265e-01
3.935593248188395399e-01
3.937270983931371315e-01
3.907738000101952380e-01
3.966801292403377421e-01
3.911009261528403669e-01
3.908619498519827484e-01
3.933277726348011760e-01
4.014768985730011175e-01
3.959615569039260374e-01
4.010778403504064449e-01
3.949959344201803835e-01
3.941261566157318041e-01
3.944372529085478640e-01
3.972388107519703726e-01
3.973104721112294957e-01
3.965205059512999508e-01
3.903668590380822145e-01
3.903750093233418483e-01
3.910930465882709872e-01
3.958820127951483414e-01
3.926015850846124033e-01
3.914842985001303344e-01
3.989067050016082416e-01
3.950758225034824433e-01
3.985076467790135690e-01
3.968236016514733455e-01
3.981884002009378198e-01
3.984198345418520359e-01
3.916438453503851003e-01
3.948283105384999270e-01
3.915561477713984107e-01
3.892414954221744550e-01
3.926173473987001339e-01
3.895607420002502042e-01
3.940460774354715978e-01
3.893213070666934339e-01
3.945249473025852494e-01
3.945888756049432122e-01
3.923700329005739840e-01
3.896486306761948737e-01
3.890977554752976242e-01
3.961214477287052227e-01
3.919069189776495654e-01
3.969993758184134913e-01
3.959773128481153259e-01
3.925299237253531137e-01
3.979647275814687801e-01
3.905346326123797507e-01
3.970867994917605115e-01
3.922824149453197351e-01
3.960571244926342493e-01
3.918035450782060836e-01
3.963763710707099985e-01
3.922824149453197351e-01
3.998161449796946987e-01
3.986754203533111052e-01
3.930400252053066756e-01
3.962891416792703181e-01
3.933592717833824248e-01
3.886191531439252000e-01
3.900869943581060650e-01
3.887868470944904065e-01
3.928804019162687178e-01
3.895849635396797517e-01
3.966315492086586736e-01
3.924501120808341903e-01
3.977489122319237680e-01
3.866955998289943186e-01
3.895283128464734346e-01
3.942857799047697065e-01
3.933671386081544208e-01
3.864723094034412942e-01
3.909008412678899869e-01
3.878291073602631589e-01
3.977725031513918985e-01
3.864723094034412942e-01
4.016191734431997507e-01
3.929370526094750349e-01
3.972373838946838265e-01
3.931926193112385004e-01
3.971654199652410733e-01
3.927218105508040735e-01
3.994001460117712621e-01
3.911255776604254941e-01
4.004376973905173775e-01
3.908063310823496339e-01
3.947789151597999036e-01
3.857701363709774567e-01
3.984502508076708804e-01
3.900719008833712920e-01
3.907883329338531775e-01
3.961295183902324712e-01
3.919056959571181609e-01
3.902153860343040015e-01
3.927836240468265405e-01
3.983642444367626601e-01
3.900700281331826447e-01
3.930168642539939583e-01
3.895113466215501252e-01
3.977894184171263392e-01
3.917460726680803140e-01
3.930007197459902124e-01
3.891122883989554526e-01
3.927612848124333866e-01
3.918978514269913505e-01
3.932320776481212921e-01
3.968618592624699182e-01
3.938705708042727904e-01
3.946271332159397294e-01
3.974701718390505900e-01
3.919213754625240909e-01
3.942777060582931536e-01
3.931905236145988858e-01
3.898001769338070854e-01
3.971889440007738137e-01
3.953071804056136895e-01
3.991122584445072063e-01
3.944211720995300929e-01
3.988649885356714830e-01
3.874775590263826452e-01
3.943235597733711906e-01
3.941019255214543437e-01
3.951216762185605358e-01
3.905902131626212137e-01
3.923924071694095406e-01
3.916277645413673292e-01
3.896788112557657002e-01
3.910609996284104550e-01
3.852093591627053226e-01
3.909013763393725527e-01
3.953532761768382975e-01
3.913085179632916355e-01
3.976678138678874652e-01
3.942615488104922461e-01
3.968696974226980645e-01
3.932159140304216094e-01
3.950340295987626038e-01
4.000797154590499671e-01
3.989448001801904065e-01
3.934553489639784352e-01
3.966302624891412942e-01
3.980844243460766041e-01
4.013391495157584421e-01
3.957698866550276029e-01
3.991999018793558895e-01
3.924177975852322642e-01
3.998383950355073879e-01
3.982440476351145064e-01
3.990402785903180982e-01
3.944050021119319682e-01
3.997585833909885200e-01
3.972701315433905256e-01
3.958478128095606619e-01
3.903265184702431889e-01
3.927351586733222044e-01
3.864157478888153308e-01
3.956083778760038916e-01
3.899193672914761377e-01
3.977711208833955014e-01
3.918267506188090055e-01
3.927429872787024934e-01
3.890495321579401922e-01
3.929026105677403957e-01
3.916752234708927860e-01
3.949057271011450210e-01
3.945484426735744732e-01
3.972202647921940777e-01
3.932714563612714764e-01
3.999338607058378625e-01
3.900072718921674952e-01
4.055128504017321833e-01
3.917469389742901376e-01
3.944190318136002182e-01
3.927127748496389570e-01
3.948979016807138143e-01
3.865672782216809100e-01
3.960152647039789087e-01
3.914357885373359047e-01
3.957758297704220274e-01
3.912680691071764860e-01
3.945708264972577761e-01
3.943009115988960755e-01
4.030230290259351200e-01
4.032236139479256076e-01
3.916819405289673206e-01
3.930794293980511278e-01
3.987851768911525596e-01
3.904537508248958622e-01
3.970293207117359668e-01
3.918105487817177823e-01
3.953611111521174171e-01
3.973973638980432543e-01
3.944033714178901140e-01
3.879876923558291391e-01
3.952014878630795147e-01
3.921378978708137675e-01
3.968775323979770731e-01
3.915873156852521797e-01
3.926475152384735767e-01
3.926329632051199225e-01
3.960715809775086638e-01
3.938382308290763190e-01
3.882578747899320670e-01
3.949475008961690903e-01
3.959432784798911920e-01
3.906295759510249321e-01
3.977789463038267082e-01
3.871976752367106700e-01
3.983376278154592276e-01
3.861520245318936229e-01
3.963345112820546579e-01
3.895122129277597822e-01
3.927429872787025489e-01
3.993290452035888061e-01
3.910591141384245906e-01
3.974852780535824692e-01
3.922562888062086084e-01
3.962082917412794725e-01
3.916976072945760334e-01
3.888737197716082838e-01
3.964863059657121602e-01
3.901507060839112806e-01
3.987210320122423490e-01
3.922258088414035671e-01
3.934534634739926262e-01
3.967750725789829791e-01
3.996709399561398368e-01
3.955778979111989613e-01
3.962390392418256302e-01
4.008454664494486841e-01
3.950418645740415569e-01
3.940614766653390832e-01
3.948102614308145464e-01
3.899910827948733782e-01
3.959276244540796408e-01
3.893363878016308788e-01
3.920090220823220228e-01
3.903739391803769943e-01
3.932938401849547794e-01
3.927763910269653214e-01
3.938446899062575390e-01
3.904618533359162091e-01
3.938446899062575390e-01
3.905416649804351326e-01
3.952014878630794592e-01
3.895920245722788167e-01
3.991122584445072619e-01
3.907891992400628345e-01
3.995911283116209134e-01
3.872057713778323529e-01
4.022170776054667662e-01
3.891293438024592266e-01
3.955050613056479980e-01
3.900789905805140401e-01
3.922327838803716382e-01
3.894404974243625417e-01
3.888008831660574316e-01
3.919146584044495008e-01
3.931826822694211576e-01
3.950273125406880137e-01
3.982906275186330891e-01
3.906931857584526879e-01
4.001184508124416839e-01
3.942048981172858180e-01
3.929354028057374659e-01
3.929279118049829322e-01
3.978039131213924606e-01
3.938856515392100688e-01
3.911716989112448140e-01
3.962001892302592920e-01
3.944439763365211737e-01
3.954899869406090507e-01
3.952342418816848224e-01
3.922096070043124549e-01
3.980996069993917308e-01
3.912518672700853184e-01
3.993844473966695063e-01
3.935664049611344306e-01
3.940292131289260258e-01
3.910124323365284926e-01
3.952263877967100991e-01
3.972377406090053520e-01
3.955456343747857928e-01
3.962001892302592365e-01
3.871654117002976125e-01
3.976367988316001356e-01
3.906771240591307426e-01
3.957930253116950237e-01
3.986661425959990845e-01
3.939573574877595630e-01
3.938774439248629577e-01
3.941169807767973543e-01
3.992248241076316040e-01
3.958809426521835428e-01
3.962717932604309934e-01
3.900546926023012451e-01
3.929197041906356547e-01
3.916428197967103952e-01
3.910840363667001385e-01
3.884584597119225546e-01
3.978758770508352693e-01
3.930875350940207236e-01
3.958086220084191531e-01
3.946837679843994695e-01
3.959682452974569444e-01
3.911801581365865754e-01
3.923767212941048910e-01
3.899748809577822661e-01
3.935738959618889088e-01
3.883786480674035757e-01
3.994799576562901300e-01
3.918822547302671655e-01
3.981231596994682098e-01
3.894080937501802064e-01
3.984345585624678443e-01
3.906850800624831477e-01
3.944518240515971774e-01
3.922177095153327464e-01
3.986818412111008403e-01
3.903022300468782513e-01
3.938133308954456790e-01
3.871016617551006900e-01
3.863110363106657674e-01
3.929279118049829322e-01
3.910997349818018942e-01
3.881554149709380286e-01
3.897272384098783293e-01
3.894243019571699826e-01
3.931591391241925360e-01
3.978924356022480735e-01
3.946755603700523030e-01
3.990097986255131679e-01
3.945237879810400972e-01
3.978045246316582184e-01
3.909322639776879882e-01
3.943726239173440673e-01
3.959603975823809408e-01
3.938937540502303603e-01
3.992326750076572450e-01
3.919065622633279289e-01
3.963516049049500278e-01
3.969346958680208259e-01
3.965988907385323836e-01
3.937341307611925689e-01
3.982186572192918939e-01
3.906214766249541115e-01
3.923125955248905616e-01
3.982833944987718700e-01
3.947069448604586528e-01
4.018749185021238679e-01
3.957444962392048238e-01
3.970862198309877966e-01
3.969416709069887861e-01
3.960486684522416256e-01
3.980590339302539360e-01
3.919620663747861444e-01
4.036458490465794080e-01
4.010686995459142867e-01
3.977319460070004586e-01
3.948433912734373719e-01
3.980433480549492864e-01
3.904456451289263219e-01
3.953375966714324785e-01
3.940371691322784309e-01
3.952577850269135551e-01
3.929996177535322599e-01
3.995676138309359748e-01
3.946675534075110847e-01
3.942202336481673841e-01
3.897990430918559235e-01
3.900700281331827557e-01
3.901182896699316727e-01
3.954972199604703254e-01
3.890090355275854228e-01
3.989291206747845320e-01
3.897273403282559556e-01
3.967742062727733221e-01
3.949150972219866440e-01
3.962233661063183643e-01
3.918024430857481866e-01
3.929667618165492704e-01
3.945958506439110058e-01
3.943955364426110499e-01
3.919539574938672444e-01
3.952891312979281424e-01
3.907567828260832266e-01
3.932938401849547794e-01
3.893201732247423830e-01
3.915379840055381866e-01
3.858882725104281763e-01
3.944033714178901140e-01
3.844516629090873328e-01
3.949620529295226334e-01
3.878118608598014050e-01
3.942359131535731476e-01
3.878835636234015394e-01
3.991842351137471212e-01
3.875318496721575356e-01
3.944675099269018270e-01
3.826633393565024854e-01
3.934299585481556005e-01
3.842676938675972376e-01
3.977397873521781313e-01
3.922488583194906897e-01
4.023688627342763557e-01
3.928873514756421326e-01
3.984580921528486086e-01
4.039013584192552297e-01
3.961435544617993854e-01
3.945715144463066149e-01
3.951858147275721933e-01
3.907324370736309227e-01
3.987773387309243023e-01
3.880188411599870824e-01
3.944675099269017715e-01
3.882582760935439081e-01
3.927194919077133806e-01
3.892160158277711557e-01
3.951936528878003951e-01
3.968698120808729635e-01
3.927993035522323040e-01
3.995915296152326435e-01
3.977476255124063331e-01
3.908920603626687140e-01
3.966380974644201918e-01
3.961596289009184368e-01
3.906522241255001582e-01
3.954494425360149390e-01
3.939166665754973984e-01
3.968062404928368037e-01
3.952734645323193186e-01
3.922650920060749002e-01
3.935254433281817898e-01
3.876360166239766203e-01
3.940762898645353007e-01
3.950584995642376085e-01
3.946428063514468842e-01
3.977802075437495422e-01
3.992797135238748130e-01
3.902779129589696305e-01
3.935254433281817898e-01
3.961839746533708517e-01
3.910512823480948308e-01
3.925045269396316705e-01
3.942437481288522116e-01
3.902698008931014817e-01
3.936850666172196922e-01
3.883543214246470421e-01
3.975958371986474948e-01
3.903496125376204606e-01
3.931263851055871172e-01
3.897111193814689623e-01
3.985457419575956783e-01
3.924247152951127471e-01
3.898384345448036026e-01
3.883543214246470421e-01
3.939088284152693076e-01
3.911396137319924082e-01
3.998148901096705288e-01
3.891443226190190452e-01
3.929510886810420600e-01
3.882663945293107766e-01
3.930950260947753683e-01
3.905809322203598888e-01
3.936615521365346981e-01
3.963354858765404942e-01
3.980590339302539360e-01
3.948190646306807272e-01
3.969416709069888416e-01
3.967345440991352779e-01
3.933501469036367326e-01
3.901101776040635793e-01
3.925520304584473874e-01
3.860397837335978743e-01
3.943078866378639247e-01
3.894716844479120810e-01
3.991763969535189749e-01
3.957051047862572002e-01
3.933423055584589489e-01
3.950584995642375530e-01
3.987053652466335252e-01
3.943401947635671312e-01
3.923204336851187080e-01
3.920418780193050678e-01
3.952734645323193186e-01
3.936381109096837583e-01
3.973407291295835142e-01
3.907648917070020711e-01
3.984737652883558745e-01
3.907648917070020711e-01
3.995113166671019345e-01
3.921216896638239913e-01
3.934377967083838579e-01
3.911639499295967437e-01
3.922406220405997845e-01
3.951464232746246807e-01
3.942437481288521561e-01
3.917145225603104741e-01
3.904049542166643239e-01
3.934703787397270114e-01
3.919213754625240909e-01
3.890807382911856127e-01
3.974283789343306394e-01
3.890807382911856127e-01
3.968540179172922455e-01
3.963435979424086431e-01
3.904690863557774283e-01
3.886018684240719057e-01
3.972530761398868626e-01
3.941967924213163332e-01
3.970934528508489603e-01
3.881311074378772097e-01
3.958962781830649424e-01
3.922015013083429147e-01
3.948587268043187715e-01
4.013879461239900359e-01
4.013234700103526231e-01
3.950030145624751632e-01
3.940684517043071544e-01
3.969184940309296583e-01
3.936772316419406836e-01
3.925207478864186639e-01
3.973485672898117160e-01
3.965911417568843134e-01
3.951216762185605358e-01
3.966709534014032368e-01
3.982343303547989932e-01
3.985066212253388085e-01
3.932703352591178092e-01
3.945079301184731824e-01
3.918337256577769656e-01
3.940290602513596419e-01
3.973407291295835142e-01
3.977802075437495977e-01
3.904847658611832473e-01
3.917943342048293975e-01
3.979870604459631589e-01
3.940290602513595863e-01
3.971091323562548903e-01
3.984105886340328917e-01
3.896866494159938465e-01
3.952979344977943787e-01
3.973485672898116050e-01
3.935420783183777860e-01
3.948665681494964996e-01
3.992005898284048948e-01
3.948665681494964996e-01
3.925843385841505384e-01
3.987773387309243578e-01
3.944998180526050335e-01
3.967022359734319603e-01
3.945079301184731824e-01
3.961435544617994964e-01
3.946594413416429359e-01
3.986255536021146573e-01
3.913871639163665761e-01
3.981545187102800698e-01
3.894554507613279259e-01
3.988728235109504916e-01
3.966384987680320884e-01
3.955207344411552639e-01
3.935258446317936309e-01
3.948024296404847866e-01
3.822724027546237635e-01
3.983141419993179166e-01
3.946513260908255938e-01
3.992718817335451087e-01
3.927358466223711542e-01
4.035817105375676395e-01
3.950422658776533980e-01
3.973564022650906136e-01
3.904213089313219864e-01
3.936052549727007688e-01
3.941724562237119422e-01
3.961592275973066513e-01
3.965668055592800334e-01
3.951936528878003951e-01
3.927358466223711542e-01
4.022968892499856342e-01
4.006371994297457384e-01
3.982264953795199292e-01
3.945715144463066149e-01
3.938290167707503842e-01
3.965668055592800334e-01
3.933501469036367326e-01
3.912992370210303106e-01
3.967022359734319603e-01
3.939330212901551720e-01
3.987773387309243578e-01
3.974528488998056996e-01
3.949463797940154786e-01
3.950584995642376085e-01
4.028398912562123901e-01
3.939492486068405519e-01
4.032467908239846799e-01
3.867662006001364450e-01
3.999745133987083201e-01
3.910760294041589757e-01
3.969338295618111689e-01
3.874046937562879434e-01
3.952577850269135551e-01
3.933905670952080325e-01
3.927836240468265405e-01
3.948271766965488760e-01
3.982108158741141102e-01
3.913952759822346694e-01
3.998070487644928561e-01
3.926722622945376107e-01
4.005331949103409506e-01
3.996956870122039818e-01
4.022890510897574878e-01
3.906931857584526879e-01
3.946271332159397294e-01
3.898071519727748790e-01
3.959839311727615940e-01
3.959526486007328705e-01
3.911154208571064883e-01
3.998715248781303244e-01
3.916741023687390078e-01
3.977964221206379825e-01
3.875238968537544904e-01
3.998634191821607287e-01
3.872203234111858960e-01
3.906052684179642243e-01
3.903408093377541688e-01
3.903577246034885539e-01
3.958478128095606619e-01
3.931592410425701623e-01
3.936928984075494520e-01
3.858963813913470209e-01
3.905082612321723601e-01
3.942766040658352567e-01
3.953767715478274103e-01
3.949949088665056784e-01
3.939401619464865667e-01
3.903658334844073985e-01
4.002452818634824605e-01
3.936381109096837583e-01
3.988086722621416169e-01
3.948352855774677761e-01
3.979948954212421675e-01
3.919620663747861444e-01
3.967977207534581496e-01
3.831029738331843126e-01
4.003094331122913352e-01
3.895758227351875935e-01
3.919292104378030994e-01
3.890171412235551296e-01
3.928869501720303470e-01
3.942048981172859290e-01
3.948024296404847866e-01
3.902143158913391474e-01
3.925035523451457231e-01
3.980358570541947527e-01
3.952891312979281424e-01
3.956415077186266616e-01
3.972765906205717457e-01
3.939654631837290477e-01
4.009557580587725378e-01
3.920580862262948996e-01
3.973642340554204289e-01
3.926167677379274190e-01
3.971247991218636586e-01
3.955697985851280851e-01
3.901013744041973430e-01
3.965275383193552217e-01
3.964064943211931813e-01
3.923854321304415249e-01
3.958712890708540044e-01
3.915792163591812480e-01
4.025034746164580790e-01
3.931754492495599385e-01
4.006756226581058011e-01
3.935027951537066193e-01
3.883048177576708393e-01
3.970943191570587283e-01
3.972437219437915945e-01
3.914994047146623246e-01
3.944424985200455369e-01
3.931754492495599940e-01
3.914018369777936268e-01
3.996401924555936791e-01
4.016975391207363022e-01
4.002786856117451775e-01
3.991435664961303642e-01
3.942048981172859290e-01
3.949855387456639444e-01
3.934067816720965283e-01
3.958712890708539489e-01
3.989935967884220003e-01
3.945943027585509522e-01
3.922096070043125104e-01
3.997820596522817516e-01
3.962718951788086197e-01
3.941232519419697877e-01
3.949867999855867784e-01
3.940997852355244691e-01
3.941088718958785098e-01
3.936209153684108175e-01
3.948271766965488760e-01
3.934612920793729707e-01
3.974609609656737930e-01
3.933893058552852540e-01
3.930077234495018557e-01
3.894941765598716188e-01
3.976286931356305399e-01
3.884566251811254478e-01
3.961122718897707728e-01
3.950888075417803846e-01
3.972377406090053520e-01
3.993986363458029154e-01
3.922894186488313784e-01
3.910262263519485582e-01
3.910124323365284371e-01
3.966052287876402627e-01
3.913154643377156905e-01
3.970997208310722004e-01
3.912356526931968226e-01
3.919197702480766710e-01
3.930713205171322833e-01
3.923986401151902670e-01
4.008847496141198508e-01
3.913376602493905398e-01
3.911477289828097503e-01
3.904597321596821602e-01
3.929833968067452110e-01
3.857508451330649013e-01
3.996077633018168540e-01
3.915770951829471991e-01
3.933107554506891090e-01
3.882250061131519714e-01
3.928318855835754575e-01
3.871796388688223955e-01
3.882826218459962120e-01
3.879777553140118518e-01
3.882745097801280632e-01
3.868603922907467019e-01
3.941805714745292843e-01
3.930935164288070216e-01
3.940209481854913820e-01
3.939636286529319409e-01
3.920973534662196558e-01
3.898212390035306618e-01
3.911396137319924082e-01
3.933329513623638474e-01
3.936218899628967649e-01
3.933329513623638474e-01
3.908284824047340567e-01
3.952484308308182870e-01
3.916982952436250387e-01
3.922155883390987530e-01
3.925762233333333073e-01
3.914972835384283312e-01
3.909082940492529801e-01
3.922953999836176764e-01
3.920973534662196558e-01
3.958071123424508064e-01
3.928954699114090010e-01
3.921357766945797740e-01
3.919377301771817534e-01
4.045065815950147914e-01
3.953696308914960156e-01
3.978024034554242250e-01
3.892160158277711557e-01
3.948415567426402095e-01
3.928075398311232092e-01
3.881373786030496431e-01
3.900939439174794243e-01
3.930700592772094493e-01
3.887290243399416090e-01
3.931498709217283727e-01
3.865659851322649221e-01
3.921123195429822017e-01
3.891997694013897835e-01
3.942672339449934671e-01
3.871409130702788137e-01
3.936287407888420242e-01
3.881784644490249847e-01
3.935489291443230453e-01
3.908041270974339509e-01
3.907555215861603370e-01
3.916820551871422196e-01
3.949933609811457358e-01
3.919052373244188425e-01
4.004205528084332499e-01
3.942995866599868782e-01
3.982656384064219846e-01
4.001177055343054234e-01
3.972280870276758691e-01
3.946823793465044083e-01
3.984252616954598869e-01
3.975555985491860955e-01
3.951451620347017912e-01
3.898220033913628035e-01
3.915536380313497378e-01
3.909393664146278979e-01
3.999338607058378625e-01
3.938125856173095851e-01
3.971482753831568902e-01
3.910989897036657448e-01
3.939558096023995093e-01
3.932539041056770102e-01
3.961107240044107747e-01
3.931740924611580867e-01
3.993830014296870790e-01
3.887046403680977091e-01
3.957116657818160466e-01
3.899734923198873715e-01
3.977867685393083885e-01
3.949136767345987620e-01
3.969088404496001199e-01
3.946823793465044083e-01
3.965176012775379344e-01
3.971565403265914229e-01
3.967492171605622175e-01
3.890874266847164642e-01
3.976193230147887503e-01
3.952329233126745112e-01
3.991357442606485173e-01
3.960228990274519689e-01
4.020089634633302045e-01
3.996062791154428862e-01
4.029667031975575076e-01
3.917847379525872253e-01
4.001732956393947438e-01
3.938598407100795118e-01
3.927508126991337001e-01
3.897894468396138623e-01
3.963423367024858091e-01
3.963340016901665264e-01
3.963423367024858091e-01
3.964138133346854498e-01
4.021685867523680513e-01
3.905957072001644548e-01
4.047147339565428381e-01
3.918726935124674515e-01
3.967335695046493305e-01
3.884407927981531894e-01
3.992077304847362895e-01
3.900288817731706326e-01
3.909871310992859561e-01
3.863575461252996002e-01
3.936928984075494520e-01
3.872273271146975393e-01
3.964064943211932368e-01
3.866686456030649643e-01
3.938525216965873543e-01
3.912977209851632443e-01
4.030308608162648798e-01
3.916967792077579169e-01
3.953689429424470658e-01
3.925747072974661300e-01
3.921764771616896850e-01
3.935324470316934331e-01
3.955285662314849682e-01
3.899409230283412686e-01
3.925755353842843576e-01
3.920160257858335551e-01
3.948900730753334698e-01
3.939315052542881057e-01
3.900137309693486598e-01
3.910664331519167480e-01
3.936052549727007688e-01
3.970523064908368926e-01
3.947304497862956785e-01
3.977706112915073144e-01
3.946506381417766440e-01
3.937800290655605329e-01
3.920966655171707060e-01
3.978504229360262379e-01
3.908275078102481093e-01
3.944983338662309547e-01
3.924315661210580619e-01
3.918726935124673405e-01
3.954644086127774849e-01
3.957036524493762752e-01
3.978587579483455761e-01
3.933011591984469368e-01
3.988164976825727681e-01
3.913058680854735183e-01
3.976991346593076737e-01
3.893903886170190787e-01
3.973798880812319800e-01
3.909866215073977691e-01
3.945864805230692163e-01
3.913058680854736293e-01
3.999338607058378625e-01
3.924150840084283387e-01
3.953047853237396381e-01
3.922554607193904364e-01
3.936287407888420242e-01
3.873071387592164627e-01
3.919526962539444104e-01
3.906592278290117459e-01
3.938603503019676988e-01
3.879456319153679611e-01
3.948900730753335253e-01
3.961662313008182945e-01
4.000778299690643247e-01
3.950570153778634741e-01
3.979229155670530038e-01
3.929737655200608026e-01
3.986412203677234811e-01
3.943305634768826673e-01
3.943157247980920710e-01
3.949690566330342212e-01
3.931185501303080532e-01
3.968047244569696819e-01
3.888165563015645310e-01
3.964854778788939327e-01
3.932860083946249086e-01
3.956156968894960491e-01
3.970371556870149199e-01
3.924232311087386127e-01
3.959996043082687489e-01
3.897096351950948279e-01
3.901733542583864511e-01
3.913058680854735183e-01
3.924800569741565548e-01
3.915453030190303441e-01
3.979870604459631034e-01
3.890711420389433295e-01
3.947945946652057225e-01
3.974513647134315653e-01
3.931905236145988858e-01
3.952964503114202999e-01
3.927116537474852898e-01
3.913856797299924972e-01
3.960637428172805730e-01
3.905158955556454758e-01
3.959839311727615940e-01
3.883609811536342105e-01
3.973407291295834587e-01
3.906755188446833227e-01
3.977241014768735927e-01
3.864455016851798264e-01
3.994799576562901855e-01
3.891590975988236112e-01
3.967663617426464007e-01
3.929900565357325459e-01
3.984502508076709359e-01
3.905077516402842286e-01
3.984502508076709359e-01
3.865969810588564259e-01
3.915066377345234883e-01
3.879537790156782351e-01
3.945316356961162674e-01
3.896298235505759044e-01
3.976442898323546693e-01
3.986485393812155831e-01
3.927836240468265405e-01
3.925828543977765150e-01
4.002859186316062856e-01
3.911462447964356715e-01
3.996474254754549538e-01
3.873950975040457156e-01
4.037976309904395822e-01
3.904197928954549202e-01
3.954252496611290746e-01
3.884245017824815016e-01
3.943876982823829036e-01
3.896216764502655749e-01
4.000464836980495709e-01
3.905712658992330777e-01
3.965426126843941690e-01
3.904914542547141543e-01
3.965426126843941690e-01
3.887355980752975615e-01
4.003735716213030482e-01
3.944820364806609359e-01
3.898384345448036026e-01
3.971956323943047207e-01
3.943078866378639802e-01
3.966369508826722012e-01
3.939807987146105028e-01
3.907308891882709800e-01
3.960559014721027893e-01
3.893740912314490599e-01
3.902296514222205470e-01
3.887355980752975615e-01
3.968540179172921900e-01
3.871393651849188711e-01
3.963751480501785385e-01
3.891346562978922341e-01
3.915066377345234883e-01
3.902601696064170733e-01
3.964549596946974619e-01
3.934526353871744542e-01
3.992562085980379538e-01
3.913938236453538000e-01
3.973485672898117160e-01
3.889196626652667299e-01
3.963908275555844685e-01
3.862060667516229451e-01
3.935974199974217602e-01
3.919525051569862639e-01
3.900058959940696512e-01
3.893105769725001553e-01
3.957523343994329146e-01
3.939396523545983797e-01
3.945551597316488968e-01
3.861181111917427189e-01
3.957601693747119787e-01
4.004125394759934231e-01
3.984737652883558190e-01
3.994547997417662311e-01
3.980747070657611464e-01
3.976191319178307149e-01
4.013313113555302958e-01
3.884489335285650213e-01
3.965426126843941690e-01
3.904523621870009120e-01
4.012593378712395187e-01
3.881296869504892721e-01
3.969495090672170434e-01
3.935568787777768418e-01
3.927993035522324150e-01
3.921202691764360537e-01
4.018978310273910171e-01
3.874911937943377738e-01
4.010997145822016718e-01
3.926789506880685732e-01
3.980590339302539360e-01
3.905158955556453648e-01
3.959041195282427261e-01
3.936285496918838778e-01
3.953297521413054461e-01
3.945862894261111808e-01
3.888650089352717054e-01
3.926708099576566857e-01
3.946035996255590206e-01
3.988163065856147327e-01
3.898868616989161762e-01
3.989759298746525795e-01
3.883704404530564092e-01
3.886004160871909807e-01
3.863751493400831016e-01
3.957834640938951987e-01
3.938852948248885988e-01
4.000932928979176739e-01
3.956411510043051916e-01
3.897177791104560751e-01
3.877397981969306073e-01
3.871638064858501926e-01
3.938054831803696754e-01
3.867647482632555200e-01
3.905332057550933156e-01
3.914736352898727234e-01
3.918101920673962568e-01
3.956238408048574073e-01
3.940449181139263901e-01
3.908432828641330570e-01
3.923688735790288318e-01
3.884570710740275490e-01
3.910199233372829708e-01
3.941236978348719444e-01
3.971654199652410733e-01
3.902129272534441418e-01
3.989212761446576105e-01
3.857434751603837642e-01
3.971732644953679947e-01
3.892551875192168387e-01
3.973407291295835142e-01
3.909312320541144525e-01
3.991842351137472322e-01
3.950895719296125264e-01
3.993438584027850791e-01
3.963665582419154676e-01
4.018978310273910171e-01
3.977233561987373878e-01
3.962312042665466216e-01
3.958876883748018716e-01
3.993438584027850791e-01
3.970050513980669660e-01
3.955128994658761998e-01
3.991680969756420394e-01
3.967820476179509392e-01
3.992479086201609628e-01
3.997350784651515498e-01
3.935812818593165674e-01
3.978195989966971102e-01
3.895108879888508624e-01
3.970214825515077650e-01
3.951775147496952578e-01
3.959839311727615940e-01
3.892714530552940366e-01
3.967898857781791411e-01
3.932620352812408182e-01
4.006208447150880758e-01
3.959756311948846030e-01
3.979072488014442355e-01
3.900776974910981632e-01
3.941561015090542797e-01
3.950260194512720813e-01
3.927993035522324150e-01
3.956645126074235796e-01
3.946349713761678757e-01
3.929509166937798503e-01
3.951138412432815272e-01
3.924720468266661433e-01
3.942437481288522116e-01
3.906445038083961041e-01
3.989526351554694150e-01
3.936773463001156381e-01
3.980747070657611464e-01
3.877631598000489954e-01
4.025441591588215240e-01
3.905565673582117037e-01
3.974362139096096480e-01
3.906363790027306271e-01
4.003094331122913352e-01
3.901575091356170311e-01
3.937648782617386711e-01
3.935975346555966037e-01
3.940841248398144203e-01
3.893675174960930518e-01
3.967100741336602177e-01
3.940845261434260949e-01
3.936052549727007688e-01
3.932065980537178262e-01
3.959996043082688044e-01
3.895352624058467939e-01
3.988008436567613835e-01
3.936056562763125544e-01
3.968055525437879649e-01
3.951301959579391898e-01
3.958478128095607729e-01
3.933743397785227081e-01
3.934534634739926817e-01
3.932065980537178818e-01
4.002296214677724673e-01
3.957605706783238197e-01
4.024643475143026561e-01
3.947148976788616981e-01
4.013469844910375617e-01
3.916022435426232406e-01
4.013548162813671549e-01
3.925599832768504327e-01
4.008759464142535589e-01
3.881703428283090895e-01
3.956881895205228150e-01
3.899978858465790732e-01
3.999182066800263669e-01
3.948826425886155511e-01
3.906522241255001582e-01
3.927277281866042857e-01
3.964784741753824004e-01
3.963192521899563947e-01
3.996709399561398368e-01
3.921690466749718218e-01
4.025441591588215240e-01
3.987934131700434648e-01
3.995113166671019345e-01
3.963192521899564502e-01
4.017538745039618275e-01
3.946432076550587809e-01
4.007241517305960565e-01
3.929671631201611670e-01
4.043954873784670889e-01
3.955130141240511543e-01
4.049541688900997194e-01
3.904930021400740969e-01
4.032781243552021055e-01
3.905728137845930203e-01
4.028790661326073219e-01
3.928954699114090010e-01
3.998462236408878434e-01
3.943401947635671867e-01
3.995269770628121497e-01
3.917862221389613042e-01
3.991279188402173661e-01
3.924247152951127471e-01
3.961670593876364110e-01
3.921054687170369979e-01
3.961670593876364110e-01
3.956171810758701834e-01
4.014346279258861339e-01
3.913952759822347249e-01
3.980747070657611464e-01
3.985147269213083487e-01
3.983141419993179166e-01
3.994724666555355408e-01
4.040605804046811800e-01
3.977166104761190035e-01
4.035817105375675840e-01
3.949232029179563508e-01
4.024643475143024896e-01
3.941250864727669501e-01
3.999901865342155860e-01
3.999513365226492478e-01
3.980747070657610354e-01
4.048996584828232215e-01
3.975958371986474393e-01
4.013798404280204957e-01
3.976756488431664738e-01
3.972296349130358672e-01
3.983939536438368401e-01
3.992249260260092858e-01
3.976678138678873542e-01
4.008292646123575165e-01
4.024565125390234810e-01
3.980358570541948082e-01
3.946271332159397294e-01
3.920499837152746636e-01
3.974205407741024376e-01
3.963598125192970834e-01
3.903971160564361220e-01
3.951545321555435253e-01
3.990167736644811280e-01
3.985066212253388085e-01
4.022092394452385644e-01
3.942766040658352567e-01
4.018101812226438918e-01
3.932390526870890857e-01
4.006928181993787974e-01
3.941250864727668946e-01
3.969495090672170434e-01
3.988339734993841534e-01
3.928791151967513384e-01
3.927682885159449744e-01
3.943157247980921820e-01
3.875805316222142305e-01
