1.987425785127545363e-01
2.019831402128973441e-01
1.981281603883647824e-01
1.978889292915632370e-01
1.963406330731049809e-01
2.006025252052070496e-01
1.976974310299268733e-01
1.994851621819419552e-01
1.991340406312677169e-01
2.008419601387639031e-01
1.962848869054999446e-01
1.989026604344916183e-01
1.984638635994757649e-01
2.023583813846236423e-01
1.976176193854079777e-01
1.987668573812715611e-01
1.963406330731049809e-01
1.976256741221886493e-01
1.983599896629922865e-01
1.994053505374230595e-01
1.962291375529456039e-01
2.015602649394343249e-01
1.979532971169245259e-01
2.024143727933247761e-01
1.973946156052919509e-01
1.974898710689685366e-01
1.991023567556272356e-01
1.998842204045366000e-01
1.984321669840380942e-01
1.974660508331508024e-01
1.954233772294352856e-01
1.998365767479517163e-01
1.961340094872409678e-01
2.030052159229928654e-01
1.985043156405402742e-01
1.985357638299324878e-01
1.961099663049722108e-01
2.008503015209816001e-01
1.979456341289077548e-01
1.998925617867543525e-01
1.971157892187877236e-01
2.024786832895986433e-01
1.940589067297486536e-01
2.005072251522402038e-01
1.976504307331007348e-01
1.990146336970461116e-01
1.964292128830479878e-01
2.013529979938115388e-01
1.985600809178411086e-01
2.020153145707301034e-01
1.964292128830479323e-01
1.996769534589138972e-01
1.961657315822730452e-01
1.981688544855761402e-01
1.965647898048677178e-01
1.981688544855761402e-01
2.002361254527387502e-01
1.976101729739435930e-01
1.979215877616896102e-01
1.981688544855761402e-01
1.976821528281328400e-01
1.993981652918013214e-01
1.968042247384245158e-01
1.989431347702012298e-01
1.951839422958784320e-01
1.980652066804929889e-01
1.994937710999009350e-01
1.968680320127089434e-01
1.956070500706404980e-01
1.999247106649927608e-01
1.980571614985600915e-01
1.976661484578982886e-01
2.002361254527387502e-01
1.990467825752844366e-01
1.992783857185115304e-01
1.963331866616406240e-01
1.961099663049722108e-01
1.980652066804929889e-01
1.946973998859000965e-01
2.003797443715420734e-01
1.947772115304190754e-01
2.018163539728829448e-01
1.931809786400403572e-01
1.983046416140497870e-01
1.932607902845593084e-01
1.977221207569036521e-01
1.970917492214681876e-01
1.993183536472823703e-01
1.964292128830479323e-01
1.982569597380733351e-01
1.951522265707449910e-01
1.994302886904452676e-01
1.936040768599545381e-01
1.990073815674890667e-01
1.962378611290794550e-01
1.972753742884340300e-01
1.964215212304874225e-01
1.994862514346026905e-01
1.957032164298170007e-01
1.992229644157351431e-01
1.953839698517413070e-01
2.014576904622653319e-01
1.945858534065519896e-01
1.993587324345129086e-01
1.952243465627034602e-01
1.976505836106671743e-01
1.932771195196225367e-01
1.970919020990346271e-01
1.947137291209633803e-01
1.991110421123695184e-01
1.988639346359480087e-01
1.983927373116990966e-01
1.988639346359479809e-01
1.949608365973849178e-01
1.960945543353074805e-01
2.002522508510467258e-01
1.921039721093606989e-01
1.987917955342938248e-01
1.971321057140536237e-01
1.982569597380733351e-01
1.964138009133832019e-01
1.992146994723005549e-01
1.972119173585725749e-01
1.985762063161490842e-01
1.940992632223340897e-01
2.015053914479375818e-01
1.951925989880769485e-01
1.986083233448943941e-01
1.959907154332663493e-01
2.013778788177463530e-01
1.960387667633615716e-01
2.000210808609244884e-01
1.934925240107077671e-01
2.002605157944812586e-01
1.919520691374270449e-01
2.000210808609244884e-01
1.948012515277385837e-01
1.989037178376593940e-01
1.974350357968634451e-01
1.987440945486215194e-01
1.933406019290782041e-01
1.997256863681594885e-01
1.963417095859685546e-01
1.965332205874020799e-01
1.953041582072223836e-01
1.991431527712162197e-01
1.968205794530821784e-01
1.997577906571076367e-01
1.978581308318283216e-01
1.948094686969336076e-01
1.951204981058143051e-01
1.991991091454750340e-01
1.993505152653178847e-01
1.969643830989448452e-01
1.953599330393711309e-01
1.952883385640472036e-01
1.964772960626362253e-01
2.017292233148716418e-01
1.949608748167764860e-01
1.972597712218112642e-01
1.970119375769492642e-01
1.974753445152094000e-01
1.961340094872409678e-01
1.985128958939555155e-01
1.965571077071551487e-01
1.965974164255010759e-01
1.963734444207977659e-01
1.977945910932851492e-01
1.948570231749379988e-01
1.988321424720312647e-01
1.950406864612953817e-01
1.989917657610691393e-01
1.950964581084947969e-01
1.968607129992165916e-01
1.964532560653167170e-01
1.976588294444059646e-01
1.963176727735983507e-01
2.013861150966372027e-01
1.968763542852308979e-01
2.002687520733721360e-01
1.975946590859013197e-01
2.003164721687401839e-01
1.977302423776196860e-01
1.959029732649893996e-01
1.967167309961930233e-01
1.993587324345129641e-01
2.003082549995451045e-01
1.962460782982744789e-01
1.957589912619658312e-01
1.994385440790318598e-01
1.948012515277385837e-01
2.007393856615949101e-01
1.948012515277385837e-01
1.978661664589132507e-01
1.959984261955226015e-01
1.989037178376593940e-01
1.970917492214681876e-01
1.971478616582428289e-01
1.975946590859013197e-01
1.977863548143942996e-01
1.964772960626362253e-01
2.004999507280381121e-01
1.942185300187865282e-01
1.974671082363185781e-01
1.953358930420516226e-01
1.986404276338424868e-01
1.968523142879113896e-01
1.985606159893235911e-01
1.951522265707449910e-01
1.969643830989448452e-01
1.981850690624645250e-01
2.005559071022969542e-01
1.933963703913283705e-01
2.007953420358537799e-01
1.953118498597828379e-01
1.975230646105773924e-01
1.966686478166047580e-01
2.010347769694105502e-01
1.957109080823774827e-01
1.981854130369889722e-01
1.948329799926692418e-01
1.994385440790318875e-01
1.967965426407119467e-01
1.980578876670006372e-01
1.991908919762800101e-01
1.996541205573793276e-01
1.954157046865705460e-01
1.978423111886531416e-01
1.957589912619658312e-01
1.972038180325016710e-01
1.958628397188549031e-01
2.008751536803726756e-01
1.944262301175141150e-01
1.986165691786331844e-01
1.963417095859685269e-01
1.986165691786331844e-01
1.949291336120486107e-01
1.971001479327734174e-01
1.961503387223042238e-01
1.954002417577170858e-01
1.972677017455692905e-01
1.974753445152094000e-01
1.952724106325958997e-01
2.009870568740425023e-01
1.971080784565314159e-01
1.954800534022360092e-01
1.962061199243515242e-01
1.948415602460845386e-01
1.963657432133893987e-01
1.971322331120256843e-01
1.946896986784917571e-01
1.988082776469233259e-01
1.992629928585427090e-01
1.987045979923471317e-01
1.993428045030616325e-01
2.007797007498394459e-01
1.947137291209633803e-01
1.991036562149418043e-01
1.959109037887474258e-01
1.996063940921126989e-01
1.947935407654822759e-01
1.995265824475937755e-01
1.998774555722225565e-01
1.990477125804801517e-01
1.950089452565675063e-01
1.979303495572150573e-01
1.962061199243515242e-01
1.962304370122601449e-01
1.925347842764805195e-01
1.948736390554382525e-01
1.962061199243515797e-01
1.951130739889950505e-01
1.933329007216698647e-01
1.970046822624429705e-01
1.962859315688705031e-01
1.974037404850376431e-01
1.971080784565314159e-01
1.982816685747459395e-01
1.961503387223041961e-01
1.934929699036098127e-01
1.990475851825080356e-01
1.982816685747459395e-01
1.955118455661527255e-01
2.002769596877193026e-01
1.952483801901243043e-01
1.992155339290172522e-01
1.952483801901243043e-01
1.979146700518091273e-01
1.934684903832868397e-01
1.993512796531499709e-01
1.946656650510708852e-01
1.986329748524795491e-01
1.958628397188549031e-01
1.987127864969985003e-01
1.943464184729951361e-01
2.013226900162689847e-01
1.963417095859685269e-01
2.002053269930038348e-01
1.945060417620330384e-01
1.990320330750741940e-01
1.954637814962602582e-01
1.999897728093014138e-01
1.974590726092336490e-01
1.995109029421878177e-01
1.947454766955898364e-01
1.973798661050817915e-01
1.924549726319615683e-01
1.944268352578811809e-01
1.965253665024273011e-01
2.003567713322382537e-01
1.930136541435941433e-01
1.981220452857080649e-01
1.965811445195253526e-01
1.991595966644542082e-01
1.930694321606921671e-01
1.978266699026388631e-01
1.945060417620330107e-01
1.995027144375365047e-01
1.963417095859685269e-01
1.987045979923471317e-01
1.946656650510708852e-01
1.979862931916767099e-01
1.953839698517413070e-01
1.978266699026388076e-01
1.954878151236811579e-01
1.980101612017339530e-01
1.997178322831846820e-01
2.009393240388772928e-01
1.975629178811734721e-01
2.000613959491689964e-01
1.966849897914651479e-01
1.967093068793737132e-01
1.981215993928060193e-01
1.995825260820554281e-01
1.972677017455692905e-01
1.984092194243286811e-01
1.954560611791559821e-01
1.981697844907718553e-01
1.953762495346370587e-01
2.004843221818209953e-01
1.976109755811672475e-01
1.971322331120256843e-01
1.964936125579021531e-01
1.955360002216469939e-01
1.946021571620207835e-01
1.969964746480957762e-01
1.973157530756645683e-01
2.001091287843342337e-01
1.954242944948337835e-01
1.985927075384744944e-01
1.958473704201028065e-01
1.972359095816525465e-01
1.948098190413566078e-01
1.949213718906034620e-01
1.948896306858755867e-01
1.960387349138685287e-01
1.965416575180988779e-01
2.002687520733721083e-01
1.969166948530698680e-01
1.997100705617395611e-01
1.951608386736532752e-01
2.005641338263399187e-01
1.939636640058692574e-01
2.002926137135308260e-01
1.965974482749941188e-01
1.964616547766219190e-01
1.929501335147467966e-01
2.003724253580497494e-01
1.983533044544106838e-01
1.995981673680697621e-01
1.935328327290536943e-01
1.965332205874020799e-01
1.963339892688642785e-01
1.997256863681594885e-01
1.964936125579021531e-01
2.002843678797920357e-01
1.956397085407669267e-01
1.982890767668186449e-01
1.948415920955775815e-01
2.005797623725570356e-01
2.005004603199261326e-01
2.017769370403410256e-01
1.960550195596415246e-01
1.994064397900837393e-01
1.971483712501308494e-01
2.015613541920950047e-01
1.963502548049415319e-01
1.965332205874020799e-01
1.954963380480090052e-01
1.981056013924700210e-01
1.958155846260847543e-01
1.974909603216292997e-01
1.975954489533277569e-01
1.982092651222997215e-01
1.991676736958800376e-01
1.977303952551861532e-01
1.957357729815658032e-01
1.948810249528659388e-01
1.954165264034900817e-01
1.994064397900837393e-01
1.945145869810059880e-01
1.992468165010458647e-01
1.952569031144522071e-01
1.982092651222997215e-01
1.946184099583007088e-01
1.988716071788127204e-01
1.978108757390581174e-01
1.999889702020778148e-01
1.998061668520315082e-01
1.995101003349641910e-01
1.962146428486794270e-01
1.972753742884340022e-01
1.960550195596415524e-01
1.967166927768014550e-01
1.974118175164634448e-01
1.964534089428831842e-01
1.984493688952096158e-01
1.981056013924700487e-01
1.954405345513164916e-01
2.001247445907541611e-01
1.963184626410247879e-01
2.001247445907541889e-01
1.940039249499756480e-01
1.969084267246859754e-01
1.976752605978466804e-01
1.966451365208691238e-01
1.984733770430360256e-01
1.978184527334438114e-01
1.965578975745815860e-01
2.002128020690118748e-01
1.955203461958354150e-01
1.996541205573793276e-01
1.970127592938687722e-01
2.018090349593905930e-01
1.979704990280959920e-01
1.976349678042472191e-01
1.979704990280959920e-01
2.000531787799740002e-01
1.942991633802249873e-01
1.968047598099069984e-01
1.973079945391686962e-01
1.992789207899939852e-01
1.953127034261953054e-01
1.990156274012278570e-01
1.927827421343651926e-01
1.990156274012278570e-01
1.966137010712740996e-01
1.964616547766219190e-01
1.990878620513610864e-01
1.987761924676710590e-01
1.966695013830172534e-01
1.999495054952963591e-01
1.973878061836876752e-01
2.017613084941239088e-01
1.949694423303945101e-01
2.016814968496049854e-01
1.980820964666329953e-01
2.012824386270103405e-01
1.977628498885572184e-01
1.982495961352907787e-01
1.978426615330761973e-01
2.009870568740425023e-01
1.955281238420270573e-01
1.968368513590578739e-01
1.987763835646290667e-01
1.970762862926146719e-01
2.001014020973314878e-01
1.981936493158797663e-01
1.975474294727255220e-01
1.970762862926146719e-01
1.986888038287664138e-01
1.963579814919442779e-01
2.010033415198155538e-01
1.974753445152093723e-01
1.974358256642899101e-01
1.991275242249990474e-01
1.995109284217821966e-01
2.008833804044156401e-01
1.987368169394700679e-01
2.003246988927831207e-01
1.981223255612464540e-01
1.951369419990523213e-01
1.988964402285079425e-01
1.972120447565446077e-01
1.983935653985171021e-01
1.965176047809821247e-01
1.993753100956215663e-01
1.965176047809821247e-01
1.959434093813073319e-01
1.985927075384744667e-01
1.986011954283600778e-01
1.985128958939555432e-01
1.962866577373109656e-01
1.993908239836638119e-01
1.956481645811594672e-01
2.039400877212431129e-01
1.950894830695269200e-01
1.976588294444059646e-01
2.003570516077766428e-01
1.965974164255010759e-01
1.996387468071062488e-01
1.989917657610691393e-01
1.995829337555658778e-01
1.999495054952963591e-01
1.971087727754788910e-01
2.008035687598967445e-01
2.004608618452741742e-01
1.986486543578854791e-01
1.976674542871114382e-01
1.994229027930175535e-01
1.965260926708677636e-01
2.011787589724341463e-01
1.950096714250080243e-01
1.977468582581199119e-01
1.971885844199978144e-01
1.994229027930175535e-01
1.979308846286975676e-01
2.024318740897305680e-01
1.993674942300383834e-01
2.003328969522823744e-01
1.985693777848490382e-01
2.003567713322382537e-01
1.989444405994144072e-01
2.001173363986814557e-01
1.975078309980735636e-01
2.011548877774275990e-01
2.003810502007552230e-01
1.994788432425299574e-01
2.009955447639281412e-01
2.044271652027039587e-01
1.965020908929398791e-01
2.017135692890601462e-01
1.949058580025611886e-01
2.011548877774275990e-01
1.973800189826481755e-01
1.992155339290172800e-01
2.011311662750381313e-01
1.969009962379681677e-01
1.975396422716860501e-01
1.994310912976688943e-01
1.996945566736972877e-01
1.998540270851687783e-01
1.969251508934624362e-01
2.016896949091042945e-01
1.959914097522137966e-01
1.958634448592219968e-01
1.969491494864410164e-01
1.960230681482598714e-01
1.970289611309599398e-01
1.966138029896517536e-01
1.968693378419220652e-01
1.957918026096586162e-01
2.010195433569067214e-01
1.953927443870639435e-01
1.971885844199978144e-01
1.966697306993669125e-01
1.983059474432629088e-01
1.971486005664805363e-01
2.006204851343120488e-01
1.998621964801243212e-01
2.006204851343120488e-01
2.011391827924272901e-01
1.979867008651871596e-01
1.972284122109994597e-01
1.984655707323007834e-01
1.989044567458971013e-01
1.994791235180683742e-01
1.981063403007077561e-01
1.974838324050949834e-01
1.993833266130107529e-01
1.976434556941328580e-01
1.980824531809546041e-01
2.002772399632577194e-01
1.988805696261439493e-01
1.986011954283600500e-01
1.976035833138409803e-01
1.998541799627351623e-01
1.982741043201574072e-01
1.997743683182162389e-01
2.011473235228390388e-01
1.957837860922694573e-01
2.017060050344715860e-01
1.961828443148641576e-01
1.976356111640059365e-01
2.006522964079245352e-01
2.026398480940979074e-01
2.020090943647464277e-01
2.006684536557254706e-01
1.945866114244854395e-01
1.976356111640059365e-01
1.934692484012203451e-01
2.005088303666876515e-01
1.950654812915990632e-01
2.025041214796609867e-01
1.984973820059132699e-01
1.989125974763089055e-01
1.992954984511026151e-01
1.997107139214982507e-01
1.985771936504321933e-01
2.009078885892823241e-01
1.963424676039020045e-01
2.030628029912935617e-01
2.006522964079245352e-01
2.001417872544606902e-01
1.995349333846594408e-01
1.999821639654228156e-01
1.972203956936103009e-01
2.013069468118769689e-01
1.980425139167275306e-01
2.017060050344716415e-01
1.967097145528842184e-01
2.024243098351420633e-01
1.971327681835081946e-01
1.998703372105361253e-01
1.993914864531183551e-01
1.992318440543846270e-01
1.997107330311940765e-01
1.986731625427520798e-01
1.987529932969668567e-01
1.985374327433659658e-01
1.977154419182207135e-01
1.982979978098091400e-01
1.994712980976372785e-01
1.992557375440363598e-01
1.977154419182206579e-01
2.018656283235095161e-01
1.969971371175502362e-01
1.991520324098657035e-01
1.985135583634100587e-01
1.969971180078544382e-01
1.961192090278419953e-01
2.026637447686988613e-01
1.983539350743721841e-01
2.026876382583505665e-01
1.981943117853342817e-01
1.978191279426954885e-01
1.985933700079289821e-01
1.982741043201573794e-01
1.997905446757129722e-01
1.979309610674807041e-01
1.987769823350974407e-01
1.980107727119996552e-01
2.002934035809572078e-01
1.982502076455564533e-01
1.986971706905785451e-01
1.973961762304491385e-01
1.986971706905785728e-01
1.997905255660171742e-01
2.015703898932602600e-01
1.975557995194869854e-01
1.974201843782756316e-01
2.016022967153517365e-01
2.019136223245174000e-01
1.977713377784428850e-01
1.968056770753055518e-01
1.980107727119996552e-01
1.996549104248058204e-01
1.986731625427520798e-01
1.991520515195615293e-01
1.999740423447067539e-01
2.008280960544591709e-01
1.987768676769227638e-01
1.976356302737017623e-01
1.943633337387296323e-01
1.965182672504366679e-01
1.976356111640059643e-01
1.992558522022111200e-01
2.005886420112065471e-01
1.994154754912489946e-01
1.989924091208278012e-01
1.971807494447188058e-01
1.978191279426954885e-01
1.964624446440483840e-01
1.969411998529872199e-01
1.979788658899081788e-01
1.978430182473978338e-01
1.969413145111619801e-01
1.993594394932576008e-01
2.005088494763834495e-01
1.988007579816250536e-01
1.977952535627396369e-01
1.984016997590303533e-01
1.979548768517774837e-01
1.994153608330742067e-01
1.986731816524479333e-01
2.014106519460475975e-01
1.986731816524479333e-01
2.012510286570097229e-01
1.990722398750426059e-01
1.996547957666310047e-01
1.972365720511070897e-01
1.982181861652901889e-01
1.997905446757130277e-01
2.001336656337446285e-01
1.985135583634100587e-01
1.993594394932576008e-01
1.975078309980735636e-01
2.000777442939280226e-01
1.963904679748084692e-01
1.999181210048901480e-01
2.000618036226795293e-01
1.982420764699925064e-01
1.973242091160571365e-01
1.982420764699925064e-01
2.022725310762311102e-01
2.007162374500794932e-01
1.978270775761493128e-01
1.999181210048901480e-01
1.946586072034212356e-01
2.014345422507499150e-01
1.971327681835082501e-01
1.991759258995174087e-01
2.015224086320496488e-01
2.003171792274847929e-01
1.992078709410005088e-01
2.016739771843066853e-01
1.975318264061028672e-01
1.994631382575296485e-01
1.998463640971520072e-01
1.993833266130107251e-01
1.967895261974031695e-01
2.036133437725142770e-01
1.985453823768197623e-01
2.011391827924272901e-01
2.003012385562363273e-01
2.004208779917568684e-01
1.984655707323008111e-01
2.005006896362758195e-01
1.966857159599056382e-01
2.010593711479083667e-01
1.981223255612464540e-01
1.979467170116698815e-01
2.003810502007551952e-01
1.991677756142576639e-01
1.997425570446037524e-01
2.008438201491553055e-01
1.959914097522137966e-01
1.976513543683978691e-01
1.951134816625055002e-01
2.026794879730908494e-01
1.971087727754788910e-01
2.013786177259841437e-01
1.966059043153866870e-01
2.028152273273249317e-01
1.956481645811594672e-01
2.003410663472379449e-01
1.957279762256784461e-01
2.023602413950151002e-01
1.977790772052428481e-01
2.032940971944385833e-01
1.976992655607239247e-01
2.029748506163628341e-01
1.980983237833185973e-01
2.011391827924273179e-01
1.970367674416952097e-01
2.012189944369462136e-01
1.982897456061717134e-01
2.019134121178634833e-01
1.985531886875549767e-01
2.007401245698326175e-01
1.984733770430360256e-01
1.997025731910864466e-01
1.963742661377172460e-01
2.011630667272310824e-01
1.977868644062823478e-01
2.009475125435286336e-01
1.986888038287664138e-01
2.016658173441990554e-01
1.992234740076231636e-01
1.999897728093014415e-01
1.986647924959906164e-01
1.997742154406498272e-01
1.969887479610929748e-01
2.025914973787684703e-01
1.985609663337465636e-01
2.012346994219465501e-01
1.991514208996000845e-01
2.010750761329086755e-01
1.965176366304752231e-01
2.015539460000222438e-01
1.973955647201835195e-01
2.006200774608015436e-01
1.981138695208539136e-01
2.024796132947943306e-01
1.988321743215243076e-01
2.032777297399837313e-01
2.003485955673840746e-01
2.013622502715292362e-01
1.960387667633615993e-01
2.010430036934535147e-01
1.976109755811671920e-01
2.014420619160481873e-01
1.979061949017207611e-01
2.003246988927830929e-01
1.974513522921293451e-01
2.024796132947943306e-01
1.967888318784556945e-01
2.012026269824913616e-01
1.975071366791260885e-01
1.986486543578854513e-01
1.951127873435580251e-01
2.011228153379724382e-01
1.995024277920995071e-01
2.003246988927830929e-01
1.955118455661527255e-01
2.010907301587201712e-01
1.959109037887473703e-01
1.969964746480957485e-01
1.982254414797965103e-01
1.998696938507774079e-01
1.994226161475805281e-01
1.996302589172206099e-01
1.956954961127127801e-01
1.999495054952963591e-01
1.998457016276973808e-01
1.990477125804801517e-01
1.956156844681938567e-01
2.008833804044156679e-01
1.978023528147302701e-01
2.009631920489345636e-01
1.993187740605900371e-01
2.013622502715292362e-01
1.978504105147240177e-01
2.020805550721996580e-01
1.981696570927997947e-01
1.997100705617395611e-01
1.984090920263565649e-01
2.006439454708588699e-01
2.009870887235356007e-01
2.009631920489345913e-01
1.970763181421077426e-01
2.008512952251633732e-01
1.975551880092213664e-01
1.999733671354550768e-01
1.968368832085509723e-01
1.995183557235508109e-01
1.975551880092213664e-01
2.009549653248916545e-01
1.978744345872971155e-01
2.021521399926757001e-01
1.965974482749941188e-01
1.981615577667289185e-01
2.010669003680544964e-01
2.014576904622653042e-01
1.982734928098917604e-01
2.022558069074546494e-01
2.005082188564219492e-01
2.004522370025687006e-01
1.978744345872970878e-01
2.022558069074546772e-01
1.969965064975887914e-01
2.000449329462352654e-01
1.976349996537402898e-01
2.014815425475761090e-01
1.973157530756645406e-01
2.013136447602557610e-01
1.993908558331568548e-01
2.009705556517170921e-01
1.986725510324864330e-01
1.993183536472823703e-01
1.975792088968450211e-01
2.015292371633496393e-01
1.994148767207805650e-01
2.043226447215123753e-01
2.025275308570189947e-01
2.011540214712178587e-01
2.002129931659699102e-01
2.002522508510466703e-01
1.989119859660432865e-01
2.036603058499488195e-01
1.991273968270270145e-01
2.041391757170624432e-01
1.982734928098917881e-01
2.022475419640200611e-01
1.976907872256861709e-01
2.015292371633496393e-01
1.963339892688642785e-01
2.003559050260285135e-01
1.961185784078805505e-01
2.042666756074563439e-01
1.958791434743237247e-01
2.019521379164072039e-01
1.978744345872971155e-01
2.015769190393261190e-01
1.996860783386595617e-01
2.039712683748941824e-01
2.007476537899787472e-01
2.016567306838450702e-01
1.950570029565613095e-01
2.006430154656631271e-01
1.979302221592429689e-01
1.990467825752844366e-01
1.962541776243453273e-01
1.995816279263527004e-01
1.966772599195130422e-01
2.009384258831746206e-01
1.980340578763349624e-01
2.008347748931421650e-01
1.981138695208538858e-01
1.997972235143959663e-01
1.977946229427781366e-01
2.008347748931421095e-01
1.998697257002704786e-01
2.012338331157367821e-01
1.963022225845420521e-01
2.002760933815095623e-01
1.979224731775950930e-01
2.000366584479527643e-01
1.990158184981858369e-01
1.969478436572278945e-01
2.027669657905758205e-01
2.003797443715421012e-01
1.975234149550004203e-01
1.996852757314358795e-01
1.963262402872163470e-01
2.008824503992199528e-01
2.002928048104888614e-01
1.971313031068299415e-01
2.001331815214509313e-01
1.966524332397163732e-01
1.993350650762615861e-01
1.999806861489474286e-01
1.970445450878867688e-01
2.058629084978350898e-01
2.026313602042122686e-01
2.037878057403427201e-01
1.963262402872163470e-01
2.014732680492936079e-01
1.973878061836876752e-01
2.025108194280397511e-01
1.982897456061717412e-01
2.013136447602557333e-01
1.965896897384983022e-01
1.975386549374028855e-01
2.020966932103048508e-01
2.032052816982473364e-01
1.981619081111518910e-01
2.005714974291224473e-01
1.999975759350874349e-01
2.003641795243109591e-01
1.986965719201101432e-01
1.997733809839330466e-01
2.021765048548237742e-01
1.967965044213204062e-01
1.959511965823468038e-01
2.004118741400845449e-01
1.982657342733959160e-01
1.989752645387437291e-01
2.015380116986723036e-01
2.027264118311336849e-01
2.005004603199261881e-01
1.995339460503762763e-01
1.993830972966610937e-01
2.031016243383162723e-01
1.997263552075125292e-01
1.998293469130399402e-01
2.002052250746261808e-01
2.017209774811328793e-01
1.994869202739557590e-01
1.992468165010459202e-01
1.984493688952096158e-01
2.033970220160305487e-01
1.959752079151226289e-01
2.018806007701707816e-01
1.959752079151226289e-01
1.986083233448944219e-01
1.988244157850285465e-01
1.982092651222997493e-01
1.995427205856989405e-01
2.004201390835191332e-01
1.995427205856989405e-01
2.015136468365241740e-01
2.022005161875995716e-01
2.003724253580497494e-01
1.990878620513610864e-01
2.019686582484284676e-01
1.967973325081384395e-01
2.033254562052503600e-01
1.975954489533277847e-01
2.018090349593905930e-01
1.991118701991875239e-01
2.026631014089401439e-01
1.976752605978466804e-01
2.048739626303623940e-01
1.995907400663011755e-01
1.998458290256694969e-01
2.003648483636640554e-01
2.013622502715292362e-01
1.963742661377173016e-01
2.008035687598966890e-01
1.979704990280959642e-01
2.036767879625783761e-01
1.975714408055012916e-01
2.025355569292560109e-01
1.993032856521421148e-01
2.024318740897305402e-01
1.973079945391687240e-01
1.988164757064226074e-01
1.983455459179149227e-01
2.014502599755474688e-01
1.973878061836876752e-01
2.042436675337102048e-01
2.027351863664563769e-01
2.038684836910714115e-01
2.004206486754072092e-01
2.040281069801092861e-01
1.966695013830172534e-01
2.005962062657950518e-01
1.978666760508012712e-01
2.010750761329086200e-01
1.989840390740663656e-01
1.990797850199352848e-01
1.980262993398391458e-01
2.018731925780979930e-01
2.000215904528124811e-01
2.024079997097747163e-01
2.000215904528124811e-01
2.010512017529527962e-01
1.983215314001897656e-01
1.978587359721953876e-01
2.007158807357578290e-01
2.011310133974717473e-01
1.965416575180988779e-01
1.990559106399794331e-01
1.980580787639586726e-01
2.009713901084338727e-01
2.007956923802767524e-01
1.965817496598924186e-01
1.992552534317426904e-01
1.998540270851687783e-01
1.991754417872237670e-01
1.988164757064226074e-01
2.010909212556782066e-01
1.995907145867067689e-01
2.020486609899054264e-01
2.003090193873771907e-01
1.989600245563412917e-01
2.023043105003505815e-01
1.979224731775950930e-01
2.001493960983392884e-01
1.992474853403989332e-01
2.020648755667937280e-01
1.975474294727255220e-01
2.040601666797671465e-01
1.982099339616527622e-01
2.032620502345778013e-01
1.997263552075125292e-01
1.995109029421878177e-01
1.992474853403989332e-01
2.031263045104451104e-01
1.990878620513610586e-01
2.024878113542936120e-01
1.990878620513610586e-01
2.007080776099718633e-01
1.968531360048308698e-01
2.012667591216044105e-01
2.019130554035418468e-01
2.032620502345778013e-01
1.957675587755838276e-01
2.001255153484849392e-01
2.032140562335699452e-01
2.021208064614583300e-01
2.018014579650048990e-01
1.982100358800304996e-01
2.003648483636640554e-01
2.025996763285718982e-01
2.001494215779337227e-01
2.049142140196210382e-01
2.040601921593615531e-01
2.056325188202914600e-01
2.007081030895662699e-01
2.026794879730908494e-01
2.011311662750381313e-01
2.047784714804375683e-01
1.996945566736972877e-01
1.994310912976688666e-01
2.002292332224526461e-01
2.019850639222748323e-01
1.975954489533277569e-01
2.029189229066476474e-01
1.993513051327443497e-01
2.011630667272310824e-01
1.995109284217822243e-01
2.021446872113126791e-01
2.012667846011988171e-01
2.058160228591836838e-01
1.994311167772633009e-01
2.009475125435286891e-01
1.989522469101496771e-01
2.018254406332369577e-01
1.991916818437064474e-01
1.977550467627712527e-01
2.003888565114905207e-01
2.032381694847234244e-01
1.999897982888958481e-01
1.999420081246432723e-01
2.010273496676419913e-01
2.004768025165226675e-01
2.016340379200796118e-01
2.025198646840529748e-01
1.999579933851819424e-01
1.987687173916630190e-01
1.973242091160570810e-01
1.988246451013781779e-01
2.013946029865228138e-01
1.970687889219615851e-01
1.987608187173979246e-01
1.986650218123403033e-01
1.997983700961440956e-01
2.017776759485787608e-01
1.993195002290304996e-01
1.986090941026251444e-01
1.991598769399926250e-01
2.025198646840529748e-01
2.016340379200796118e-01
1.983696591690683464e-01
2.015302244976328039e-01
2.022006181059772256e-01
1.992954984511026151e-01
1.988485290361819424e-01
1.976992655607239247e-01
2.006841968601174586e-01
1.981781354278375207e-01
1.995190627822954754e-01
1.986570052949511445e-01
1.990640800349349482e-01
1.973482077090356890e-01
1.957918026096586162e-01
1.976674542871114382e-01
2.018574875930977119e-01
1.955125398851001450e-01
2.002612547027189938e-01
1.965500912638462883e-01
1.987448334568592268e-01
1.970289611309599120e-01
2.024161691047302591e-01
1.971885844199977866e-01
1.981861519452266518e-01
1.993434988220090243e-01
1.986889057471440678e-01
1.925595090378995622e-01
1.996227615465675231e-01
1.990242522439333306e-01
2.025757923937681337e-01
1.995829337555658778e-01
2.028950389718438552e-01
2.004608618452741742e-01
2.047866313205451982e-01
2.008599200678688468e-01
2.031665081254641902e-01
1.974838324050949834e-01
2.009556723836362635e-01
1.974838324050949834e-01
1.999181210048901203e-01
1.974838324050949834e-01
2.012749189617120404e-01
1.987608187173979801e-01
2.015143538952688662e-01
1.943951768618351061e-01
1.994153608330742067e-01
1.955923515296191517e-01
1.987529741872710309e-01
1.988406303619169313e-01
1.973961762304491385e-01
1.963424676039020045e-01
1.999501488550550488e-01
2.001176166742198448e-01
2.012271351673579900e-01
2.018734728536364376e-01
2.001895837886118190e-01
1.978030789831706771e-01
1.993116556989035504e-01
2.007002967788309722e-01
2.011473235228390943e-01
1.982819488502843286e-01
2.009078885892822686e-01
1.991040638884522540e-01
2.025839331241798824e-01
1.988406303619168758e-01
2.024243098351420078e-01
1.986011954283601055e-01
2.052177173933047993e-01
1.969809607600535306e-01
2.034618612138882066e-01
1.976194539162050290e-01
2.023444981906231122e-01
1.974598306271671544e-01
2.018656283235095161e-01
1.970607724045724818e-01
1.991520324098657035e-01
1.998541799627352178e-01
2.023444981906231122e-01
1.997983700961440956e-01
2.033261314145020371e-01
1.963106563302895180e-01
2.007721587898960991e-01
2.004608618452741742e-01
2.013867584563958923e-01
1.958317864631759220e-01
2.013069468118769689e-01
1.974520147615839161e-01
2.004529122118204054e-01
1.969731448944702923e-01
1.996547957666310047e-01
