3.953405777839776314e-01
3.969127388275437429e-01
4.015020087132855631e-01
3.953245160846555750e-01
3.962503617365885633e-01
3.994747215996402590e-01
4.003926080632714823e-01
4.036806987618243858e-01
3.995305951652172727e-01
3.988121884461693911e-01
3.988281928164038037e-01
3.946619829311847627e-01
4.010629188629340480e-01
3.888597728786218899e-01
4.047422009593094616e-01
3.981179236428182833e-01
3.993948207765408709e-01
4.006478562701047963e-01
3.992351974875029130e-01
3.921798022487592572e-01
3.952525585251115414e-01
3.909906472833137303e-01
3.991712691851452277e-01
4.044948450568426335e-01
3.987082699203956526e-01
3.957713262521113662e-01
3.960744856512706802e-01
4.040877735018081340e-01
3.959227928859910262e-01
3.994747215996402590e-01
3.998335634674188288e-01
3.997221634957384695e-01
3.965612860421424690e-01
3.935846706453722810e-01
3.996897916710489551e-01
4.014700127126136220e-01
4.022279128029868089e-01
3.988282182959982380e-01
3.985407129226504752e-01
3.955559408707219338e-01
4.007035610333689601e-01
3.974794304866668959e-01
3.955316620022049645e-01
3.933292249716822675e-01
3.970322253854979277e-01
3.986525651571314333e-01
3.931214548040700696e-01
3.945741515843273484e-01
3.983012779890937050e-01
3.904159231820549247e-01
3.946938770134789665e-01
3.943347166507705226e-01
3.977346595838043841e-01
3.924192371823160830e-01
3.995623873291340167e-01
3.908230042919373926e-01
3.985327760289937848e-01
3.913018741590509886e-01
3.897376117897496939e-01
3.987961458565431050e-01
4.004403154188422298e-01
3.992750157236567565e-01
3.992431407510582120e-01
3.962501961192249622e-01
3.970882263490469466e-01
3.923314026505093088e-01
3.993308924741831301e-01
3.936003628905753726e-01
3.986923993180316317e-01
3.915172308758966269e-01
3.979022197664990323e-01
3.927942171881997346e-01
3.935046424243008323e-01
3.967290659863385582e-01
3.954121818141493883e-01
4.006478562701049073e-01
4.054684490235351824e-01
3.987243570993119768e-01
3.913338446801284398e-01
3.962501961192249622e-01
3.997378875904345485e-01
3.940952817172136968e-01
3.944703190521848257e-01
3.913816858035699120e-01
3.992828092945949203e-01
3.904957348265739037e-01
3.983171422215590618e-01
3.856990100832006774e-01
3.941669367065743779e-01
3.935125219888701009e-01
3.971278948925836549e-01
3.949330635209903351e-01
3.948054298627258207e-01
3.943106384340594461e-01
3.875346396877447086e-01
3.915890100782800087e-01
3.915970998495030830e-01
3.978941299952759025e-01
3.963937322293464294e-01
3.925226333764046394e-01
3.939914491850712297e-01
3.961859238423427465e-01
3.956595568263120422e-01
3.992268115159950947e-01
3.921557813611356580e-01
3.943743820093578711e-01
3.978382723544454658e-01
3.978062827236720778e-01
3.996739401783808709e-01
3.990832690359750745e-01
3.914533407929305375e-01
3.965930272468703999e-01
3.865050188327565639e-01
4.026426186814943131e-01
3.928022082259943204e-01
3.952999473857523038e-01
4.001448795217363852e-01
3.883563343126049117e-01
3.968086483145079058e-01
3.926661631166274424e-01
3.906552243477412478e-01
3.942704443738881959e-01
3.994345052448241007e-01
3.960102006345913028e-01
3.895378613244761534e-01
3.970558035651687856e-01
3.932091969723471858e-01
3.919317520273448152e-01
3.967129788074221786e-01
3.920913753163827176e-01
3.939275017730176076e-01
3.921631290391715541e-01
3.984846928494055751e-01
3.969357023119998162e-01
3.994345052448241562e-01
3.935916775338331730e-01
3.906710758404092765e-01
3.928894917615720628e-01
3.946854114182385409e-01
3.959940879760804333e-01
3.955633395079468650e-01
3.919873803518257316e-01
3.964491790117172787e-01
3.980530653352648551e-01
3.962176523072732381e-01
4.022830824947684070e-01
3.915964819693387167e-01
3.859055572302815262e-01
4.021316190458382178e-01
3.923703004363152114e-01
3.981410368198913807e-01
3.971751372455565865e-01
3.935838680381484878e-01
3.920591245197667662e-01
3.970315756558406850e-01
3.963689533237892415e-01
3.944855017054998414e-01
3.984521235578595277e-01
3.913728475692613284e-01
3.904870845042738847e-01
3.983243561317243442e-01
3.948049712300265024e-01
3.942618545656250140e-01
3.931208687733988016e-01
3.921069401636137486e-01
3.885635439291402760e-01
3.902633800353118576e-01
3.973589438546324404e-01
3.957703835071184062e-01
3.939350978770989054e-01
3.924103989480074994e-01
3.904153307814850482e-01
3.965606044629920723e-01
3.996654236239514657e-01
3.970394743301057794e-01
3.927935610886437723e-01
3.985558955759655464e-01
3.931926193112384449e-01
3.992022842214326128e-01
3.969518277103076809e-01
4.000004006666220135e-01
3.967285054352617246e-01
3.884996283665795858e-01
3.873744303680354273e-01
3.922586711482852762e-01
3.896809069524053148e-01
3.982366489978897972e-01
3.871349954344786015e-01
3.962413578849163787e-01
3.925065398275895401e-01
3.996732585992305298e-01
3.940310094403314256e-01
3.913807430585769520e-01
3.896413689917900269e-01
3.989786307116593989e-01
3.862175134594088011e-01
3.937110621734096205e-01
3.931611265325560822e-01
3.952274834192694430e-01
3.906789203705361424e-01
3.942618545656249585e-01
3.966728388913892678e-01
3.918517174363749800e-01
3.972952384987256669e-01
4.005511866889388539e-01
3.968324621804271146e-01
3.942381680976779768e-01
3.887714860840146835e-01
3.931208050744128268e-01
3.946695025964829240e-01
3.938312080158689610e-01
3.963374987644984193e-01
3.935040563936294533e-01
3.920437635092909878e-01
3.932725265042363305e-01
3.928338347725474633e-01
3.935119614377931563e-01
3.979256801030457424e-01
3.918920038600758327e-01
3.925702451834963691e-01
3.949169317527838619e-01
3.928814338398420314e-01
3.983488324670980685e-01
3.888827905072159141e-01
3.998170813547891056e-01
3.923945028660491552e-01
3.923068817258454355e-01
3.967123927767508551e-01
3.930251865265158573e-01
3.926339377996059810e-01
3.991627749253610080e-01
3.935916775338331730e-01
4.033208886694585882e-01
3.949484754906550932e-01
3.862253770992314372e-01
3.935279849177235612e-01
3.907825522508727722e-01
3.931369814319095601e-01
3.971674838123875895e-01
3.924106218944584668e-01
3.920595385631757690e-01
3.924823756172473588e-01
3.954116276329710522e-01
3.970316393548266598e-01
3.935917730823120797e-01
3.943978550857017429e-01
3.895213792118463192e-01
3.968002623429998654e-01
3.916604803405810964e-01
3.947171016637774921e-01
4.023552407061183889e-01
3.947251595855075790e-01
3.981252235466148370e-01
3.973669985914131675e-01
4.011580660383343711e-01
3.921953416163959094e-01
3.964491790117171677e-01
3.900243272956710472e-01
4.024429605797502640e-01
3.918680466714380417e-01
3.962816443086172868e-01
3.924347765499527352e-01
3.956431511524657885e-01
3.929297335959828219e-01
3.998810797260314853e-01
3.963696731223311787e-01
3.946135111877817070e-01
3.968405041774106246e-01
3.972393840428444789e-01
3.954837062205887599e-01
3.922989734967326503e-01
3.963616343102970285e-01
3.937276716840113489e-01
3.891785863035928661e-01
3.907027406063538488e-01
3.981094484927301114e-01
3.918201036296189987e-01
3.924428217318856604e-01
3.958185940846786766e-01
3.921235751538099668e-01
3.956510625665279335e-01
3.953958525790862710e-01
3.901282330816477351e-01
4.004320281807627335e-01
3.922752296996980248e-01
3.982690717817679582e-01
3.981014797495803226e-01
3.938713861512935233e-01
3.971358190464429616e-01
3.891544507577942569e-01
3.991152586667484070e-01
3.995138582566437058e-01
3.991231860055569625e-01
3.940068547848371572e-01
4.017569702746819349e-01
3.933764163654664414e-01
4.007194188959357639e-01
3.917003718305687721e-01
3.958509085802807137e-01
3.996815362824623352e-01
3.959465653475691127e-01
3.927298684725341604e-01
3.946695790352661160e-01
3.918519403828258918e-01
3.958746714870109984e-01
3.908465888415069700e-01
3.951326037796102364e-01
3.995380129121380297e-01
3.957710969357617903e-01
3.961939690242755607e-01
3.949010929999129393e-01
3.928499219514637875e-01
3.937039183321289215e-01
3.954917450326229100e-01
3.996099800265300317e-01
3.902241764943731872e-01
3.951484489023797120e-01
3.962020110212591262e-01
3.969043050817963603e-01
3.973113320475407662e-01
3.996977126399590685e-01
3.900645532053352849e-01
3.982690208225792006e-01
3.944622292809616404e-01
3.966727879322003991e-01
3.939833594138480444e-01
3.954756132644163813e-01
4.001288560418060913e-01
3.938153947425923063e-01
3.962898614778122552e-01
3.963693673671983553e-01
3.951805340816320622e-01
3.951642812853521924e-01
3.946298850121351953e-01
3.919480621527122732e-01
3.920759123875292573e-01
3.937678784839797608e-01
3.969444227031843075e-01
3.975909068971304472e-01
3.956433295096265512e-01
3.980137471361513968e-01
3.931611265325560822e-01
3.945659949291691060e-01
3.977184322671188377e-01
3.999133751119377522e-01
3.978941299952759025e-01
3.978382723544454658e-01
3.970001274664485269e-01
4.039118846766931448e-01
3.973991856890431995e-01
3.956912852912427558e-01
3.989156069349028555e-01
3.933688202613850882e-01
3.967687313449258513e-01
3.969365431386150389e-01
3.950128751655093140e-01
3.959629200622266088e-01
3.956433295096266067e-01
4.055482606680541613e-01
3.976305786256164598e-01
3.949333119470357922e-01
3.980296368482111324e-01
3.947097539857415405e-01
3.970718971139839404e-01
3.996580759459156251e-01
3.927620683099614096e-01
3.999931867564566756e-01
3.941188662667832743e-01
4.005439377443310023e-01
4.053803501409367072e-01
4.022120485705215631e-01
3.971517087585028638e-01
3.981416547000558581e-01
3.971517087585028638e-01
3.994825756846150933e-01
3.977902019146543622e-01
3.957314283922251374e-01
3.947412658741196734e-01
3.937281940156964199e-01
3.935440912063356556e-01
3.973276612826037724e-01
3.941906327293692724e-01
3.966093564819333506e-01
3.927620683099614096e-01
3.994027640400961143e-01
3.974629101546456322e-01
3.937440773578575470e-01
3.996258697385898784e-01
3.965612860421424690e-01
3.966647937094562870e-01
4.028664059591383628e-01
3.972234752210888065e-01
3.986284582758766182e-01
3.925065398275894846e-01
3.946378760499298366e-01
3.980933549439150121e-01
3.951246764408015699e-01
3.969759919206499177e-01
3.980697767642440432e-01
3.936876082067614080e-01
3.988118635813406865e-01
3.914448242385011323e-01
3.981014797495803781e-01
3.908861427268686128e-01
3.986522402923027286e-01
3.920833173946526307e-01
3.969920345102761483e-01
3.932724309557574793e-01
3.999450653574767589e-01
3.898485913481224419e-01
3.914210454070242706e-01
3.921470036408636339e-01
3.954993475066028163e-01
3.963052734474769023e-01
3.954195358620838929e-01
3.938391735740692789e-01
3.981331317757277333e-01
3.979813179823745717e-01
4.034805119584964350e-01
3.973428248262230733e-01
3.993303064435118066e-01
3.969357023119997607e-01
4.006151977999783953e-01
3.948605995545074743e-01
3.974227320192209589e-01
3.876856158394318963e-01
3.935198632970074994e-01
3.949565365973342623e-01
3.956028647287649358e-01
3.898485913481224419e-01
3.969596626855868005e-01
3.936714891783520409e-01
3.929532799261605813e-01
3.978136304017080294e-01
3.911974237467440441e-01
3.943736622108158785e-01
3.946451249945376327e-01
3.994654629520238975e-01
3.976779674862572223e-01
3.977732611693253761e-01
4.019079846457608296e-01
4.033519928843264379e-01
4.004634763701548916e-01
3.931361023859026860e-01
4.026183907721661570e-01
3.886828139105419910e-01
4.001363279328647993e-01
3.907498364516590605e-01
3.915324708582991753e-01
4.010455385946017359e-01
4.117888280326293393e-01
3.873977473818637773e-01
3.964009811739542255e-01
3.928249392091514025e-01
3.989549537985601080e-01
3.953708284324328748e-01
3.948047482835754796e-01
3.897122850729130006e-01
3.961615462403973997e-01
3.914762214687047548e-01
4.004152403130001869e-01
4.023306051232799496e-01
3.982682118454567988e-01
3.940382711247363834e-01
4.032884595156818741e-01
3.939423022324165524e-01
4.029051699770734296e-01
3.994412223028985243e-01
3.977331690275319187e-01
3.963285681666601223e-01
4.066001347638041885e-01
3.954506400769517427e-01
3.960728676970261541e-01
3.974540145912496270e-01
3.922419087601172194e-01
3.979167144707650983e-01
3.946441249204574175e-01
3.937745955420541843e-01
3.986189703119106809e-01
4.039106743959589019e-01
3.990101553398348599e-01
3.951869358297259716e-01
3.972700423648101720e-01
3.961527685201253757e-01
4.059773784421461529e-01
4.035590623630924689e-01
3.978365907012147984e-01
4.012445246720433567e-01
3.983233242081509751e-01
3.958971444892747105e-01
4.048116392239571315e-01
3.978045246316582184e-01
3.987459542405180080e-01
3.930077234495018557e-01
4.000307914528465347e-01
4.019466276356226109e-01
3.969181373166080773e-01
3.959688568077227577e-01
3.994721099412140708e-01
3.941250864727668946e-01
4.025049524329336048e-01
3.973892582020737141e-01
4.026645757219715072e-01
3.981711537004761214e-01
3.997115448747707855e-01
4.005573877852267040e-01
4.013077777651495315e-01
4.008766343633025087e-01
4.051387367020584107e-01
3.907405555093977356e-01
3.987538051405435935e-01
3.896231924861326412e-01
3.962076802310137702e-01
3.948745209678996004e-01
3.959760898275838659e-01
3.909556255808063763e-01
3.966943946282542877e-01
3.975799920758780193e-01
3.926959678721805846e-01
4.031586792015888210e-01
3.931028706249021787e-01
3.907080626566348802e-01
4.019541186363772001e-01
3.982184852320294066e-01
3.980511925850760968e-01
3.855203057629040808e-01
3.998148901096705288e-01
3.924720468266660878e-01
3.955770316049892488e-01
3.930144691721201289e-01
3.985300624521897483e-01
3.911869325237484762e-01
3.986896857412276507e-01
3.947865845177152555e-01
3.939729541844835814e-01
3.955847009629046562e-01
3.999666720535306474e-01
3.909637503864717423e-01
3.950340295987626038e-01
3.982428500941776472e-01
4.002217864924933477e-01
3.965749208100973200e-01
4.021451009362269069e-01
3.962313189247214651e-01
4.034299190388596079e-01
3.952735791904942730e-01
4.018258543581511577e-01
3.993439730609599780e-01
4.018336861484808065e-01
3.997349064778891736e-01
3.991999018793559451e-01
3.888088359844604769e-01
4.035973709332777437e-01
3.918579185326628300e-01
3.939479873669177179e-01
3.971890586589487682e-01
4.049056398176094640e-01
3.996632196390357827e-01
4.016333623923331597e-01
3.993520946816759287e-01
4.004283718589657370e-01
3.994237847054789015e-01
3.980262034728652143e-01
3.963111305692404995e-01
3.993830014296870790e-01
3.983226617386966262e-01
3.980183812373834229e-01
3.997430312835547062e-01
3.996224363632439047e-01
3.924003599878126414e-01
3.989917622576248935e-01
3.966222523416507717e-01
4.033015910616474242e-01
3.988651031938463265e-01
3.980105558169522717e-01
3.958241358964614265e-01
4.005566998361778652e-01
4.011308442766638449e-01
4.054173783615031557e-01
3.986485393812156386e-01
4.024565125390235365e-01
3.936285496918838778e-01
4.040605804046812910e-01
3.992072208928481580e-01
4.055770016505410580e-01
3.950651592932247769e-01
3.992562085980378983e-01
3.993033171831402162e-01
4.046834004253255790e-01
3.973878377146856655e-01
4.042686563274262013e-01
3.925193273990307263e-01
4.014830932993904145e-01
3.909230945086519804e-01
4.002859186316063966e-01
3.912260564409546504e-01
3.991763969535190304e-01
3.908188511180495373e-01
4.034862257575415057e-01
3.972835943240833889e-01
3.997992042343659347e-01
3.963340016901664709e-01
3.989134284295814403e-01
3.980817107692727341e-01
4.039415620342744484e-01
3.964138133346853943e-01
4.035503515267558905e-01
3.957753201785338959e-01
4.033109165931991202e-01
3.967965741717101036e-01
4.032232572336039711e-01
3.880172932746271397e-01
3.997115448747707855e-01
3.909621706516188122e-01
4.006457223540735857e-01
3.932050501683579391e-01
4.014438387992628754e-01
3.925665570122064962e-01
3.964392674494944813e-01
4.012578727945614321e-01
3.993203343672522831e-01
3.955912460337170367e-01
3.921294386454720060e-01
4.026228242215923459e-01
4.023610213890986831e-01
3.992707351517971182e-01
3.980668720904821378e-01
3.983129954175698151e-01
3.974283789343306394e-01
4.062061947547353502e-01
3.987773387309243578e-01
3.969398873353804924e-01
3.970136412063300368e-01
3.923108119532822680e-01
3.939886400597882310e-01
3.956629010230775512e-01
3.990167736644811280e-01
3.985361202257592939e-01
4.031748173396939583e-01
3.924704352423201703e-01
3.920011871070430143e-01
3.932522288223449514e-01
3.947945946652057780e-01
3.967639411811780259e-01
3.949542179542436249e-01
3.976418692708863500e-01
3.995911283116209689e-01
3.945292151346478371e-01
3.960715809775086638e-01
3.993179138057840194e-01
3.967179091089392262e-01
3.972428110482917329e-01
3.948744063097245349e-01
3.920550541545609335e-01
3.956803577301930552e-01
3.994775370948219217e-01
4.007883029794049312e-01
3.958860130914698128e-01
4.040605804046812910e-01
3.978096555849811589e-01
4.070855879211218165e-01
3.936431208349333577e-01
4.060480365423756455e-01
3.998684291074102171e-01
4.043876587730867445e-01
3.970750215492475643e-01
4.008039633751150910e-01
3.995573487393407897e-01
4.020011380428990533e-01
3.971629994037728095e-01
4.035097306833784758e-01
3.960619592456722238e-01
3.997585833909885200e-01
3.987039001699555496e-01
4.067021964641359122e-01
3.981533721285319682e-01
4.016818914648232486e-01
3.947296216994773954e-01
4.005645284415581542e-01
3.971321181353558716e-01
3.972124393717628710e-01
3.933174438442200715e-01
3.992155559051674407e-01
3.903725505424819886e-01
4.069572854235041781e-01
3.970131825736307740e-01
3.987366860380538447e-01
3.948663961622342344e-01
4.021685867523680513e-01
3.983781085210673090e-01
4.036850079982279293e-01
3.971890586589487682e-01
4.019369740542930725e-01
3.960716956356836738e-01
4.047303816124558362e-01
3.974284935925055939e-01
4.049056398176094640e-01
3.936692214944501056e-01
3.997820596522817516e-01
3.981386735875104832e-01
4.063266145028344711e-01
4.030153087088309549e-01
4.019854776471889490e-01
3.932782880775209655e-01
3.970371556870149199e-01
3.920811134097368367e-01
4.028477326013900628e-01
3.879309078947522638e-01
3.993360202425568772e-01
3.966466172037989568e-01
4.010355697032914613e-01
3.933026433848210712e-01
3.984659303130768104e-01
3.926479165420853623e-01
4.014267961355564296e-01
3.948109493798634961e-01
4.025598195545315727e-01
3.968860521373558381e-01
4.003892447568103141e-01
4.019223009928659662e-01
3.936850666172197477e-01
3.964788754789941860e-01
4.027835940923782942e-01
3.968860521373557826e-01
4.029353824061371880e-01
4.047075933002114989e-01
4.039009571156433887e-01
4.012039961921955999e-01
4.016662310691131998e-01
4.081394940145257055e-01
4.008681146239239101e-01
3.960960509429837795e-01
4.022092394452385089e-01
3.980994541218252913e-01
4.021215864555419683e-01
4.018424893483469873e-01
4.014830932993904700e-01
3.943320795127499001e-01
3.979635364104303630e-01
3.938613248964535352e-01
3.998790158788848026e-01
3.926641502286695173e-01
3.973328877844057860e-01
3.932945281340036736e-01
3.964549596946974064e-01
3.999987062735942955e-01
3.984502508076708804e-01
3.988894585011464322e-01
3.990010877891764784e-01
3.995279516572979306e-01
3.999509798083276668e-01
3.911396137319924082e-01
4.065112269040833115e-01
3.993764404341281771e-01
3.978837247659113840e-01
3.938694369623216840e-01
3.981951236289110185e-01
3.981873746472630593e-01
4.020980433103132912e-01
3.944443330508426437e-01
3.919698153564341037e-01
3.976286931356305954e-01
4.009008686425292733e-01
3.992249260260092303e-01
3.964314165494688957e-01
3.927520739390565341e-01
3.958007742933430384e-01
3.974528488998056996e-01
3.993844473966695063e-01
3.974690698465926375e-01
4.060166647917667904e-01
3.979398308327875000e-01
4.009008686425292733e-01
4.032872110155560907e-01
3.952263877967101546e-01
3.983226617386966262e-01
4.030557830445404832e-01
3.987054799048084242e-01
3.949149953036091287e-01
3.911314952962255953e-01
3.993844473966695063e-01
4.018262556617628323e-01
3.963594558049756134e-01
3.991843497719220202e-01
4.050667727726156575e-01
3.987771667436620371e-01
4.024971015329079638e-01
3.972607454978023256e-01
4.022576665993511380e-01
3.974920524407443145e-01
3.993922982966951474e-01
3.975881168815433853e-01
3.956333001042795505e-01
3.964707538582782909e-01
4.017866476322631275e-01
4.009483275720545636e-01
3.916584164934345247e-01
3.972607454978022701e-01
3.991607110782144363e-01
3.973568035687024547e-01
4.060245125068428496e-01
3.959201939673617221e-01
4.020417748110230449e-01
3.952817008112102792e-01
4.023688627342764113e-01
4.018424893483471538e-01
3.990246118247093299e-01
3.969184940309297138e-01
4.043719920074780316e-01
4.012202171389825378e-01
3.974283789343306394e-01
3.922813129528617826e-01
3.991685556083413577e-01
4.029043673698498584e-01
3.959839311727615940e-01
3.987622643658854105e-01
4.013469844910374507e-01
3.966871616083931240e-01
4.060637033079844693e-01
3.975731890241723243e-01
4.054330387572132599e-01
3.999675383597403600e-01
3.974518743053196412e-01
3.962718951788086197e-01
4.023125560155944580e-01
3.914114905591231652e-01
3.977476255124063886e-01
3.967507650459221602e-01
4.002217864924933477e-01
3.935420783183777860e-01
3.973000764367130011e-01
3.977085047801494078e-01
4.001811178748764242e-01
3.965275383193552772e-01
3.977147759453219522e-01
4.027528465918321920e-01
3.976271452502705417e-01
3.995522783000545197e-01
4.003329189284326461e-01
3.965911417568844244e-01
4.011153813478103292e-01
4.019223009928660773e-01
4.035097306833784203e-01
4.062483507436756014e-01
4.013548162813671549e-01
4.020102247032530940e-01
3.956646845946858448e-01
4.037660808826696868e-01
3.980590339302539360e-01
4.026487178594045369e-01
3.966145829837353642e-01
3.981630384496587793e-01
4.029995145452501815e-01
3.924964116888142729e-01
3.990808994336954574e-01
3.964234095869276220e-01
4.029197029007313136e-01
4.033670226600750142e-01
4.004533832658219716e-01
4.016909781251773448e-01
4.004455419206442990e-01
3.931511321616513177e-01
3.976599757076592634e-01
4.036862692381507633e-01
3.953454380166100401e-01
3.952424494960320445e-01
4.016427165884282613e-01
4.018587102951340362e-01
4.075330860376265574e-01
3.946675534075110847e-01
4.073734627485885995e-01
3.996077633018169650e-01
4.009963789021499525e-01
3.952898192469770366e-01
4.047396784794637381e-01
3.966384987680320884e-01
3.954095637858244250e-01
3.905809322203598888e-01
3.981231596994682098e-01
3.953615124557291471e-01
4.028241990110092985e-01
3.971173686351457399e-01
4.006849768542011248e-01
4.007887042830167723e-01
4.041809969678311631e-01
3.958322607021267925e-01
4.021294278007196410e-01
3.960000056118805345e-01
4.037976309904395822e-01
3.920973534662196558e-01
4.034705398822368561e-01
3.975245452935071699e-01
3.995676138309360304e-01
3.983064216822138071e-01
3.953375966714323675e-01
3.999026545725924975e-01
3.990089323193033999e-01
3.967900004363540400e-01
4.047553707246667742e-01
3.980751083693729320e-01
4.084345477177155348e-01
3.974366152132214891e-01
3.959839311727615940e-01
3.935420783183778415e-01
3.942202336481672731e-01
4.032155082519560119e-01
4.005973206795552244e-01
4.021062509246605132e-01
4.039650956246551572e-01
3.983469979363009617e-01
3.985535769328747424e-01
3.980277513582252125e-01
3.980747070657612019e-01
4.052026904840104748e-01
4.016583960938341913e-01
3.989854910924524045e-01
3.998227282698986196e-01
4.003341801683554801e-01
4.017303695781249684e-01
3.970619027430791204e-01
3.971889440007738137e-01
3.960162392984648005e-01
3.970293207117359668e-01
4.006453146805630250e-01
4.042123687184400738e-01
4.031113604098326975e-01
3.987053652466335807e-01
3.996077633018168540e-01
4.010042234322768184e-01
3.991288934347032580e-01
4.073891549937916357e-01
3.966547324546163544e-01
4.026802679671744323e-01
3.959364276539458216e-01
4.044518036519968995e-01
3.933824550293399391e-01
4.067820081086548356e-01
3.944200064080860546e-01
3.969010182141184395e-01
4.016666323727250409e-01
4.016818914648232486e-01
3.937652795653504567e-01
4.067021964641359677e-01
4.005492693494600021e-01
4.003814097815312500e-01
4.008685159275356957e-01
4.026239708033404474e-01
3.962313189247214651e-01
4.048665286402004515e-01
3.991599658000782314e-01
4.067021964641359122e-01
4.002935879895217486e-01
4.034299190388596079e-01
4.003896460604221552e-01
4.050261519292382428e-01
3.988732248145623882e-01
3.959996043082688044e-01
3.945471495841584852e-01
4.015942512149240917e-01
3.965424406971318483e-01
4.009792343200658804e-01
4.000460250653502525e-01
4.013782925426605530e-01
3.957361962613277218e-01
4.064064261473533946e-01
3.960554428394034709e-01
3.982014616780188976e-01
3.986973550991431137e-01
4.028461592364355193e-01
3.985296038194905410e-01
3.982170838543372948e-01
4.016503859463437243e-01
3.998211230554513107e-01
3.953452660293478305e-01
4.036520819923602454e-01
3.985539782364865835e-01
4.036520819923601344e-01
3.980751083693729320e-01
4.014251590716160223e-01
3.963990638344753181e-01
4.072514091214983201e-01
4.008603943068198006e-01
3.967960836895176868e-01
3.982266100376948836e-01
4.027585380962320216e-01
3.980751083693729320e-01
4.011544925252195082e-01
4.015070090836870831e-01
3.986881442257663166e-01
4.032709836988705998e-01
3.978102161360580480e-01
3.977639802270641067e-01
4.035566545414213113e-01
4.008685159275356957e-01
3.938994455546301898e-01
3.943158394562670255e-01
3.983610849670567444e-01
3.953615124557291471e-01
4.057037562627988092e-01
3.997511529042704903e-01
3.990793897677271107e-01
3.999905878378273161e-01
4.059431911963555240e-01
3.991045381274032078e-01
4.018007983620048296e-01
3.998147181224081526e-01
4.014893612796136546e-01
4.008441415105396533e-01
4.001403696335270599e-01
4.044356655138917067e-01
4.064688893730329933e-01
4.047549120919674559e-01
4.017522055905284883e-01
3.959039475409803499e-01
4.023906987466799867e-01
3.980588619429915598e-01
3.993656530108477543e-01
3.974203687868400614e-01
4.051120914162111286e-01
3.938532096456363041e-01
3.970744864777650540e-01
4.013636194812334468e-01
4.056221164573812210e-01
4.047157085510287855e-01
3.993325550177179717e-01
4.046277816556925755e-01
3.993403294789602542e-01
4.012756925858972923e-01
4.065233774856644167e-01
4.046521178532968555e-01
3.974092979030718897e-01
4.028164500293613948e-01
3.998756780520178467e-01
4.071181699524649700e-01
3.973061342102824356e-01
4.055138249962181307e-01
3.965878294096120138e-01
3.974609609656737930e-01
4.055423048128622421e-01
3.972134139662488739e-01
4.057817397464190678e-01
4.074049491573724091e-01
4.061165448018275170e-01
3.987934131700433538e-01
4.056376749347138655e-01
4.012675741501303128e-01
4.059491438665980279e-01
4.047630400825821262e-01
3.996362431184611319e-01
4.018816928892858242e-01
3.994045890160453638e-01
3.962069349528776763e-01
4.050789934230812350e-01
4.031424136655115675e-01
4.033075787663321643e-01
3.972363519711104018e-01
4.005939828526883240e-01
4.018654273532086818e-01
4.047519691988139545e-01
4.028313014479492637e-01
4.039538527536246093e-01
4.001731045424366529e-01
4.046565927070638891e-01
3.998375669486892159e-01
4.030525726156457544e-01
3.944901867659205696e-01
4.021181849296891486e-01
3.986322419956455643e-01
4.018709691649913762e-01
4.011780611500424532e-01
4.042653185005593564e-01
3.994222049706259159e-01
3.986064725708560186e-01
3.917521304416496930e-01
3.992760572020780940e-01
4.018002378109279404e-01
4.027955344673054272e-01
3.998131065380621796e-01
4.049659691272576856e-01
4.026065140962248878e-01
4.035371148774632988e-01
3.982885254520947549e-01
4.065699573691828328e-01
3.958941761165267192e-01
4.033054321105037365e-01
3.957427126675964746e-01
4.000563920753231750e-01
3.962932343391213919e-01
4.039594200450016825e-01
4.037320337746483911e-01
4.002237547911610682e-01
3.940585082925912030e-01
3.961610971625460498e-01
3.996534832490242217e-01
4.029528200035569219e-01
3.966922925617160645e-01
4.007824363027935877e-01
4.028377891896741114e-01
4.042220732589584253e-01
3.982885254520947549e-01
4.075664260869030775e-01
3.979611158489621547e-01
4.061375527274129205e-01
3.976418692708864056e-01
4.101203987115089600e-01
3.966922925617160645e-01
3.986352581426329533e-01
4.038036887640089612e-01
4.019873472124282365e-01
3.952475199353183144e-01
3.991862034124147862e-01
3.995491825293345789e-01
4.014930016766641296e-01
3.995491825293345789e-01
4.071441400290605750e-01
4.013603326135554150e-01
3.983803475404255612e-01
3.978567960195764641e-01
4.055633955471297236e-01
4.024858714016747441e-01
4.012535667431072484e-01
4.012170576692766222e-01
3.950205158588809273e-01
4.044811625146480516e-01
4.015650707094335359e-01
3.956057152583886127e-01
4.044382899121152231e-01
3.998991766079564303e-01
3.989235406436101861e-01
3.958287827374906698e-01
4.002005269559131273e-01
3.891880360481670409e-01
4.021803169206414341e-01
3.945190232968864286e-01
4.049737244788041424e-01
3.989720697161006080e-01
4.000254025186301687e-01
3.979345183373543815e-01
4.045026067782877544e-01
3.893148607293093755e-01
4.085730006487534594e-01
4.017572696599160942e-01
4.105605395951296144e-01
4.047901121516356837e-01
4.041190433340395849e-01
3.965695127661854058e-01
4.001284611080928588e-01
3.982373465017866043e-01
4.047575364901910833e-01
4.027866102393659609e-01
4.088201845639582999e-01
3.956035622326616319e-01
4.020439405765471874e-01
3.914451427334311728e-01
4.034162205719184491e-01
3.984767814353433746e-01
4.036633917473259059e-01
3.934486478306504220e-01
4.058183061493371713e-01
3.993464955408057571e-01
3.996728095213791243e-01
3.966246824579670038e-01
4.024662170795419436e-01
3.995694929510232862e-01
3.998401658673184089e-01
3.994098696619853839e-01
4.016835635632061141e-01
3.964568388147847733e-01
4.029760000645652984e-01
4.024509325078492461e-01
4.035578329726626223e-01
3.974227989031563490e-01
4.043559494178520231e-01
3.955706871859828166e-01
4.014750162679646128e-01
3.902315305423078029e-01
4.072214546733280427e-01
3.991622111893349811e-01
4.009884292686961560e-01
3.982842830996266570e-01
4.110601275574425895e-01
4.020987854035003028e-01
4.065983862266382420e-01
4.010447646519215148e-01
4.121852013429637140e-01
4.002384087428921822e-01
4.082744307615359114e-01
3.997348013745624096e-01
4.099504752964335252e-01
3.991596122707056216e-01
4.101255105551361302e-01
3.989201773371489068e-01
4.043790721497728113e-01
3.992559315074487580e-01
4.028626509039130443e-01
3.956561553004592224e-01
3.999894317012313016e-01
4.006925411087897126e-01
4.025434043258372396e-01
3.931186838981787779e-01
4.014337425099805956e-01
3.967900195460496993e-01
3.993663377749473442e-01
3.927196256755839943e-01
4.018481935925443116e-01
3.956093333607939022e-01
3.984961045227490284e-01
3.917618859413569132e-01
4.066291974261704856e-01
4.013392832836291668e-01
4.091033584062575001e-01
4.027593916626445170e-01
4.047060199352568999e-01
3.958075232009103384e-01
4.008183338663585116e-01
3.975551208067911180e-01
4.044819778616690065e-01
4.001806433174307509e-01
3.972191182104459206e-01
3.939553350449537805e-01
4.095178031189224410e-01
4.040116022543396301e-01
4.096620399178900196e-01
4.004200782509875767e-01
4.028059333267714481e-01
4.000210200283929041e-01
4.006587105773206647e-01
4.018566878523284203e-01
4.060137792277003776e-01
3.939388019731352997e-01
3.993894127326287347e-01
3.952240564138221335e-01
4.057666558265324297e-01
3.929893303672920002e-01
4.032924948464454151e-01
3.951525097127379094e-01
4.007952493538290972e-01
3.923508372111405018e-01
4.006510189247602383e-01
3.981055405599384645e-01
4.072753854198318813e-01
3.985128605410183655e-01
4.103082279115514153e-01
3.918719673440268503e-01
4.016808754659965119e-01
3.980174639719848972e-01
4.063099508480947364e-01
3.899647528190070545e-01
4.052079743148999103e-01
4.005797015400254235e-01
4.024222552243482687e-01
3.997100352088023278e-01
4.048810360842638456e-01
3.978110697024704878e-01
4.058464674710512976e-01
4.022805217955308654e-01
4.069638304943164475e-01
3.966937066792053934e-01
4.073551970643508047e-01
4.016337732507926361e-01
4.062945516182271954e-01
3.970845095132133906e-01
4.011144959319047354e-01
3.970129532572811981e-01
4.027905404668024603e-01
3.986972499958161831e-01
4.118169543199012850e-01
3.944754818550006426e-01
4.100610981404846922e-01
4.004613551939207872e-01
4.007154377093101738e-01
3.942442927551826903e-01
4.057848450719871436e-01
3.934379304762545271e-01
4.072935491856920498e-01
4.021373997288184565e-01
4.012999555296677401e-01
4.010282825392921802e-01
4.064954327405027046e-01
3.999907311605460647e-01
4.027520025802676096e-01
3.996714845824702600e-01
4.061118055972685603e-01
3.983146866256484508e-01
4.047627184027027258e-01
3.988017991415513941e-01
4.054089191361612832e-01
3.956891450053128811e-01
4.031020858374698701e-01
4.026327580784602178e-01
4.039723095348204951e-01
3.951304634936803062e-01
4.066060938039453565e-01
3.999191621648164330e-01
4.018972067773280976e-01
3.968065080285779755e-01
4.082744307615358559e-01
4.011245762964405492e-01
4.021212233713218343e-01
3.944203981568499828e-01
4.121774905807076839e-01
3.914673673096493722e-01
4.021289341335778644e-01
3.948194563794446554e-01
4.020491224890589410e-01
3.941809632232931571e-01
4.010913827548317490e-01
4.012126242198504333e-01
4.026155115779985194e-01
3.947561141077582381e-01
4.014029185706514125e-01
4.044931347390683940e-01
4.061040916500629483e-01
3.959615186845345525e-01
4.029837203816695190e-01
3.952514406079071230e-01
4.103263916774115838e-01
3.990823995448160022e-01
4.045953843514087933e-01
3.968476734982858134e-01
4.040367028397762739e-01
3.938946426510852028e-01
3.962718219249747320e-01
3.950918173188692761e-01
4.028086532734739267e-01
3.942937008736798754e-01
4.032720665816327266e-01
3.958734771310233325e-01
4.099762447212231820e-01
3.966000118406859398e-01
4.020748919138486532e-01
3.986668846891861517e-01
4.039028266808827317e-01
3.950671275918924974e-01
4.085962380388493687e-01
3.997842477124511906e-01
4.040547137280698919e-01
3.923535316782486571e-01
4.016681006343525984e-01
3.931516481234380023e-01
4.072626488075794526e-01
3.929920248344000999e-01
4.109339844554504850e-01
3.922654837548387174e-01
4.016758336912539251e-01
3.871575385056267860e-01
4.042375361878120521e-01
3.912196929122525035e-01
4.094330197685454586e-01
3.945084460802598669e-01
4.096724547021022844e-01
3.972302750878452526e-01
4.064079007788795606e-01
3.997924776214434872e-01
4.070618313842900848e-01
3.959697454085775448e-01
4.065108638198632329e-01
4.022032772201481476e-01
4.027597165274732771e-01
3.978852248770319844e-01
4.020414117268028553e-01
3.958899337640585658e-01
4.008442370590188375e-01
3.891059439799491315e-01
4.028318142247865885e-01
3.992502463729474260e-01
4.102465800328925494e-01
3.943735125181989098e-01
4.073965026718276428e-01
3.943101447669178361e-01
4.056483540697180534e-01
3.947009826353681250e-01
4.040444136020323596e-01
3.957467543682586797e-01
4.013462296580532218e-01
4.005272326852504783e-01
4.077234568272103954e-01
3.968476734982858134e-01
4.042838485355891298e-01
3.957220837509776712e-01
4.029424625484319678e-01
3.934157727839716623e-01
4.047060199352568999e-01
4.025941119036492433e-01
4.062147399737083275e-01
4.015565605249030168e-01
4.069253403820211057e-01
3.968558970373794459e-01
4.049300492690476316e-01
3.985319415722771152e-01
4.015058529470911242e-01
3.986035296777024062e-01
4.090235467617386322e-01
3.982126949942013105e-01
4.032771083563752579e-01
3.944615477018113547e-01
4.061426295365977435e-01
3.999767715277621760e-01
4.017529890880562893e-01
3.976540134825687911e-01
4.063897624926137708e-01
3.986281907401353353e-01
4.016164503115478013e-01
4.079743671330966492e-01
4.072753854198318257e-01
4.005518841928356610e-01
4.043867733571810952e-01
3.939991153580371108e-01
4.066214994037113950e-01
3.991152745914948730e-01
4.058233829585219943e-01
3.949568550922643029e-01
4.066936098408218681e-01
3.982373465017865488e-01
4.038357898680077218e-01
4.017654772742632607e-01
4.039156015125267007e-01
4.013582114373214216e-01
3.993663377749473442e-01
4.036727491283705893e-01
4.014337425099805956e-01
3.993464955408057571e-01
4.074196158489007402e-01
3.958981573031522538e-01
4.036684685565107844e-01
3.993136077543298357e-01
4.031020858374697591e-01
4.013171255913461910e-01
4.009317594657937911e-01
3.991704347284285581e-01
4.082821383388428593e-01
4.021234655756291687e-01
4.108284033861418494e-01
3.991622111893349256e-01
4.078753725389412388e-01
4.009978790132704418e-01
4.016500642664642684e-01
3.951716289633881440e-01
4.110524136102368664e-01
4.003593858571189434e-01
4.043405183384913837e-01
4.000952611965853389e-01
4.067348676740594193e-01
3.992971447513959937e-01
4.042761377733330441e-01
3.995448127788943649e-01
4.050742542185224448e-01
3.956340421974665622e-01
4.096235179561017459e-01
3.980530717051634637e-01
4.043636601801079977e-01
3.992584667270917542e-01
4.086657782218744983e-01
3.928653148114327198e-01
4.059598930704867992e-01
3.942937008736798754e-01
4.085936773396115496e-01
3.871270967602136182e-01
4.067580095156761444e-01
3.935918399662474143e-01
4.073965026718276428e-01
3.949568550922644139e-01
4.061195163595246460e-01
3.988676256736922165e-01
4.069176328047139912e-01
3.988758396579380472e-01
4.018817884377650085e-01
3.932174236963901226e-01
4.077878501321661742e-01
3.969603601894836076e-01
3.988720686779662628e-01
3.945660108539155164e-01
4.036376446171816013e-01
4.032818985201230277e-01
4.065829615171764888e-01
3.976868757894503892e-01
4.026721909357487417e-01
3.971364018921650363e-01
4.039491772480516274e-01
4.039919957064462830e-01
4.043405183384913837e-01
4.022279287277332749e-01
4.072214546733280427e-01
3.988922580715815736e-01
4.054501610446523685e-01
3.985014042783846522e-01
4.020105368282844704e-01
3.965777203805324613e-01
4.000796008008752902e-01
3.966575320250513847e-01
4.021624334303196546e-01
3.943429943340022725e-01
4.080839453137772854e-01
4.008793415702078256e-01
4.051231909645229834e-01
3.963464898763733868e-01
4.041654512302957358e-01
4.035295378830776047e-01
4.013565871131782314e-01
4.050459591289373718e-01
4.047962176994445715e-01
4.086374831322894252e-01
4.039105597377841694e-01
3.987490404563900359e-01
4.148447550368782877e-01
4.018862792162783970e-01
4.092579399205528157e-01
4.047676869236114250e-01
4.019950802693297298e-01
3.972019481487674142e-01
4.037586663206984006e-01
3.981923845725126587e-01
4.063126389453043386e-01
4.024224017320161551e-01
4.030248985911745185e-01
4.005150884735680927e-01
4.021392342596153968e-01
4.011780611500425087e-01
4.065932043141265440e-01
3.999971902377271182e-01
4.016448823539525148e-01
3.968047244569697374e-01
4.051488489160872120e-01
3.958714164688260095e-01
4.013178899791783327e-01
4.006601151399620808e-01
4.007592084675457578e-01
4.009874992635003577e-01
3.953165154920129654e-01
3.960554428394035265e-01
4.014542567684245000e-01
3.952573263942141812e-01
3.991241988194344503e-01
3.950977031051763344e-01
4.067783517868580612e-01
3.978112990188201192e-01
4.061730139529236006e-01
3.982982968765483855e-01
4.038506890608350997e-01
3.995752831888513823e-01
4.027975537251620164e-01
3.924639188360514730e-01
3.966442603413166679e-01
3.967264288483179913e-01
3.982248901650726203e-01
4.000703994823463505e-01
4.057115689434326322e-01
3.973649220044694341e-01
4.041075233724200633e-01
3.964152975210594732e-01
4.012343041697384871e-01
4.003098344159031208e-01
3.971560944336892662e-01
4.017545624530108328e-01
4.111231322245030295e-01
3.975962385022593359e-01
4.016255465267496993e-01
4.027204174380553670e-01
4.024956555659256474e-01
4.025607941490175201e-01
4.028227211945337172e-01
4.029679644374803416e-01
4.000136723503568414e-01
4.000866331689305055e-01
4.038289772614542250e-01
3.946513260908255938e-01
4.052499200971863003e-01
4.012675741501303128e-01
4.048586968498706917e-01
4.026243721069522885e-01
3.981545187102801253e-01
3.875318496721575356e-01
4.008446001432389161e-01
3.959918839911646948e-01
4.069181264718557678e-01
4.008603943068197450e-01
4.053218935814770219e-01
3.976679285260623087e-01
3.992483672528602812e-01
3.967183104125511228e-01
4.055456426397293090e-01
4.006371994297457384e-01
4.045957474356289829e-01
3.952018891666911893e-01
4.024251407884146814e-01
3.921528002485903941e-01
4.019541186363772001e-01
3.930307283382987182e-01
3.974048548987978435e-01
3.971011222087644232e-01
4.029118583706043921e-01
3.961515072802025417e-01
4.077005570417405744e-01
4.016909781251773448e-01
4.042608086123501421e-01
3.986581356334578108e-01
4.001982624569605518e-01
3.993926550110166174e-01
4.029118583706043366e-01
4.049794701273420894e-01
4.015550604137824720e-01
3.983632061432907379e-01
3.983625946330250911e-01
3.960648639194342402e-01
3.989212761446576105e-01
4.012445246720433567e-01
4.028241990110092985e-01
4.006858431604107817e-01
3.994799576562901855e-01
4.050754836089522359e-01
4.012358138357067783e-01
3.998241041679964636e-01
4.017866476322631275e-01
4.048441448165170375e-01
3.945957487255334351e-01
3.982359610488407919e-01
3.935503432618124298e-01
3.982359610488407919e-01
3.978601720658349605e-01
3.971266846118494676e-01
3.983468960179233909e-01
3.959375933453898599e-01
4.027522350815665453e-01
4.044057078807721806e-01
4.029040106555282219e-01
3.984996461863709594e-01
4.000870408424410107e-01
3.972307369054937087e-01
4.031120228792871574e-01
3.977015297411816697e-01
4.023139064340978122e-01
3.995371975651170748e-01
4.052590736414757866e-01
4.008939955219390505e-01
3.984031358526699540e-01
3.980925077474011253e-01
3.968788509669874953e-01
3.970549563686549543e-01
4.017394944578705496e-01
4.027215831294993498e-01
4.089067992601828627e-01
4.016042201062341999e-01
4.039348386063011387e-01
3.976136378802874183e-01
4.033682711602007975e-01
3.995210339474175032e-01
3.976060513310539224e-01
3.940776657626331447e-01
3.958501951516373296e-01
4.018992069254888055e-01
4.016606510379389094e-01
4.030327463062506888e-01
4.056512332638856910e-01
3.936149722530162265e-01
4.013414044598631603e-01
4.016759483494287686e-01
4.011098682005713734e-01
3.952192885447194381e-01
4.084683272899954920e-01
3.973903601945315556e-01
4.027139965802657984e-01
3.979490417061641305e-01
4.023149383576711258e-01
4.025144499517473440e-01
4.021632073729995982e-01
4.012535954076509315e-01
4.008862210606966570e-01
3.920833173946526862e-01
4.003511973524674916e-01
3.992824780598675516e-01
4.056029972067309863e-01
4.003998410831326460e-01
4.016203009152520265e-01
4.029538137077385840e-01
4.025622655955942153e-01
4.047257698058688291e-01
4.025543732912278960e-01
4.008310864033574061e-01
4.019158801350764532e-01
3.990913046630599204e-01
4.011896798450902968e-01
4.023635820883362801e-01
4.010221578817874111e-01
4.011664074205522068e-01
3.994978347767133009e-01
3.997458595185333086e-01
4.045978749817615294e-01
4.018209622760256505e-01
3.985242817692095096e-01
3.952764074254729865e-01
4.074631859553302649e-01
3.967847994141464607e-01
3.999529799564883747e-01
4.003763234174985142e-01
4.069605722911821544e-01
4.076311506265860030e-01
4.004879081162383003e-01
3.966332053822948511e-01
3.999133751119376967e-01
3.996022851890202454e-01
4.046143316147968183e-01
3.967928286713326980e-01
4.030101650157108528e-01
4.000651060966090578e-01
3.972637266103474785e-01
4.059631385338240972e-01
3.977346595838043286e-01
4.011744398626879704e-01
3.993388293678398759e-01
4.086687020053321739e-01
4.019805473456719014e-01
3.998894211082492656e-01
3.975909068971304472e-01
3.966171436829729058e-01
4.011665602981187018e-01
4.006795019263537649e-01
4.034652146470065759e-01
3.988438341024181932e-01
4.001131255772112372e-01
4.018686377821035771e-01
3.962023549957833790e-01
4.004320281807627335e-01
4.002727488662490840e-01
3.968324621804272256e-01
3.989318342515884575e-01
3.940470966192478053e-01
4.010867486535996673e-01
3.966010692438538543e-01
4.119411323081749177e-01
3.992348535129787712e-01
4.069129987034819651e-01
3.972234752210889175e-01
4.030979103689369958e-01
4.000966944237705492e-01
3.974233498993854363e-01
4.032972053864607997e-01
3.993229523955771354e-01
4.043427987621905362e-01
4.044388377233949505e-01
3.971120752494084472e-01
4.028426048330163156e-01
3.986284964952682142e-01
4.050852677732032503e-01
4.025151697502892256e-01
4.024514835040783889e-01
4.028424519554498762e-01
4.045186493679139295e-01
3.996660478740143851e-01
3.992669514320281721e-01
3.979900033391167158e-01
4.043828272049981298e-01
4.055801356406525948e-01
3.987960120886726023e-01
4.047900420827510448e-01
4.052528247709482612e-01
4.036806987618243858e-01
4.022997939237476506e-01
4.028825823166349851e-01
4.023716718595593544e-01
4.016854076488510783e-01
4.061307528606565298e-01
4.096665721007445859e-01
3.991792060788020291e-01
4.095867604562256625e-01
4.046143316147967628e-01
3.995304932468398129e-01
4.042152733922020902e-01
3.905037577138616434e-01
4.014139321253322179e-01
3.978464290096036526e-01
4.000571341685102977e-01
4.010388947903610890e-01
3.977346595838043841e-01
3.996103048913586808e-01
4.002806921298043830e-01
4.015895534147058132e-01
3.978863427942363473e-01
4.007196482122853398e-01
3.953403102482363485e-01
3.971441604286607419e-01
3.951886238528551920e-01
3.961784041770445852e-01
3.963139205848275615e-01
4.000173796313424290e-01
3.933450191352629854e-01
4.062426879038193994e-01
4.038801562117624311e-01
4.002648278973391371e-01
4.010867486535996118e-01
3.960428208853259968e-01
3.997299506967778027e-01
4.024995539438693259e-01
4.049975192350274700e-01
3.921240401564076716e-01
4.010867486535996118e-01
3.976550645158378749e-01
3.987642708839446715e-01
4.051653596932603407e-01
3.981337178063990012e-01
4.011667768746710605e-01
4.018928019924456474e-01
3.987724275391029694e-01
3.929697620387904156e-01
3.996583562214538476e-01
4.019805473456719014e-01
4.025395728318290067e-01
4.030260292481761542e-01
4.018292622539024750e-01
3.964016627531046222e-01
3.971283662650800794e-01
3.969841167263152282e-01
4.009593252019890142e-01
4.017807331814122751e-01
4.023241110116562713e-01
3.977822331715046289e-01
4.028109655466660666e-01
3.956114736467238324e-01
4.010630908501962022e-01
4.027305551316786580e-01
3.975593567893606628e-01
4.008071546943140495e-01
3.957316640784733774e-01
3.986522402923028952e-01
3.971602985667659902e-01
4.112064218336582422e-01
4.010710691481938484e-01
3.954835278634279971e-01
4.001053511159690657e-01
4.037681065104247735e-01
4.014701273707885210e-01
3.987478906896926856e-01
4.055484963543025123e-01
4.009826167362229299e-01
4.026673020385725388e-01
4.020122503310082362e-01
4.021086205269400193e-01
4.009826167362229299e-01
3.957236889654250911e-01
3.986839050582473565e-01
4.029067369721293645e-01
4.098014387788703750e-01
3.998818695934580059e-01
3.949564728983483985e-01
3.973917552023251698e-01
4.003038530811169893e-01
3.959551456009843262e-01
3.979174024198140480e-01
4.016217723618287772e-01
4.041506061816066420e-01
4.013823374282719514e-01
3.944056900609809180e-01
3.939678327860084983e-01
3.979893153900678215e-01
4.017654295000237519e-01
4.022351267131522023e-01
4.036569358550941011e-01
4.000723168218252024e-01
4.030184426989426583e-01
4.021553150686332234e-01
4.055804095462924308e-01
4.052600737155561128e-01
4.001532177190048611e-01
4.025543732912278960e-01
4.047024814565842177e-01
4.060020554293256589e-01
4.095629975494952113e-01
4.033603820407836160e-01
3.998179795104918055e-01
4.024824539510753474e-01
4.027550059874580035e-01
4.057547313763517072e-01
3.979104974497307268e-01
4.023868545128744256e-01
4.018132706234651685e-01
3.991066784133329715e-01
4.066577696063444214e-01
3.999767046438270079e-01
4.020447049643793846e-01
3.974306338784353576e-01
3.970245719523289862e-01
3.953555311209430156e-01
3.986208048427076767e-01
3.999925051773063900e-01
3.981259306053596680e-01
4.051802620710371339e-01
3.996423518512194351e-01
3.919315290808939034e-01
4.023639515424551338e-01
3.992583998431564751e-01
3.930259891337397615e-01
3.990908715099549253e-01
3.982935576719894288e-01
3.936478600394924254e-01
4.035611262102391517e-01
4.013255975564851696e-01
4.006080953630385966e-01
4.036243156043594071e-01
4.030902569357680543e-01
4.002082345332201863e-01
4.032578776324994285e-01
4.057073297759137831e-01
4.062029110720065672e-01
3.998810797260314298e-01
3.936006686457083070e-01
4.006712847571587965e-01
4.024437631869740017e-01
3.934724043674820426e-01
3.994189212878970219e-01
4.006554523741863161e-01
3.970325693600225136e-01
4.020841410066170463e-01
3.977428767529994080e-01
3.967367608238483445e-01
3.907114514426905938e-01
3.986601612612128420e-01
3.974316275826171863e-01
3.988356169332232248e-01
3.993471070510715704e-01
3.965692133809510245e-01
4.022203262537532575e-01
3.991152586667484070e-01
3.948058375362361594e-01
4.025312951485973123e-01
3.987325870083042734e-01
4.013420541895204030e-01
3.976790567389178466e-01
4.022199822792287272e-01
3.940955237733605454e-01
3.995063863655848868e-01
3.984133404302284687e-01
4.023716718595594100e-01
3.949894243838102947e-01
4.038801562117624311e-01
4.002649744050068570e-01
4.041195911453192569e-01
4.036170634748021957e-01
4.012304886004762761e-01
3.957157106674275560e-01
4.025074749127792173e-01
3.986208239524036134e-01
4.062506757566648474e-01
3.998898415215569324e-01
4.072802775019572774e-01
3.957396360065723040e-01
3.973836335816092746e-01
4.014701273707885210e-01
3.990596781165069440e-01
3.998020579489390824e-01
4.055005533124834138e-01
4.010710691481938484e-01
4.010311012194230362e-01
4.079348705768222616e-01
3.952926220023613157e-01
3.997142711913719282e-01
3.988921020090657743e-01
4.009114458591560570e-01
3.964179410289788152e-01
3.999457278269311078e-01
4.048700193446336248e-01
3.988203833207192850e-01
4.013503477974986744e-01
4.013743559453252230e-01
4.023160467200276869e-01
4.014541675898440909e-01
3.998498417432930219e-01
4.017015840063477006e-01
3.981737972083953525e-01
3.930739449153559661e-01
4.007916662858661550e-01
4.007198902684321884e-01
4.035132213878117047e-01
4.020766882252541641e-01
4.028826842350125559e-01
4.011269363438722535e-01
4.054446096780217612e-01
4.038564984083589660e-01
4.022521438972643804e-01
3.949335476332840322e-01
4.047103960555956670e-01
3.988363431016636595e-01
4.041596705473155526e-01
4.007518225701180992e-01
4.049577869925048978e-01
3.993231880818254864e-01
4.018530856746696522e-01
4.030823073023142578e-01
4.012864513446338655e-01
3.977269551914467960e-01
3.968968108960924113e-01
3.986048832811550646e-01
4.045587287699101142e-01
3.980382266564742033e-01
4.004085232549255413e-01
3.963621821215765895e-01
4.017014120190855464e-01
3.980541736976214162e-01
4.043272466547567223e-01
3.951091115935704279e-01
3.977747389858006799e-01
4.002250224009826218e-01
4.043113378330011054e-01
4.000653991119446640e-01
4.000972294952531150e-01
3.991156217509685411e-01
4.004085232549255413e-01
3.932095600565673754e-01
3.959390711618651637e-01
3.987324787200279830e-01
4.045587287699102252e-01
3.984211849603555566e-01
3.984930437864711017e-01
3.977826918042040583e-01
4.056760917931753752e-01
3.979264062714861772e-01
4.005522313523093847e-01
4.070328897499971843e-01
4.028588066701074832e-01
4.060831028341732596e-01
4.009353616434527257e-01
3.996902184542552305e-01
4.007677696112652010e-01
4.030661564244118478e-01
4.024438141461628704e-01
3.988678932094334439e-01
4.053090614207456310e-01
4.007913032016460764e-01
4.048222164405838042e-01
4.036645224043277080e-01
4.004325759920423500e-01
3.987162004441537344e-01
3.997062928933743375e-01
3.976146889135566687e-01
4.045348639448023698e-01
3.987399729057318765e-01
3.979025000420372549e-01
4.000809257397842655e-01
4.018850816753415378e-01
4.039916963212119572e-01
3.994029169176627203e-01
3.967288366699889268e-01
3.956517696252727645e-01
4.007913032016460764e-01
4.007436977644527332e-01
4.034969685915317239e-01
4.049737149239562850e-01
4.018129903479268905e-01
3.991394515416341049e-01
3.988678932094334995e-01
3.993708699578019106e-01
4.060430075074303868e-01
3.983970876339484879e-01
3.940950524008640654e-01
4.033373835218854175e-01
3.980137471361513968e-01
4.025472931489330608e-01
4.075034086800451982e-01
3.991153924346188542e-01
4.005597956068978061e-01
4.062904143690860281e-01
3.999213024507463077e-01
4.034011334670823956e-01
4.030418807408441828e-01
3.951805340816320622e-01
4.014456478504655479e-01
4.012542515072068383e-01
4.001046886465146057e-01
3.971120752494083916e-01
4.005914731126397621e-01
4.016613389869877482e-01
4.050530106066886349e-01
3.987720580849841712e-01
4.020920619755271597e-01
4.032334745509596474e-01
4.001046886465146057e-01
3.995621389030886150e-01
4.027542989287130615e-01
4.019645238657416075e-01
4.036480402916979293e-01
4.023475076492171731e-01
4.015729375342055874e-01
3.938076616856910350e-01
4.024508656239139115e-01
4.024433937328552036e-01
3.994338236656737595e-01
4.035687891982559505e-01
4.028657243799879661e-01
3.999772651949038416e-01
4.050364265756812854e-01
3.932013046679805890e-01
4.011896798450902968e-01
3.941670704744449361e-01
4.028736198693036452e-01
3.991952040791377776e-01
4.096576096534131350e-01
3.972716985384462940e-01
4.018360684905574742e-01
3.925467498125072008e-01
4.047969916421244596e-01
3.946379142693215436e-01
4.034401936853025950e-01
3.955876247463624429e-01
4.051960498647191322e-01
3.975748834172001533e-01
4.019956917795953766e-01
3.940551354312820664e-01
3.984041677762432676e-01
3.970242343477032310e-01
4.048610154929613292e-01
3.992750157236567565e-01
4.088594932082237898e-01
4.062266516840918884e-01
3.989549537985601080e-01
4.036646561721982107e-01
3.972069931084592498e-01
4.099697760891941045e-01
3.981568373533707628e-01
4.011904951921111406e-01
4.003915633999010626e-01
3.987002788826009003e-01
3.993461133468897972e-01
4.025312378195097796e-01
3.993382114876753985e-01
4.009189368599105352e-01
3.994259249914087206e-01
3.978860943681909457e-01
4.012536909561299492e-01
3.942945703648388922e-01
4.014054092010041486e-01
3.979578672006756634e-01
3.974306338784352466e-01
3.964494847668501576e-01
4.002319401108631602e-01
3.989236457469371167e-01
3.971192859746247028e-01
3.962180854603782332e-01
4.041348120180259240e-01
4.006955699955743744e-01
3.988672434797761457e-01
3.992589603942335308e-01
4.040470985142926019e-01
4.111589246847410783e-01
3.962895557226793208e-01
3.995144506572135823e-01
3.964570872408300639e-01
4.015815273424688803e-01
4.067527893837727393e-01
3.928740288327187136e-01
3.992583998431564751e-01
3.996499861746925508e-01
3.951002892840082548e-01
4.006875375534386663e-01
3.967763338189058686e-01
4.003682909753628616e-01
3.986040934137285441e-01
3.994903628856545930e-01
3.979735084866898864e-01
3.959706148997365061e-01
3.981568373533707628e-01
4.033293542646992358e-01
4.033445942471015622e-01
3.998176419058660502e-01
4.003117517553820837e-01
4.039758766780368604e-01
3.978533785689771229e-01
3.998176419058659947e-01
3.971429628877238827e-01
3.991791487497144963e-01
4.077579116087422517e-01
3.965453644805896349e-01
4.019316615588600650e-01
4.084212314446904468e-01
4.005906322860243174e-01
4.000249279611845510e-01
4.047487173655782700e-01
4.049014802738231111e-01
3.963842442653805476e-01
4.043427987621906472e-01
3.990978401790242769e-01
4.029061891608498036e-01
4.044452203617929231e-01
4.021878843601793818e-01
4.042934670824764876e-01
4.029061891608496926e-01
4.041417106182106922e-01
4.093789711789176389e-01
3.964876563842154589e-01
4.038880357763316997e-01
3.998633172637831579e-01
4.028263775163307692e-01
4.032232572336039711e-01
4.049812919183420346e-01
4.051465844171345809e-01
4.033132861954785708e-01
3.996958398897705322e-01
4.113662234798569073e-01
3.945800373706344066e-01
3.989954185794219454e-01
4.045800551904258358e-01
4.000329699581680609e-01
4.039415620342743929e-01
3.945420409254806193e-01
4.051230317170581574e-01
3.963937704487380254e-01
3.987538051405435935e-01
3.977505684055598345e-01
3.978837247659113840e-01
4.007914369695164680e-01
4.053860193506914067e-01
3.987163342120241261e-01
4.005175090350363565e-01
4.029543742588155286e-01
4.003657302761252645e-01
3.962501961192249622e-01
4.101982420573602739e-01
3.941670704744448250e-01
4.026959474725803068e-01
4.015895534147058132e-01
3.991122584445072063e-01
4.024037124495213891e-01
4.014346279258860783e-01
4.048060783024785558e-01
4.005566998361778652e-01
4.073600509270844938e-01
3.993673537737741919e-01
4.005680446255859839e-01
4.073406896202873551e-01
3.982374643449105855e-01
4.002217864924933477e-01
4.011026574753552287e-01
4.082984293545144916e-01
3.991153924346189097e-01
3.986255536021146573e-01
4.031857863050845037e-01
4.051701084526673768e-01
4.004802132787285140e-01
4.039009571156433887e-01
4.063064633286108118e-01
4.046035887808066001e-01
4.038162533889990136e-01
4.066943646738061524e-01
3.991153924346188542e-01
4.055848334408708178e-01
4.014219040534308669e-01
4.061435149525033372e-01
3.988759575010620284e-01
4.087851278270085431e-01
4.009430341863172709e-01
4.050261519292382428e-01
4.028585136547717660e-01
4.118101417133477327e-01
4.014138747962446852e-01
4.036693539724163227e-01
3.993227039695317893e-01
4.016740628594429596e-01
4.014695795595089045e-01
4.025519909491512283e-01
3.975507669810975364e-01
3.977632922780151570e-01
3.990591430450243227e-01
4.045472820621246468e-01
4.016211608515632414e-01
3.956960181259031040e-01
4.019404074296389906e-01
4.063187922673527908e-01
3.971597507554863182e-01
4.004049051525203629e-01
3.920437635092909878e-01
4.016020798203043807e-01
3.983649642353045972e-01
3.967898857781790856e-01
3.949967943564915984e-01
3.963673035200517281e-01
4.030577704529040850e-01
4.001027521973399281e-01
3.916366601047633345e-01
4.048835967835012761e-01
3.957070539752290395e-01
4.054422782951338511e-01
4.071201191414368092e-01
4.060886255362600727e-01
4.012938690915545115e-01
4.076848584266387632e-01
4.035285951380847003e-01
4.032154063335784411e-01
4.025869425827739989e-01
3.972295329946582410e-01
4.026587122303094124e-01
4.113640449745354366e-01
4.046459581613499057e-01
4.021857058548578556e-01
3.953958525790862710e-01
4.029838223000472008e-01
3.923630100873667370e-01
4.036942762006919816e-01
3.962737806687945952e-01
4.085627865163470318e-01
3.983649642353045972e-01
4.012999268651239460e-01
3.982690717817679582e-01
3.997756515342894001e-01
4.009826676954117430e-01
4.063123491149179256e-01
3.947654014199183381e-01
4.075095237827019989e-01
3.996976362011758210e-01
4.006457223540735857e-01
4.008149992244409154e-01
4.026410134670469487e-01
4.005675159240020267e-01
4.069508422710694240e-01
4.005037978282981470e-01
4.044688208361090775e-01
4.029699136264520698e-01
4.048678790587036391e-01
3.974548617877635137e-01
4.029602600451226979e-01
3.978539200103582973e-01
3.969024323316077685e-01
3.984045499701593385e-01
4.032795066231984471e-01
4.016687726586550267e-01
4.044766812909824649e-01
3.992583042946775129e-01
4.079007215504232842e-01
4.016365218620389643e-01
4.039978114238688689e-01
4.054594101374206505e-01
4.047802037743620795e-01
4.045734082012358290e-01
3.994968984016189495e-01
4.016365218620389643e-01
4.018676185983273697e-01
4.002797239052170997e-01
4.045890940765404231e-01
4.047411053367502287e-01
4.000398303389611221e-01
4.006787821278117723e-01
4.013168166512640633e-01
3.998008540381035036e-01
3.997127041963161043e-01
4.030650608018525594e-01
4.056108831411988080e-01
3.985875348623155179e-01
3.985874584235324924e-01
4.082528176955833588e-01
3.966798617045965702e-01
4.013172752839633262e-01
3.984435974485823762e-01
3.995533484430194293e-01
4.013089370866947947e-01
4.018759567955957901e-01
4.043417795784142732e-01
3.993219841709897966e-01
4.005906322860243174e-01
3.972468814134975656e-01
4.049083406546161723e-01
3.996412307490656013e-01
4.022509081369357031e-01
4.068162080942426262e-01
4.013729800472274345e-01
4.044057078807721806e-01
4.013729800472274345e-01
3.993775742760792835e-01
4.026499663595303757e-01
4.027296633458746222e-01
4.020272418873651610e-01
4.043178160198780957e-01
4.003511973524674916e-01
4.012051618836395828e-01
4.031524844751996350e-01
3.991300591261473518e-01
4.088191112360439750e-01
4.052593857665071631e-01
3.989303436953159365e-01
3.973499431879095045e-01
4.015641279644407979e-01
3.962163910673504041e-01
4.077253677967906942e-01
4.020588302145266524e-01
4.002152032022893713e-01
4.043652749494034970e-01
3.971025490660508583e-01
3.987622643658854105e-01
4.033357273482492400e-01
3.995684801371456873e-01
4.039742205044007384e-01
3.966073499638741451e-01
3.991057101887457437e-01
3.954818844295888147e-01
4.007817547236433020e-01
4.023537883692375194e-01
4.026972341920976861e-01
4.029043673698498029e-01
4.032559157037302611e-01
4.060968331506072948e-01
4.021385526804652777e-01
4.009969904124155993e-01
4.070149298208923794e-01
3.953939670891003511e-01
4.023060427942751760e-01
3.956252931417382768e-01
4.038224640401348875e-01
3.984187006999010405e-01
4.051713951721847562e-01
