9.710517579575508318e-01
9.711451471904589683e-01
8.173423309582966700e-01
7.104426802254028006e-01
6.341694231310570640e-01
5.740650906317134039e-01
5.202387075267453920e-01
4.703774720096785544e-01
4.293388324435882808e-01
3.916291215818742955e-01
3.574067122686431230e-01
3.285942091162938339e-01
3.029331267216029411e-01
2.801753496533983534e-01
2.601157917302143185e-01
2.440639130605370688e-01
2.275390392034389586e-01
2.129793696752650678e-01
2.001810113534677749e-01
1.869396704206903737e-01
1.741968619393024220e-01
1.635628608956809504e-01
1.538925762040837253e-01
1.449998381229947730e-01
1.384844913428140145e-01
1.322812737748240708e-01
1.258015937232422332e-01
1.203187726564471371e-01
1.149555077845958728e-01
1.104685962720090009e-01
1.053904908768412280e-01
1.010275779753709163e-01
9.665944635725622069e-02
9.271628219487186573e-02
8.916796236217318372e-02
8.481964878802877861e-02
8.147223138411305299e-02
7.845280108648916562e-02
7.587388957316347493e-02
7.365760135742298320e-02
7.173846342753412153e-02
6.979572021610215560e-02
6.771286323668865292e-02
6.546939240062919774e-02
6.297641155623595610e-02
6.103877571341610048e-02
5.927761771147146280e-02
5.808571430584721224e-02
5.716469431772808890e-02
5.605719495932242474e-02
5.467256621752327600e-02
5.317399233775831069e-02
5.165221675530692891e-02
5.035494028375280678e-02
4.908638568868430030e-02
4.740927836683503371e-02
4.602235899336160757e-02
4.477202116919313385e-02
4.351907029847107422e-02
4.249092626312950954e-02
4.159838365279243388e-02
4.068886999532000254e-02
3.981207721321975562e-02
3.932804390693266094e-02
3.852625858001823556e-02
3.800438793394737141e-02
3.756996195918792941e-02
3.657411630227495186e-02
3.601719285504761947e-02
3.575099618614555746e-02
3.515823403203109654e-02
3.459720782119037746e-02
3.437117182054292425e-02
3.383308412159373446e-02
3.325672060734823771e-02
3.260725788044940843e-02
3.207853223288338607e-02
3.146614431260018330e-02
3.099014081818231639e-02
3.037685994154614919e-02
2.976557683006727378e-02
2.931379685649682446e-02
2.881036004579005938e-02
2.824020228427259402e-02
2.803304301300737697e-02
2.776372470301225262e-02
2.735171442883187545e-02
2.715556568679218519e-02
2.698858644856929126e-02
2.668584814692442908e-02
2.662393781613676610e-02
2.612345848203138574e-02
2.569803757326345750e-02
2.569594560199722419e-02
2.536503412734565990e-02
2.510413567535229457e-02
2.530480164888712288e-02
2.528902563406552548e-02
2.489781161266853282e-02
2.467228222596450776e-02
2.469503116840762041e-02
2.449107369256614888e-02
2.462759334686044632e-02
2.486799191245285187e-02
2.489653010382389051e-02
2.486589737234403893e-02
2.476337346129410880e-02
2.435267497703302517e-02
2.411710460820117030e-02
2.360297714657252910e-02
2.285164571382062096e-02
2.251326017556410167e-02
2.192511200216892484e-02
2.112998649557702724e-02
2.066952045663688481e-02
1.976698843637751321e-02
1.912914311519754024e-02
1.894705951306262584e-02
1.859009104325839296e-02
1.831992648624118994e-02
1.827454890525487957e-02
1.821942150492053200e-02
1.820926988130102883e-02
