9.983083306044260308e-01
9.983142299649857554e-01
9.962654564041666383e-01
9.943635803404126117e-01
9.925259638478896029e-01
9.907119293433505058e-01
9.889279681141697198e-01
9.871485770079653221e-01
9.854232468164100256e-01
9.838772130530920590e-01
9.823615317210637743e-01
9.806748648096750287e-01
9.790939280720812876e-01
9.775803010426558082e-01
9.758748372936830728e-01
9.743932160186652425e-01
9.727232272688994819e-01
9.710701315305469983e-01
9.695195439257797698e-01
9.679463519794166970e-01
9.664004590636144920e-01
9.649396718829550412e-01
9.635260817240395292e-01
9.621245273483998162e-01
9.606222635940453447e-01
9.591677759503108858e-01
9.575525459124973882e-01
9.559904866006799784e-01
9.544466068812007542e-01
9.528920139972184566e-01
9.514313782452566981e-01
9.499521438572210430e-01
9.484059815606932231e-01
9.468507311684355443e-01
9.453023231454715791e-01
9.437547518415551062e-01
9.422156660712667220e-01
9.407543063803335270e-01
9.392591332088550127e-01
9.377727595183082965e-01
9.362925625176097277e-01
9.347617593236019484e-01
9.333490581225426519e-01
9.317705185219673503e-01
9.302995911224697378e-01
9.287610145535555306e-01
9.272360925872321635e-01
9.258109483225973602e-01
9.243270048405277661e-01
9.228464248869056030e-01
9.214673169498851513e-01
9.201436414477293102e-01
9.187197331708999437e-01
9.172107804114270069e-01
9.157539723158060196e-01
9.142699867325125851e-01
9.128476262949029030e-01
9.114757178405232807e-01
9.099315333201994926e-01
9.084926229512595430e-01
9.069504904183040006e-01
9.054698281121321690e-01
9.040384474173825957e-01
9.026034114068748337e-01
9.012065674114646541e-01
8.998585600943943552e-01
8.984001703898905067e-01
8.970623013561362935e-01
8.957414304855912945e-01
8.943216081225421332e-01
8.929759672459853803e-01
8.917077570497558003e-01
8.902673781340578740e-01
8.888547500419081704e-01
8.874634939200669592e-01
8.860033618122389321e-01
8.846240238326945615e-01
8.832428784860240079e-01
8.818394411864205473e-01
8.805101274293917202e-01
8.791196615941171411e-01
8.776789572930810968e-01
8.763008520474833141e-01
8.749117445765494105e-01
8.736039375176630761e-01
8.723586706131867263e-01
8.709856069671184642e-01
8.696690599152449019e-01
8.683791590067815314e-01
8.669545171460161237e-01
8.656111623465866378e-01
8.642644350078998450e-01
8.628371152131083521e-01
8.614889789347146554e-01
8.601352460310511816e-01
8.588271959847778581e-01
8.575120019565822815e-01
8.561727179390434816e-01
8.548970235950870133e-01
8.536409599411368676e-01
8.523684158537494504e-01
8.510664720766774050e-01
8.498803447946323697e-01
8.485607367750024332e-01
8.472302445955752770e-01
8.459714320116459296e-01
8.447695153192941175e-01
8.434747928412582585e-01
8.421875726824109565e-01
8.409726179558756343e-01
8.397019491750372655e-01
8.383964829232823934e-01
8.372196284157326085e-01
8.360052659647021489e-01
8.347535658597901032e-01
8.335798698704277587e-01
8.324016091584601762e-01
8.312970575562443898e-01
8.300712409582315932e-01
8.288294666781205189e-01
8.275268377419777721e-01
8.263443168076418655e-01
8.251682133602182834e-01
8.239357448075655954e-01
8.228007055392171365e-01
8.216990589208063023e-01
8.204611826547557607e-01
8.193386053284683612e-01
8.182367030441844991e-01
8.169631226764632048e-01
8.158442904464436873e-01
8.147816023787013417e-01
8.136063291456966384e-01
8.124608800706655254e-01
8.113767316792828144e-01
8.102039416215721657e-01
8.089853618959558235e-01
8.078091529986716202e-01
8.066490575230444993e-01
8.055226456918227473e-01
8.044090471622247218e-01
8.032413771752276999e-01
8.021700022439145483e-01
8.009668476836288020e-01
7.996843625108560616e-01
7.985661268616827124e-01
7.974599309584069484e-01
7.962882177450245624e-01
7.951406739716621042e-01
7.938881609796871741e-01
7.927543595129672438e-01
7.916522954107512167e-01
7.905257179787325006e-01
7.894292692458795280e-01
7.883147792209812543e-01
7.873435962892499917e-01
7.863389813315553312e-01
7.851942905221269697e-01
7.841113709378600971e-01
7.830275219148955523e-01
7.818990636951562712e-01
7.808107638628850600e-01
7.797905840905389185e-01
7.787080065685952901e-01
7.777591321086072540e-01
7.767543919219095372e-01
7.757070546683609846e-01
7.747854520293060432e-01
7.738735827763286723e-01
7.728407442166417285e-01
7.717727820770116098e-01
7.708118209586507508e-01
7.698370242767074156e-01
7.688630208317153159e-01
7.678833517297873890e-01
7.669790119009179952e-01
7.659707568039344494e-01
7.649814533205642197e-01
7.640891760001707889e-01
7.631209156760002665e-01
7.621568160543400472e-01
7.611712216263478714e-01
7.602066108887116647e-01
7.592821259520687871e-01
7.583870292146542846e-01
7.573809599491553302e-01
7.563864935638657805e-01
7.554559090608284899e-01
7.545840699811062757e-01
7.536376839674409078e-01
7.526945708089022302e-01
7.518661952717532460e-01
7.508988278125591220e-01
7.499286161905319714e-01
7.491066807542811068e-01
7.481458186179177350e-01
7.472590567235715131e-01
7.464879493790123055e-01
7.456589630614606223e-01
7.447342377974067729e-01
7.439046737270347265e-01
7.429800010743874417e-01
7.420406689100179642e-01
7.411434307071644856e-01
7.403766206759470059e-01
7.396479412436620660e-01
7.389069708040455486e-01
7.381789776430817129e-01
7.373168578420067343e-01
7.364253177340973622e-01
7.355692099006577722e-01
7.347842301895753936e-01
7.338848802195118148e-01
7.331790954923708137e-01
7.324704353173001614e-01
7.317152999647670297e-01
7.310459768217830723e-01
7.303379513098193776e-01
7.296763535539160239e-01
7.290224262223942153e-01
7.283172079124949905e-01
7.276554093212995733e-01
7.269601739278149788e-01
7.262677083516398957e-01
7.256128144133749958e-01
7.249043232794902814e-01
7.241630012585490439e-01
7.235002461848383248e-01
7.227741996470968822e-01
7.221065397795102259e-01
7.214661972590007410e-01
7.207368789472667903e-01
7.201439957687185700e-01
7.194724906115851359e-01
7.188059926320242710e-01
7.181913463256189845e-01
7.175691821975157536e-01
7.169557881025866442e-01
7.164278698434789483e-01
7.158767061768450679e-01
7.152952816408947312e-01
7.146847494314958471e-01
7.141265255993061167e-01
7.135091309022844053e-01
7.128899077414212471e-01
7.123403925625068078e-01
7.117955227731703749e-01
7.111871561517089102e-01
7.106218316384879108e-01
7.101231722955207992e-01
7.096563858694608928e-01
7.091629127332014226e-01
7.086017692710713245e-01
7.081288033686899963e-01
7.077000481181630054e-01
7.072912185913439176e-01
7.068511102551997549e-01
7.064029283081098010e-01
7.059382933227636991e-01
7.056018823295082676e-01
7.052130678305875700e-01
7.047962890376119338e-01
7.043652808980552793e-01
7.039292653948311385e-01
7.035272895435888962e-01
7.031635389012864668e-01
7.028432923292955437e-01
7.025412227417405786e-01
7.022846251888518188e-01
7.020398400416024698e-01
7.018295292013514430e-01
7.015529511629894355e-01
7.013268391162407189e-01
7.011337199867525571e-01
7.008725608582988542e-01
7.006061772830748380e-01
7.003622104651064939e-01
7.001720813595688764e-01
7.000347131939935741e-01
6.998591003576033476e-01
6.997166306318506335e-01
6.995602622321291930e-01
6.994543429156883096e-01
6.991720871751654354e-01
6.990784384604252777e-01
6.990383748783230988e-01
6.989392125987867743e-01
6.988774215268679368e-01
6.987915122241400434e-01
6.988386793746154124e-01
6.986778492826261067e-01
6.987454372810754100e-01
6.988471253109007630e-01
6.988129529403219742e-01
6.988852950559051314e-01
6.990651966500271985e-01
6.991421835662438022e-01
6.992824918983037152e-01
6.995449004758073075e-01
6.996697914141259966e-01
6.998351309985565427e-01
7.001015971386213010e-01
7.003093423324828759e-01
7.005007511213741100e-01
7.008259603113249359e-01
7.010216450522663845e-01
7.012348799130192489e-01
7.016390801991597703e-01
7.019261679273381960e-01
7.021834611012670591e-01
7.025975159018154059e-01
7.030605238150819947e-01
7.033934690599878969e-01
7.039229220000434717e-01
7.044608484645668023e-01
7.048337855729193135e-01
7.053336870100008760e-01
7.059853495087400344e-01
7.065119364808581937e-01
7.071033494032719080e-01
7.077778147451512236e-01
7.083799792322048594e-01
7.089147098479960940e-01
7.097770545043411428e-01
7.105144347225018642e-01
7.111589697696379941e-01
7.119938661388122147e-01
7.127063739925808550e-01
7.133362796370370518e-01
7.142759097335366070e-01
7.151565077854984409e-01
7.159754225547897422e-01
7.170110148532309324e-01
7.180337387295634421e-01
7.189330364510334581e-01
7.200578191093151004e-01
7.212346222062432366e-01
7.221598307238392689e-01
7.232438196218110571e-01
7.245007531840724768e-01
7.256644853687133079e-01
7.270511220443567346e-01
7.284003724145299286e-01
7.296671158022272063e-01
7.310405313205516897e-01
7.326048937260684069e-01
7.339503945019996145e-01
7.353034755438174752e-01
7.369735500614851276e-01
7.384871768412103465e-01
7.399472473639918668e-01
7.417431909613567687e-01
7.433933925105933316e-01
7.450576058865562290e-01
7.470490196615702239e-01
7.489427360526600408e-01
7.507098306506123642e-01
7.527408414370095890e-01
7.548008522433974354e-01
7.565595187453839632e-01
7.587443101578678073e-01
7.610700822232027152e-01
7.629628155560073122e-01
7.651334889310938969e-01
7.674763939379243283e-01
7.695818099284328362e-01
7.716372563506698201e-01
7.742090094316794735e-01
7.764729054300583133e-01
7.786801662866118523e-01
7.813476314304113046e-01
7.838520541406770459e-01
7.863299571229800389e-01
7.892772381528088133e-01
7.920653325055824201e-01
7.947272357854862079e-01
7.977839818854519649e-01
8.007190021726321438e-01
8.034183450481069411e-01
8.066148102906793849e-01
8.099098275837279814e-01
8.128891774913934443e-01
8.163654887044906605e-01
8.199342233387637568e-01
8.229556179767669732e-01
8.265135115683307498e-01
8.301866506573331028e-01
8.334389259345149625e-01
8.370239363366552832e-01
8.411992964461764144e-01
8.448249688724603912e-01
8.486951758100563792e-01
8.531975845894372856e-01
8.570790036481887864e-01
8.609799438173471042e-01
8.656037575192520039e-01
8.698902770225314107e-01
8.740399042216864256e-01
8.788453109290198517e-01
8.833428814876552737e-01
8.876937820381143318e-01
8.925468441870071379e-01
8.974415253962014782e-01
9.019598637238048777e-01
9.068860315110826020e-01
9.120604262061297041e-01
9.167899132645932481e-01
9.220029594251069049e-01
9.276785785047865218e-01
9.327533557780173235e-01
9.383726912388505870e-01
9.442833933317015260e-01
9.496671903171320928e-01
9.553106292776176733e-01
9.616701631404451778e-01
9.674875908212594577e-01
9.734496314713980691e-01
9.799805558775247505e-01
9.863202748681070275e-01
9.924859812654859281e-01
9.993691298420448454e-01
1.005949506874531885e+00
1.012213721339226380e+00
1.019452400925076718e+00
1.026577890028216977e+00
1.033159118164436396e+00
1.040840124788531940e+00
1.048547360228304415e+00
1.055544367980808973e+00
1.063431026418020675e+00
1.071525523781522216e+00
1.078888747370194912e+00
1.087165669418125091e+00
1.095889709623560249e+00
1.103847077592774673e+00
1.112371806586822442e+00
1.121547254374384517e+00
1.130013486965328218e+00
1.138730577060679927e+00
1.148597114422110765e+00
1.157832276072383149e+00
1.166995397965008507e+00
1.177067487456011641e+00
1.186727277564892713e+00
1.196132405275944777e+00
1.206389753150600930e+00
1.216733904369426966e+00
1.226626845621633155e+00
1.237802619882901523e+00
1.249000444273863808e+00
1.259374162955197551e+00
1.270737741183529668e+00
1.282465702155459075e+00
1.293535309787677168e+00
1.305527800348690315e+00
1.318101209342407598e+00
1.329689829335444218e+00
1.342037716927207747e+00
1.355208914282749255e+00
1.367167142578116668e+00
1.379892470289121764e+00
1.393999670291985904e+00
1.406947669806896117e+00
1.420295433915496730e+00
1.435033981859697993e+00
1.448822743282569547e+00
1.462784803862470673e+00
1.478117423989727230e+00
1.493045517812955580e+00
1.507838255685588935e+00
1.523981408995310316e+00
1.539902142187329570e+00
1.555507811892824055e+00
1.572666152954219854e+00
1.589921636888080192e+00
1.606303277719970835e+00
1.624008887275348423e+00
1.642253046948155104e+00
1.659565538838895016e+00
1.677671051912563271e+00
1.696352124189032251e+00
1.714101587131548365e+00
1.733026550496524099e+00
1.753005668972330122e+00
1.772133106269203173e+00
1.792014724903615130e+00
1.813201948038680733e+00
1.833361334683781596e+00
1.854190794631106476e+00
1.876774981916401241e+00
1.898269649812940552e+00
1.919839433212287227e+00
1.943121757871830724e+00
1.966076803056619360e+00
1.988754670946540681e+00
2.013258301151461538e+00
2.037433141020758676e+00
2.060703892117469849e+00
2.085802302902818983e+00
2.110796141461658060e+00
2.134919087169135921e+00
2.160811650385425331e+00
2.187672544567401012e+00
2.213461245226506335e+00
2.240668341571900868e+00
2.269032865342745620e+00
2.296261993832243498e+00
2.324422192444523194e+00
2.354038250097113316e+00
2.382750637046016084e+00
2.412031942367891535e+00
2.442904468103221927e+00
2.473925001297599291e+00
2.505109562996522321e+00
2.537974896756780119e+00
2.570633603179342419e+00
2.602972121611657030e+00
2.637423346882070252e+00
2.671982594203440531e+00
2.705965000426910017e+00
2.741606535138037870e+00
2.777819210909116876e+00
2.813062583194446020e+00
2.850760956592601758e+00
2.889374466044644763e+00
2.927128245397315531e+00
2.966832222028018329e+00
3.007674558859639191e+00
3.047481914790040491e+00
3.088677478870309301e+00
3.132008410388708253e+00
3.174160422779705115e+00
3.216928976426786768e+00
3.261755234339320797e+00
3.305915328022710042e+00
3.349955154569080662e+00
3.396807545996465283e+00
3.443364800010806803e+00
3.489641284992297088e+00
3.539182187959148962e+00
3.588934250347700861e+00
3.637905050493541737e+00
3.690152115999993931e+00
3.742986302644743191e+00
3.795067462739260211e+00
3.849019445243099913e+00
3.904618815293757095e+00
3.959250836471264190e+00
4.016363056085967997e+00
4.074623189652395894e+00
4.130969130970318481e+00
4.190414125057397854e+00
4.252461853943881209e+00
4.312311346891407382e+00
4.374070044662435208e+00
4.439172070223832200e+00
4.502504592998656463e+00
4.566316861907675495e+00
4.633936027327307805e+00
4.702110003236943392e+00
4.769399625953330002e+00
4.840985367301247955e+00
4.911891306739138763e+00
4.981774248450935083e+00
5.056214086253927320e+00
5.131258357754374444e+00
5.205457823368228709e+00
5.283912898913580847e+00
5.363346206779950442e+00
5.441708071652409551e+00
5.523248926112069412e+00
5.606592656938587105e+00
5.688992210507756830e+00
5.774547859511137915e+00
5.862268057298100743e+00
5.949781975314578197e+00
6.039973469614287716e+00
6.132878451120923557e+00
6.225198413257702512e+00
6.318332080358721292e+00
6.415707634612749288e+00
6.512709285650473134e+00
6.609704095455872341e+00
6.711377690819923636e+00
6.813705012959919927e+00
6.916336797911110779e+00
7.023362001029152424e+00
7.131092410670909487e+00
7.237452348462827700e+00
7.350969270157252211e+00
7.464247747304839642e+00
7.575938720239142832e+00
7.693439425955006961e+00
7.812992862955196571e+00
7.931440427268649174e+00
8.054082777651633052e+00
8.181019478744381956e+00
8.305144539005137716e+00
8.433260794097774848e+00
8.565669701830751492e+00
8.695840441440841673e+00
8.829184187687699747e+00
8.969866495476878754e+00
9.108623873640333102e+00
9.251032506531494448e+00
9.398522225035362609e+00
9.544637683346506307e+00
9.691437162852398757e+00
9.846340599463323073e+00
1.000036755093577945e+01
1.015568940486912197e+01
1.031433177994086314e+01
1.047721717272679598e+01
1.064046036976062304e+01
1.080763639668315079e+01
1.098049609724137277e+01
1.115264228463867369e+01
1.132749914482752551e+01
1.150851289400132060e+01
1.168907785500155860e+01
1.187420061102023006e+01
1.206593369648300218e+01
1.225733981923923288e+01
1.244961700660874016e+01
1.264923964494905384e+01
1.284724215018269966e+01
1.304948241085300786e+01
1.325954881274475206e+01
1.346566735251336233e+01
1.367447939236448207e+01
1.389231761941713117e+01
1.411331444476413566e+01
1.433370704671993323e+01
1.456081741603861524e+01
1.479407678076015031e+01
1.502838695176655648e+01
1.527108589321999865e+01
1.551535047595572081e+01
1.575881288838553296e+01
1.600975731950367376e+01
1.626676204785914237e+01
1.652255633266790014e+01
1.678410206453260045e+01
1.705722579588293186e+01
1.733174848087615416e+01
1.760883469739603768e+01
1.789688414745709011e+01
1.818474965777436481e+01
1.847308190946745299e+01
1.877438637696895185e+01
1.907948762614765315e+01
1.938309279345909175e+01
1.970020475852428987e+01
2.002015164230695277e+01
2.033907539530886055e+01
2.066879192082778616e+01
2.100386200134103021e+01
2.133948569664017469e+01
2.169113805046398014e+01
2.204337210277943271e+01
2.239584948435704348e+01
2.276267194925746296e+01
2.313355447148243726e+01
2.350368538560150711e+01
2.388451849206851918e+01
2.427995338776946710e+01
2.466941441991239969e+01
2.506614751547349940e+01
2.548041730930671633e+01
2.588978587311982338e+01
2.630859243087459021e+01
2.674419051995397822e+01
2.717652836851215525e+01
2.761369442511864136e+01
2.807039619882163706e+01
2.852713977871829343e+01
2.898594495995648757e+01
2.946563151783001899e+01
2.995161425566743674e+01
3.043531974259503414e+01
3.093275096173648464e+01
3.144321804428182787e+01
3.195462872056649317e+01
3.247747323585091550e+01
3.301073067415733675e+01
3.354911953152329573e+01
3.410156761730215891e+01
3.466644402627620991e+01
3.523392143882284699e+01
3.580998082521092840e+01
3.640272228454948333e+01
3.699878653143790075e+01
3.760257916857921145e+01
3.822678289592028023e+01
3.885934449172516736e+01
3.950004452931275978e+01
4.015822279692755359e+01
4.082307095011238829e+01
4.148687502118755077e+01
4.217636587385223379e+01
4.287699323451947464e+01
4.357065912325804646e+01
4.429357185068069924e+01
4.503609160570444203e+01
4.576953445538270415e+01
4.652824283048620657e+01
4.731197521242102511e+01
4.808766394391371080e+01
4.888592727531261062e+01
4.970246254682499654e+01
5.051008166911312713e+01
5.132769944227437975e+01
5.217581247351031237e+01
5.302746432335981552e+01
5.389307294262398784e+01
5.478422365518066073e+01
5.568322621945426931e+01
5.659274857456251340e+01
5.753711587566702690e+01
5.847702240942497554e+01
5.943023674160713909e+01
6.042488979655854564e+01
6.142397069435899226e+01
6.242682792678347425e+01
6.346594770280543685e+01
6.452413653331083765e+01
6.556781523323515160e+01
6.666701527886313272e+01
6.778462609812044093e+01
6.889678480551886253e+01
7.003428112248315074e+01
7.120705362680011774e+01
7.237185710984189768e+01
7.356855392750412648e+01
7.479827960518846908e+01
7.603953766870540676e+01
7.729841176355080279e+01
7.858997175824596582e+01
7.988668576165522950e+01
8.122461502091124430e+01
8.259145773546261182e+01
8.395396931597686319e+01
8.535324530185889103e+01
8.679385115142578400e+01
8.824166419169554842e+01
8.970900178697118577e+01
9.121904422141999191e+01
9.273361998246593885e+01
9.426718109076564645e+01
9.583392186857771833e+01
9.743318174808393906e+01
9.903108931303395934e+01
1.006811892874973609e+02
1.023641676242952201e+02
1.040610427655042400e+02
1.058096068764860007e+02
1.075843640556418990e+02
1.093505220356115757e+02
1.111779629188969096e+02
1.130440790582766510e+02
1.148997558425198662e+02
1.168116752422792359e+02
1.187597749581105546e+02
1.207199994345993019e+02
1.227246052284485529e+02
1.247905524543250522e+02
1.268680748616478411e+02
1.289569701902574650e+02
1.311380789347288101e+02
1.333173920765413811e+02
1.355170418226307447e+02
1.377893027112804702e+02
1.401191115903925208e+02
1.424550584042190735e+02
1.448572880335837567e+02
1.472954221074843986e+02
1.497447391348602252e+02
1.522694344145134266e+02
1.548399372970360730e+02
1.573669087113163698e+02
1.600117609866094028e+02
1.627250367646702500e+02
1.654180325917572247e+02
1.682184950049013707e+02
1.710966115375509560e+02
1.739638350118383414e+02
1.768763942283758297e+02
1.798472561683302615e+02
1.828374892976863748e+02
1.858519819001420785e+02
1.889685012651697207e+02
1.921186015976973067e+02
1.953057698791620851e+02
1.986114659437154160e+02
2.019476626421034098e+02
2.052820803277028290e+02
2.087328988624223030e+02
2.122330327602072941e+02
2.157367113328901382e+02
2.193585896367738712e+02
2.230561365620021377e+02
2.267022501876277545e+02
2.305025902771924677e+02
2.343866434300242929e+02
2.382953029169487138e+02
2.422849658975468685e+02
2.464053143079194683e+02
2.505065591111825825e+02
2.546820143790668283e+02
2.589955491728677544e+02
2.633530215814332678e+02
2.677721781640494783e+02
2.723230244249515408e+02
2.769051644672775296e+02
2.814880542022201553e+02
2.862517674848288038e+02
2.910656945197836762e+02
2.958595242868517516e+02
3.008255221305643659e+02
3.058974910957048223e+02
3.109566375329160905e+02
3.161871319149439046e+02
3.215778653938508000e+02
3.268849022602615264e+02
3.324236343476906086e+02
3.381475742138033524e+02
3.438184958305267855e+02
3.496573211979869598e+02
3.556581578197931321e+02
3.616243311558419009e+02
3.676948928004820800e+02
3.739797950408434417e+02
3.801645630785550907e+02
3.865646304065109575e+02
3.932228263940888837e+02
3.998810319721903852e+02
4.065762503648336406e+02
4.135543302180716978e+02
4.206195356158206096e+02
4.277441576894075865e+02
4.351042648732168914e+02
4.425672344015193858e+02
4.500093284779854912e+02
4.576541909916758755e+02
4.654312019053984386e+02
4.731416162780779473e+02
4.810484991980194422e+02
4.891940330731969766e+02
4.974463401527069095e+02
5.058877729791216211e+02
5.144886810719171990e+02
5.230242228815185399e+02
5.317001122090337049e+02
5.407827868112257192e+02
5.498240267076914733e+02
5.590680594326438495e+02
5.686843016290639525e+02
5.783208087761885281e+02
5.878710765878184930e+02
5.978437639090777793e+02
6.078608551137348286e+02
6.179524972033544827e+02
6.284293256340408789e+02
6.390275223472027619e+02
6.496963538709768500e+02
6.606949769593521751e+02
6.717629545963670807e+02
6.830007972543896813e+02
6.944948360082556746e+02
7.060955039701566420e+02
7.178086852937166213e+02
7.299292752147376859e+02
7.423637488730840914e+02
7.548225894797652700e+02
7.677010959312719933e+02
7.808705601879937603e+02
7.940444368549749470e+02
8.074901967132237814e+02
8.213853080368787687e+02
8.352103979406050485e+02
8.493700735711187235e+02
8.639969643146810085e+02
8.786152239455404924e+02
8.933913938143325595e+02
9.086980551287126673e+02
9.240154769498860787e+02
9.395639088634624159e+02
9.554542605860423237e+02
9.714933299772939108e+02
9.877584361170108878e+02
1.004646323349929162e+03
1.021704045876573787e+03
1.038754077777869270e+03
1.056416707028567089e+03
1.074408337437209639e+03
1.092656163955050715e+03
1.111402836667276006e+03
1.130509797354954571e+03
1.149564858112623824e+03
1.168927223682339218e+03
1.188969580086276210e+03
1.208728376306448808e+03
1.229176273305487257e+03
1.250328435941152065e+03
1.271674833292893481e+03
1.293541202410423693e+03
1.315810679524813850e+03
1.338158202244605945e+03
1.360667445334591548e+03
1.383945159927183795e+03
1.407310470659193697e+03
1.431013273287602260e+03
1.455581858717624755e+03
1.480216916889480444e+03
1.505402224220184280e+03
1.531429517552807738e+03
1.557509181363634980e+03
1.583214565101352946e+03
1.610088941957999168e+03
1.637347711370631714e+03
1.664466838567301238e+03
1.692853221796083290e+03
1.722140560256013032e+03
1.750891434406049257e+03
1.780583950493068642e+03
1.811389484840515934e+03
1.841877445948478908e+03
1.873121197654671732e+03
1.905021055362863308e+03
1.937042826943902810e+03
1.969514075592789368e+03
2.003090024972265610e+03
2.037263574307035697e+03
2.071508785115892351e+03
2.107141038806802499e+03
2.143538370021786250e+03
2.179770187291087041e+03
2.217375275038372820e+03
2.255269290084509066e+03
2.293216955993266765e+03
2.332356318972961617e+03
2.372746149523735767e+03
2.412998670654359557e+03
2.454313935700513412e+03
2.496459179363295334e+03
2.538374146178469346e+03
2.581168831720227445e+03
2.625304517836958439e+03
2.669510211067563887e+03
2.714584924841250540e+03
2.761382102807436240e+03
2.808019790970167378e+03
2.855611280969197196e+03
2.904542310017665841e+03
2.953494297963370173e+03
3.003096231336377514e+03
3.054729029654748047e+03
3.107533901765100836e+03
3.160656062512551671e+03
3.215247039632073665e+03
3.270264542370123309e+03
3.325120995154495176e+03
3.382081837497402375e+03
3.439546211140846026e+03
3.497503442608675414e+03
3.557672953687785139e+03
3.619022673535296235e+03
3.679671422623874150e+03
3.742906796595988453e+03
3.807128183250039456e+03
3.871206499742308552e+03
3.936246061522437685e+03
4.003179702736968466e+03
4.070530731443224340e+03
4.139172099665041969e+03
4.210291935118953006e+03
4.280890419527437189e+03
4.352906212842523018e+03
4.428071874007860970e+03
4.503289877897378574e+03
4.579077171163194180e+03
4.657633930493194384e+03
4.736328106361799655e+03
4.815231582723989050e+03
4.896690842736363265e+03
4.980379820827486583e+03
5.064923529522870012e+03
5.151363203837451692e+03
5.239265004811624749e+03
5.327155446962831775e+03
5.418287936866541713e+03
5.510476850393725726e+03
5.603135978159942169e+03
5.699121767451452797e+03
5.796332630010721914e+03
5.894048910811119640e+03
5.994319783282268872e+03
6.097317219170149656e+03
6.199672140194895292e+03
6.304605037860973425e+03
6.411732125782559706e+03
6.519088765292222888e+03
6.629822079347302861e+03
6.742460786694691706e+03
6.857430142143202829e+03
6.973724315550362917e+03
7.093117060653622502e+03
7.213787643762636435e+03
7.337490445045350498e+03
7.463563180018720232e+03
7.592310693165475641e+03
7.721783452193199082e+03
7.854200348175508225e+03
7.988194080932249562e+03
8.122317453857367582e+03
8.261032031862392614e+03
8.404735878414760009e+03
8.547293336168282622e+03
8.694172798575884372e+03
8.846827017587957016e+03
9.000174254578561886e+03
9.156233394448463514e+03
9.315034564403078548e+03
9.474492872985660142e+03
9.636879810676502530e+03
9.803090448478626058e+03
9.970395206920911733e+03
1.013858375566049472e+04
1.031416153087436760e+04
1.048799214402447433e+04
1.066477772004607141e+04
1.084787141115718077e+04
1.103273823748281575e+04
1.121851960913938819e+04
1.141208003285382438e+04
1.160813586749914793e+04
1.180559466720973978e+04
1.200798428741090174e+04
1.221296062519922452e+04
1.241871575136718639e+04
1.262763704963648161e+04
1.284329097380979874e+04
1.305855556409989003e+04
1.328164101755514093e+04
1.351254880320063785e+04
1.374242226363601912e+04
1.397811856320675724e+04
1.422095391120792920e+04
1.446606356909938768e+04
1.471482463628904588e+04
1.497245700689296427e+04
1.523008316531960372e+04
1.549064699740862670e+04
1.575817229096202755e+04
1.602658880177070751e+04
1.629778289483944172e+04
1.658158010393052609e+04
1.686811435739228182e+04
1.715236738484927992e+04
1.745203763095625982e+04
1.775202520600717980e+04
1.805241565380991233e+04
1.836723500237719054e+04
1.868675633995020689e+04
1.900347603798677665e+04
1.932662837757871239e+04
1.965852073776912584e+04
1.999198835029278780e+04
2.033461956590017144e+04
2.068529658555925926e+04
2.103637835446530516e+04
2.139299960986406950e+04
2.176126701354869874e+04
2.212661737501968310e+04
2.249977225006510344e+04
2.289107276194866790e+04
2.328094908002324519e+04
2.367446727707127502e+04
2.408641927272203247e+04
2.450217868187334534e+04
2.491705745448801827e+04
2.534628751829543035e+04
2.578336786351195042e+04
2.622041674440234056e+04
2.667849536981580968e+04
2.713867722409061389e+04
2.759324910031571926e+04
2.806633102270763993e+04
2.855239577397386165e+04
2.904061305300478853e+04
2.953572602943675884e+04
3.004465545445254247e+04
3.055361175657144850e+04
3.107471113992537721e+04
3.160951292345355978e+04
3.214023007171019344e+04
3.267818548177190678e+04
3.323885451220465620e+04
3.379475218834332918e+04
3.435525124747248628e+04
3.494417893694002851e+04
3.553881471663503908e+04
3.613851926618246944e+04
3.676642367161399306e+04
3.739565013287778856e+04
3.802941996695000853e+04
3.867841642970637622e+04
3.933955445079100173e+04
4.001010448733250087e+04
4.070158509825311194e+04
4.140590829454145569e+04
4.210574050917186105e+04
4.281670264868107915e+04
4.355127018771335861e+04
4.428112352326555992e+04
4.502539501810233196e+04
4.579730767362134065e+04
4.657399084273831249e+04
4.736827650674286997e+04
4.817834161501655035e+04
4.898784870201678859e+04
4.981914546878115652e+04
5.067551391681830864e+04
5.154789287889238039e+04
5.243078221357204893e+04
5.333475306789876049e+04
5.425612066963276447e+04
5.518491441668015614e+04
5.614304165691191156e+04
5.710580318912280927e+04
5.808662841441818455e+04
5.909518891444757173e+04
6.012440523515106906e+04
6.114866695586164860e+04
6.221205564690983010e+04
6.329496080761841586e+04
6.438934313734659372e+04
6.551559807730893954e+04
6.665967211160292209e+04
6.779781504403131839e+04
6.895974726723460481e+04
7.016388096227803908e+04
7.136144323015594273e+04
7.258608455542229058e+04
7.385734634623331658e+04
7.510078930096888507e+04
7.636886541872678208e+04
7.770278843851512647e+04
7.904476158241865051e+04
8.040222807928973634e+04
8.180340324034220248e+04
8.321926574394777708e+04
8.463102616806793958e+04
8.609672970873922168e+04
8.757168233813020925e+04
8.906614346514803765e+04
9.058428629564990115e+04
9.214554021035948244e+04
9.373718151615050738e+04
9.535758869611761475e+04
9.700102337967495259e+04
9.864970840563865204e+04
1.003591015219369729e+05
1.020851825163757167e+05
1.038124098779317428e+05
1.055988825634000968e+05
1.074336060540089384e+05
1.093032239979019359e+05
1.111903371991305321e+05
1.131312195877465419e+05
1.150941617997721769e+05
1.170757188558291382e+05
1.191276684459591197e+05
1.211628973296423355e+05
1.232097595399233396e+05
1.253428133903425478e+05
1.274594427699869702e+05
1.295660994434672612e+05
1.317686595815518813e+05
1.340240981605566922e+05
1.362832062404291937e+05
1.386226620949812059e+05
1.410226993349918339e+05
1.434200593878341024e+05
1.459087104446781450e+05
1.484518144860249304e+05
1.509795225774416176e+05
1.535810389477279095e+05
1.562727781360591471e+05
1.589468157571308548e+05
1.616858205806740734e+05
1.645255367771068704e+05
1.673633187708123878e+05
1.702514236445259012e+05
1.732113420015553711e+05
1.761932653984629142e+05
1.792216377687060740e+05
1.823294132925065642e+05
1.854512968229851103e+05
1.885851843900457607e+05
1.918404983023590175e+05
1.951296266148134891e+05
1.984601579527727445e+05
2.019315231640108686e+05
2.054037926468926598e+05
2.088776761600018071e+05
2.125050300440148567e+05
2.161881526913252601e+05
2.198864529928034463e+05
2.237000531831061526e+05
2.275937366953381570e+05
2.314848124757938494e+05
2.354969021656849945e+05
2.396097272431438614e+05
2.436919272068993887e+05
2.478729121351898357e+05
2.521847512461923761e+05
2.565076631612381607e+05
2.609072918754153361e+05
2.654375847754458082e+05
2.699512328878270928e+05
2.745367492729283986e+05
2.793362703730222420e+05
2.841361947949515306e+05
2.890169244459432084e+05
2.940213125492668478e+05
2.990805728406418348e+05
3.041925789404393872e+05
3.094821346829914837e+05
3.148199185738594388e+05
3.201093149201774504e+05
3.256500838848056737e+05
3.313252823747799266e+05
3.370032541893318412e+05
3.428488835748966085e+05
3.488181202126930584e+05
3.547576608460973948e+05
3.608653753968428355e+05
3.671454067569450126e+05
3.734171607384433155e+05
3.798219200920807198e+05
3.864222171464276034e+05
3.930150762828270090e+05
3.997131604543345165e+05
4.066075894946889603e+05
4.135492013379804557e+05
4.206603603930355748e+05
4.280253708118533832e+05
4.353807480300504249e+05
4.427689141132511431e+05
4.504453939029884059e+05
4.582200117186020943e+05
4.660560821386392927e+05
4.740965428679891629e+05
4.821383678115881630e+05
4.903803012965610251e+05
4.989464875245994772e+05
5.077277131004225812e+05
5.165497187471838552e+05
5.255038870594945038e+05
5.347567851827932755e+05
5.440654197919475846e+05
5.534894369057338918e+05
5.631784610612228280e+05
5.728559290822169278e+05
5.826687688275155379e+05
5.927644091543863760e+05
6.030774799265119946e+05
6.133753873863213230e+05
6.240024710653012153e+05
6.347571504761825781e+05
6.456785670458838576e+05
6.570508388709917199e+05
6.684442784345379332e+05
6.798703416911410168e+05
6.916810329613488866e+05
7.035520258788691135e+05
7.153942517352704890e+05
7.278052627721229801e+05
7.404156604569777846e+05
7.529937199700766942e+05
7.660742415290881181e+05
7.793497407181811286e+05
7.927043369350727880e+05
8.064211759381426964e+05
8.205953852765159681e+05
8.348256364406323992e+05
8.493181876151150791e+05
8.642128971058357274e+05
8.787951983848066302e+05
8.937138932275804691e+05
9.093433764931240585e+05
9.248128655910211382e+05
9.405253195543468464e+05
9.569021812420400092e+05
9.732847505311829736e+05
9.898025738796108635e+05
1.007020989196569077e+06
1.024336065188592183e+06
1.041730629915335565e+06
1.059775189365761355e+06
1.077867842647849349e+06
1.096072605466578389e+06
1.114993881774547510e+06
1.134400396983053768e+06
1.153739885887246812e+06
1.173581575142103946e+06
1.193966964032871881e+06
1.214599518115986604e+06
1.235699603108889889e+06
1.257262580999010475e+06
1.278673378322085598e+06
1.300749980618981877e+06
1.323488691435761284e+06
1.346135552437544102e+06
1.369351292851284146e+06
1.393069470357492799e+06
1.417213480976496823e+06
1.441635849141336512e+06
1.466462092921283096e+06
1.492076069744995562e+06
1.517968911174331792e+06
1.544468041583871236e+06
1.571399004941576160e+06
1.598453243650488555e+06
1.626404457234238042e+06
1.654842614633380435e+06
1.683504936691388953e+06
1.713243311729474459e+06
1.743205792640959378e+06
1.773139491374355508e+06
1.804042616284498945e+06
1.835437029125318397e+06
1.866656412140893750e+06
1.898606127796553541e+06
1.931865274003013503e+06
1.964963051387117011e+06
1.999160046491682529e+06
2.033931992335085990e+06
2.068763264131726930e+06
2.104140039104983676e+06
2.140613944929144811e+06
2.177295542877990287e+06
2.214356459030352533e+06
2.252808254498095252e+06
2.291577832356988452e+06
2.331141066727418918e+06
2.371907901667172555e+06
2.413044368131582625e+06
2.454533935679320712e+06
2.497400951033871621e+06
2.540785430114696268e+06
2.584335781832481734e+06
2.629505958121659700e+06
2.675563123474181630e+06
2.721568231378295459e+06
2.768971845917380881e+06
2.817368016582784709e+06
2.865596551348551176e+06
2.915392202846006956e+06
2.966341739315373357e+06
3.017042418328926899e+06
3.069443784982433543e+06
3.123040844001648948e+06
3.176900876743221190e+06
3.231979469791748095e+06
3.288570213865944184e+06
3.345550448926470708e+06
3.403062124207972549e+06
3.462858290588964242e+06
3.521411977110711392e+06
3.581454273293476086e+06
3.643555802592838183e+06
3.706421808875300921e+06
3.770163554636570625e+06
3.835008321383267175e+06
3.901398826953617856e+06
3.968540185619085561e+06
4.037360889066640753e+06
4.106851864410265349e+06
4.177362231419561431e+06
4.249924276670015417e+06
4.323923184883891605e+06
4.398454601008569822e+06
4.474553503588671796e+06
4.552790692889621481e+06
4.630527987347842194e+06
4.710171188626245596e+06
4.792464020768954419e+06
4.874843743254307657e+06
4.958487720000348054e+06
5.045562549737044610e+06
5.133089315849743783e+06
5.220894710374135524e+06
5.311295463508896530e+06
5.402202879237003624e+06
5.494839861385569908e+06
5.589620277604168281e+06
5.686956923832627945e+06
5.784396849065258168e+06
5.884165168499285355e+06
5.985621161329477094e+06
6.088049461836772040e+06
6.192239684915345162e+06
6.298872556551358663e+06
6.405484946323722601e+06
6.515890562178006396e+06
6.630338190217869356e+06
6.742918248628530651e+06
6.860240361846480519e+06
6.980651282617903315e+06
7.100541519940788858e+06
7.223876649613232352e+06
7.350870695251798257e+06
7.478488616106630303e+06
7.606356418206105009e+06
7.737077353711931035e+06
7.870458911206486635e+06
8.004561510834450833e+06
8.142992385789514519e+06
8.285166545072837733e+06
8.428092566767901182e+06
8.573763225550195202e+06
8.723507810863811523e+06
8.875522115609332919e+06
9.030494659909147769e+06
9.189796123440722004e+06
9.350584900168038905e+06
9.513889242564482614e+06
9.681113367903243750e+06
9.848016492367578670e+06
1.001828897727336176e+07
1.019289319777148031e+07
1.036751454477799684e+07
1.054542027957075462e+07
1.072883563782254793e+07
1.091175618291706964e+07
1.109854113821184821e+07
1.129114891639555618e+07
1.148377414498280920e+07
1.168023745480346121e+07
1.188365870340544917e+07
1.208919088273409195e+07
1.229845682197633572e+07
1.251661396030111983e+07
1.273400696108370461e+07
1.295133678934925422e+07
1.317771432711587660e+07
1.340741121923299320e+07
1.363709138195050694e+07
1.387243477137840912e+07
1.411586038677937537e+07
1.435790187541672960e+07
1.460667990906634182e+07
1.485945017596827634e+07
1.511103999072937667e+07
1.537402270442874543e+07
1.564232643765719049e+07
1.591408262671571225e+07
1.619206842535856180e+07
1.647640300525718555e+07
1.675938873552949913e+07
1.704838273522165418e+07
1.734722586783607304e+07
1.764011205534625426e+07
1.794313150948791578e+07
1.825733054674706981e+07
1.856823609992109612e+07
1.888656355061358586e+07
1.921720448417760059e+07
1.954716494556750357e+07
1.988093424192560837e+07
2.022684341348651797e+07
2.057869629704335704e+07
2.093462860497950017e+07
2.129938693097472563e+07
2.167057819534434378e+07
2.204235816006111354e+07
2.242858374761700258e+07
2.282229005791329965e+07
2.322212289808381349e+07
2.362631606115368754e+07
2.403917750809044763e+07
2.445040324691013247e+07
2.487202479874701425e+07
2.530703160358812660e+07
2.574386125677610934e+07
2.618771027327351272e+07
2.664918721297727525e+07
2.711221270364687592e+07
2.757798205795878917e+07
2.806449669101521745e+07
2.854721310009616241e+07
2.903499541946441308e+07
2.954488868292039633e+07
3.005503014438917860e+07
3.056930307865821943e+07
3.109868087164314464e+07
3.163949539077194408e+07
3.218726372298874706e+07
3.274936268279478326e+07
3.332196280587489158e+07
3.390272427588126063e+07
3.449616111501528323e+07
3.509907456239806116e+07
3.570578512744179368e+07
3.632549372077663988e+07
3.696199996858416498e+07
3.760694324369749427e+07
3.825744823264286667e+07
3.892775012012226880e+07
3.960807642766707391e+07
4.028750568034634739e+07
4.099342388343212754e+07
4.169962881935732067e+07
4.241884047884988785e+07
4.315787274367152154e+07
4.390171706147941202e+07
4.465401180892901123e+07
4.543001973333412409e+07
4.621513826994425803e+07
4.700903852764222771e+07
4.782540969979494810e+07
4.866296944940336049e+07
4.950312890427701175e+07
5.035557674996268749e+07
5.123283070900458843e+07
5.211273417270301282e+07
5.300486676679265499e+07
5.393259959134460986e+07
5.486410257678899169e+07
5.582592454052198678e+07
5.681149696478324383e+07
5.779237232546713203e+07
5.879415053756421059e+07
5.981948069706047326e+07
6.084828480010051280e+07
6.189768449826355278e+07
6.298606855613350123e+07
6.408138832852227241e+07
6.518322780868303031e+07
6.631787092916177213e+07
6.746690138939160109e+07
6.862375778472980857e+07
6.982263370582327247e+07
7.102052824603444338e+07
7.222896628750586510e+07
7.347890752452564240e+07
7.475619417421980202e+07
7.604291640267489851e+07
7.735479662168881297e+07
7.870264054303181171e+07
8.004690038018554449e+07
8.142131620262548327e+07
8.281161627079497278e+07
8.419543624552905560e+07
8.564367468506619334e+07
8.713289140075336397e+07
8.863029412013302743e+07
9.015687112317012250e+07
9.174556115658314526e+07
9.333228859242787957e+07
9.494177581990657747e+07
9.660226855691593885e+07
9.825523323562899232e+07
9.993664136056903005e+07
1.016700014086772799e+08
1.034044031462327093e+08
1.051772198746081591e+08
1.069942592922148854e+08
1.088289331293992102e+08
1.106781072615458816e+08
1.125951907986117005e+08
1.145360520013123155e+08
1.164881271818335801e+08
1.185115935133453608e+08
1.205765735008648187e+08
1.226413218507705033e+08
1.247541217378653139e+08
1.269096176183320135e+08
1.290217747185999155e+08
1.312253300547969043e+08
1.335126953199413419e+08
1.357884715867147446e+08
1.381138907230637968e+08
1.405291827308499515e+08
1.429490601760382056e+08
1.454130787389662564e+08
1.479765619743619859e+08
1.505437166883022189e+08
1.531248014733756185e+08
1.558243195782622695e+08
1.585216745996544659e+08
1.612258818358633518e+08
1.640438349089530110e+08
1.669092385237676501e+08
1.697563510850909054e+08
1.727168469879172742e+08
1.757349280359052718e+08
1.787618264172810912e+08
1.818828895017574728e+08
1.850595981187995970e+08
1.882132004121110439e+08
1.914344549412195086e+08
1.947579402486370504e+08
1.980820780904656351e+08
2.014883334638114870e+08
2.050309080393612981e+08
2.085718020593565106e+08
2.121929699659263790e+08
2.159282870486594141e+08
2.197116785106169879e+08
2.235517496692697704e+08
2.275128766682225168e+08
2.314911541704868972e+08
2.354895439251508117e+08
2.396237754316408634e+08
2.437814521455552280e+08
2.479675498838050067e+08
2.523351973911995590e+08
2.567135253507557213e+08
2.610749489246673882e+08
2.656567969693045318e+08
2.703214032190187573e+08
2.749683776273252964e+08
2.797359419359093308e+08
2.846436172327082157e+08
2.895516843224006295e+08
2.945638126521360278e+08
2.996801406897796988e+08
3.047707978869013786e+08
3.100211822452863455e+08
3.154394191536797285e+08
3.208550539118157625e+08
3.264135214692378640e+08
3.321332885599170327e+08
3.379322284328482151e+08
3.437542030602542758e+08
3.497500201516932845e+08
3.558448965077770948e+08
3.619354982582381368e+08
3.682574578082969785e+08
3.745606594004241228e+08
3.809191222639212012e+08
3.874533115414987206e+08
3.941037795297788382e+08
4.008040401407390833e+08
4.076456155913637877e+08
4.146037627691779137e+08
4.216150395960076451e+08
4.288385309722587466e+08
4.362136505046049953e+08
4.435581754241737127e+08
4.512545391199266911e+08
4.590971047872654796e+08
4.668966762726169825e+08
4.749242978177800775e+08
4.832337146649087071e+08
4.915475391282029748e+08
5.000440354600285888e+08
5.086917809977801442e+08
5.174273094460092783e+08
5.262445957871338725e+08
5.353364402660536170e+08
5.445030570599931479e+08
5.538722263962780237e+08
5.635710928875825405e+08
5.732950329339714050e+08
5.831120007953543663e+08
5.932364882994053364e+08
6.034574750887546539e+08
6.137282480250627995e+08
6.243275683362259865e+08
6.350806610577660799e+08
6.458515830936820507e+08
6.570780900803549290e+08
6.684815330841525793e+08
6.800292055901643038e+08
6.917849187039285898e+08
7.039046067634149790e+08
7.159304116486337185e+08
7.283165479224019051e+08
7.410774582558286190e+08
7.539804313691805601e+08
7.670494856854783297e+08
7.804267853466483355e+08
7.938386932771086693e+08
8.074769493584911823e+08
8.215463094074679613e+08
8.357699348378739357e+08
8.499635884053235054e+08
8.647523890296680927e+08
8.795634609056019783e+08
8.944368324737962484e+08
9.101133076402686834e+08
9.259081527571313381e+08
9.417108694717179537e+08
9.581101313236585855e+08
9.748653297639517784e+08
9.915468700036288500e+08
1.008573308164765120e+09
1.026011817643175960e+09
1.043467663334106207e+09
1.061587580383760810e+09
1.080093820410105228e+09
1.098515052876886606e+09
1.117431077007913828e+09
1.136833187054366589e+09
1.155840054192953110e+09
1.175604925247001648e+09
1.196110131839654684e+09
1.216275522739796877e+09
1.237260254867161751e+09
1.258748093556533813e+09
1.280625304309236050e+09
1.302767460315525293e+09
1.325419740831539631e+09
1.348334205794651747e+09
1.371536390155073166e+09
1.395399952340518236e+09
1.419610865315001488e+09
1.444073079924763918e+09
1.469294038264730215e+09
1.495084753591295481e+09
1.520990861574611902e+09
1.547301897752947092e+09
1.574350233085413933e+09
1.601250246333099365e+09
1.628768127978678942e+09
1.656734503540817499e+09
1.684853057741461515e+09
1.713625501176246166e+09
1.743515880598322868e+09
1.773714087597807407e+09
1.804430913674808979e+09
1.836020681505569696e+09
1.867803796070173025e+09
1.899951435384508371e+09
1.932887774946415424e+09
1.966368223451182842e+09
2.000288917025661230e+09
2.034870188878512859e+09
2.070437960207330704e+09
2.106607951270545244e+09
2.143508414877271891e+09
2.181137429748250484e+09
2.218510191627808094e+09
2.256737637511490822e+09
2.295451208255176067e+09
2.334265551231317043e+09
2.374441230013485432e+09
2.415557394553514957e+09
2.456574442187561512e+09
2.498993547941780567e+09
2.542360098822927475e+09
2.585875804971174240e+09
2.630554888337833881e+09
2.676644747936340809e+09
2.722821753251964092e+09
2.769564361592765331e+09
2.817469921976992130e+09
2.865836220340088844e+09
2.915526218615900517e+09
2.966324401988416195e+09
3.018247445206519604e+09
3.070347613816507816e+09
3.123400016093357086e+09
3.177134936375966549e+09
3.231329658267825603e+09
3.287574761775500774e+09
3.344638100907823086e+09
3.402433504762099266e+09
3.462001593691094398e+09
3.522224906241975307e+09
3.582524103446197510e+09
3.644047370615860462e+09
3.706745875423574448e+09
3.769956553848362446e+09
3.834745464064616203e+09
3.901545078700138092e+09
3.969019411603876114e+09
4.038312561976694584e+09
4.109471214377411366e+09
4.181114447620321751e+09
4.253536538743019581e+09
4.328014490959936142e+09
4.403363857106894493e+09
4.479058500813035965e+09
4.557614187804627419e+09
4.636508130643537521e+09
4.716465174887247086e+09
4.798560950927188873e+09
4.882257666029658318e+09
4.966340650404898643e+09
5.052526159277256966e+09
5.140136851663122177e+09
5.228450372274097443e+09
5.319403637044707298e+09
5.412188047688470840e+09
5.505454287938429832e+09
5.600288306515951157e+09
5.697286544189947128e+09
5.794956216133271217e+09
5.895313042794099808e+09
5.998067612655187607e+09
6.101203023965902328e+09
6.205864594428408623e+09
6.314470036153336525e+09
6.424723471292252541e+09
6.535752366016819000e+09
6.650672620776383400e+09
6.764944029308256149e+09
6.881133675098943710e+09
7.001874271898284912e+09
7.122061962099635124e+09
7.243928764501149178e+09
7.370771459962437630e+09
7.499079814512778282e+09
7.627649608518314362e+09
7.759396675970817566e+09
7.894448951478130341e+09
8.030010407787693977e+09
8.169073169753872871e+09
8.312105455315936089e+09
8.454651339928462029e+09
8.600594809703504562e+09
8.750548431215915680e+09
8.902079311102296829e+09
9.057542845626602173e+09
9.216705922033735275e+09
9.376555781379217148e+09
9.538388368173217773e+09
9.704162759790309906e+09
9.872703196440710068e+09
1.004274388399248123e+10
1.021790439628999329e+10
1.039399880735149193e+10
1.057378943104793358e+10
1.075932128644613838e+10
1.094714541663260460e+10
1.113595053694260216e+10
1.133191174767481995e+10
1.153176097141874695e+10
1.173277072104381371e+10
1.193969458692441940e+10
1.214962778732372093e+10
1.236030640963797951e+10
1.257649977722614861e+10
1.279819239461757088e+10
1.302045904366818619e+10
1.324664040656438637e+10
1.347710271877233505e+10
1.370664781659330368e+10
1.394306515957414055e+10
1.418560666153723145e+10
1.443003370105747604e+10
1.468073867348917198e+10
1.493816368485330009e+10
1.519064328069732666e+10
1.545255775350412750e+10
1.572207680544908524e+10
1.599112897859220886e+10
1.626660930757754135e+10
1.655160787659454727e+10
1.683850301292216873e+10
1.712887056344508553e+10
1.742756275509501266e+10
1.773036825391069794e+10
1.803835686674900436e+10
1.835246501156256866e+10
1.867267209145130920e+10
1.899130696601206970e+10
1.931994852668092346e+10
1.965531530207396698e+10
1.999052682556476974e+10
2.033760710892620850e+10
2.069422373970085907e+10
2.105219918145051956e+10
2.141346710503770447e+10
2.178440122187273788e+10
2.215547138003570175e+10
2.253564632664130402e+10
2.292849310463463974e+10
2.332093826847748947e+10
2.371936077618715286e+10
2.413143712249064636e+10
2.454388912813836288e+10
2.496300208942719269e+10
2.539614514965897369e+10
2.583059958310774231e+10
2.627239074107891846e+10
2.672786126769671249e+10
2.718449367948803711e+10
2.764808946495130539e+10
2.812954062019139862e+10
2.861914620859327698e+10
2.911117225243186951e+10
2.961663753158753967e+10
3.013413789453752136e+10
3.065564036139596176e+10
3.119060088736022568e+10
3.173524555387366867e+10
3.228351387600163269e+10
3.284528126733018494e+10
3.341679150179784012e+10
3.399179292048985291e+10
3.458121683745360565e+10
3.518787444530384827e+10
3.579687072574343872e+10
3.641583640753568268e+10
3.704698463332627106e+10
3.768285229842581177e+10
3.833317703857373047e+10
3.900462276963581848e+10
3.967618434638239288e+10
4.035642606718931580e+10
4.105240205710680389e+10
4.175840858822184753e+10
4.247045210241026306e+10
4.320341409268511200e+10
4.395903168598172760e+10
4.472738650506552124e+10
4.550813986568363953e+10
4.629829775378482056e+10
4.708593798293491364e+10
4.788904196778007507e+10
4.871661817922465515e+10
4.955215936870503998e+10
5.040497855354180145e+10
5.128424336117733765e+10
5.217127371024023438e+10
5.306873003451168060e+10
5.398838535840414429e+10
5.492021984725180817e+10
5.586669867330691528e+10
5.683553579565757751e+10
5.781802482880755615e+10
5.881200513048300934e+10
5.982794593855741119e+10
6.085487298537516785e+10
6.188578930587791443e+10
6.295860019934750366e+10
6.404607861875278473e+10
6.515072909970742035e+10
6.629867172254187775e+10
6.744129305808612823e+10
6.857552646006945801e+10
6.976772504997306824e+10
7.096760064935556030e+10
7.217245763221520996e+10
7.342203826402896118e+10
7.469163367813986206e+10
7.596453902254838562e+10
7.727666912319798279e+10
7.862535456747343445e+10
7.996450907055923462e+10
8.132502596653651428e+10
8.274442624011068726e+10
8.415599671260356140e+10
8.559856630354768372e+10
8.708571552302168274e+10
8.856040102391293335e+10
9.006392934477426147e+10
9.162411413541299438e+10
9.318182854687297058e+10
9.477391091436074829e+10
9.642671634937182617e+10
9.809297944832119751e+10
9.979211448384863281e+10
1.015591627955379181e+11
1.033470496579580536e+11
1.051494715234568634e+11
1.069995410976601410e+11
1.088587942431876831e+11
1.107108292424384308e+11
1.126331990633257751e+11
1.145897658845065918e+11
1.165786008252816925e+11
1.185970000160420227e+11
1.206637163520798645e+11
1.227467408427515411e+11
1.248603512326902161e+11
1.270469241833607635e+11
1.292447911967448425e+11
1.314712733402430878e+11
1.337565830849077759e+11
1.360855174594217072e+11
1.384198042764109497e+11
1.408312437285592041e+11
1.432381678191338501e+11
1.456680164491205444e+11
1.481915731397399902e+11
1.507302274967087402e+11
1.532823325218236389e+11
1.558901674188737183e+11
1.585565453649028625e+11
1.612734028928855591e+11
1.640804089407500000e+11
1.669373492542880859e+11
1.697687518185225830e+11
1.727104277762930908e+11
1.756978555017606506e+11
1.787014823552933044e+11
1.818053807140739746e+11
1.849650423930405273e+11
1.880846461878575745e+11
1.913178959611517029e+11
1.946210667503961182e+11
1.979552894440431519e+11
2.013681832134024658e+11
2.048915601355915222e+11
2.084162925650511475e+11
2.120075329968731995e+11
2.156802355774371643e+11
2.193728215854694824e+11
2.231292209747266235e+11
2.270397345626181641e+11
2.309813510688125305e+11
2.349382192046768799e+11
2.390974868610266724e+11
2.432481109877699280e+11
2.473685236577176208e+11
2.516633759326017151e+11
2.560246901938120728e+11
2.603583794475985107e+11
2.648874858468696289e+11
2.694699043436847229e+11
2.740848991854067383e+11
2.788550463367347412e+11
2.837113894919035645e+11
2.885458329719219971e+11
2.935133627900665283e+11
2.986368999690704346e+11
3.037151121189505005e+11
3.089088069113706665e+11
3.142435394627081299e+11
3.195769204743247070e+11
3.250097090236096191e+11
3.307218246506861572e+11
3.364465038526399536e+11
3.423032676718032227e+11
3.482828871149575195e+11
3.543809110187397461e+11
3.605121156835843506e+11
3.667855362092796631e+11
3.731693024579193115e+11
3.796146147066719360e+11
3.861008876928420410e+11
3.927310118442340698e+11
3.994237558823894043e+11
4.062624191736718140e+11
4.132538245264772949e+11
4.203035487358897095e+11
4.275825462695266724e+11
4.350436679549757080e+11
4.425069922102095947e+11
4.501591976869452515e+11
4.580197086064403076e+11
4.658668512399093018e+11
4.738079982243604126e+11
4.819735663529152222e+11
4.901962331564890747e+11
4.986409545368407593e+11
5.072835749276840820e+11
5.160845782054335327e+11
5.249074420137197876e+11
5.339937768935492554e+11
5.432530689206754150e+11
5.525383186191129150e+11
5.621589503065756836e+11
5.718946613301899414e+11
5.818011696048939209e+11
5.918700598250128174e+11
6.020831519045225830e+11
6.123518604846704102e+11
6.228657555141285400e+11
6.336965941388499756e+11
6.447022542950491943e+11
6.556854100757729492e+11
6.670051911286705322e+11
6.784758176464165039e+11
6.901414957757056885e+11
7.020198706359873047e+11
7.139931258677933350e+11
7.261714999959835205e+11
7.386257821502456055e+11
7.512975146876524658e+11
7.640390583002189941e+11
7.773621659549161377e+11
7.906722035678834229e+11
8.040992878462888184e+11
8.181282438627122803e+11
8.323849713926081543e+11
8.468195678728352051e+11
8.616505177399088135e+11
8.768411938839915771e+11
8.919733914522459717e+11
9.071842278001798096e+11
9.230168329451676025e+11
9.389267053334256592e+11
9.549695313280848389e+11
9.714801621477656250e+11
9.883185828567709961e+11
1.005298431802796631e+12
1.022769244858653198e+12
1.040561044324391479e+12
1.058710433912728760e+12
1.077093822019873535e+12
1.095645087512520020e+12
1.114531538105641113e+12
1.133919220198650391e+12
1.153196469108439941e+12
1.172609621034689941e+12
1.192684128597457764e+12
1.213246124367123291e+12
1.233918751002012207e+12
1.255267746858977783e+12
1.276880616612014648e+12
1.298575456983291260e+12
1.320806074440687744e+12
1.343357499318382080e+12
1.366251784337362305e+12
1.389813726598832275e+12
1.413859401283958740e+12
1.438193859549975586e+12
1.463037482686167480e+12
1.488208479798215576e+12
1.513440487479035889e+12
1.539467979012591553e+12
1.565940684071385742e+12
1.592789975194927979e+12
1.619978105978760742e+12
1.647985215544930908e+12
1.676068829674448486e+12
1.704669368312040283e+12
1.733967665706722900e+12
1.763456756553181152e+12
1.793694168418079346e+12
1.824871945905144775e+12
1.856693644251289551e+12
1.888917385057625977e+12
1.921874013573502441e+12
1.955154619408564209e+12
1.988904503030494873e+12
2.023369415091952393e+12
2.058231248745503418e+12
2.093283996353981201e+12
2.129788344671757324e+12
2.166887785031883545e+12
2.203892143808154785e+12
2.241940619854761719e+12
2.280996350296919922e+12
2.319658990999530762e+12
2.359913518541609863e+12
2.400688373862150879e+12
2.442711326518366211e+12
2.484596547820839355e+12
2.527440173577275879e+12
2.570739489067230469e+12
2.614761159387194824e+12
2.660100443984058105e+12
2.705555282705572266e+12
2.751132751085617188e+12
2.798337037466587402e+12
2.846277867771950195e+12
2.895115158670473633e+12
2.945736559562886719e+12
2.996086266231440918e+12
3.046285372675745117e+12
3.098925596855601562e+12
3.152216838729089844e+12
3.205754735137346191e+12
3.260873426192625000e+12
3.317008158527990723e+12
3.373237182640023926e+12
3.431055892951869629e+12
3.490771528262003906e+12
3.550858262918770508e+12
3.612609726168545898e+12
3.675832580401467773e+12
3.738568931921234863e+12
3.802100873739900879e+12
3.867857987907165039e+12
3.933601689738731445e+12
4.000968140801135254e+12
4.071060581610586914e+12
4.140858685384884766e+12
4.211696610685709473e+12
4.285153942555336426e+12
4.357274804010866211e+12
4.430616535345646484e+12
4.507739101971040039e+12
4.584347898249769531e+12
4.661560827684040039e+12
4.741771132676555664e+12
4.823330793085735352e+12
4.904286954991830078e+12
4.988408926753069336e+12
5.074528951095307617e+12
5.160727116337264648e+12
5.249141581647423828e+12
5.339363112424692383e+12
5.430715910057397461e+12
5.524421277151552734e+12
5.620567695599539062e+12
5.717953465808108398e+12
5.816938462495962891e+12
5.918492127808440430e+12
6.021377580028273438e+12
6.125247719048262695e+12
6.232270299142227539e+12
6.337486609852381836e+12
6.444943184660350586e+12
6.555870656216605469e+12
6.667006741157111328e+12
6.778310127452240234e+12
6.896479040062056641e+12
7.014785180932331055e+12
7.133192854244815430e+12
7.256306428134347656e+12
7.381535937758132812e+12
7.507618364928531250e+12
7.636799006176524414e+12
7.769044269763998047e+12
7.903103526620331055e+12
8.039224398849198242e+12
8.178120792876204102e+12
8.317077324332313477e+12
8.460114696025494141e+12
8.607313743621254883e+12
8.753225553093422852e+12
8.903192184399384766e+12
9.057085593280728516e+12
9.209125947771955078e+12
9.363536937677742188e+12
9.526097908215371094e+12
9.685736246587785156e+12
9.848844251897076172e+12
1.001867826800118359e+13
1.019098559490065039e+13
1.036548877617760352e+13
1.054552055373965820e+13
1.072655268425874219e+13
1.090953621970575977e+13
1.109726261516795117e+13
1.128965519421212305e+13
1.148380320100094141e+13
1.168259188181568945e+13
1.188469808176558203e+13
1.208799230197235156e+13
1.229727817433151562e+13
1.251274567260508594e+13
1.272611509464477734e+13
1.294720654350500391e+13
1.317231367653868164e+13
1.339784637144178711e+13
1.362751619401050195e+13
1.386523652305858789e+13
1.410644973850095312e+13
1.435104219849440039e+13
1.460251934565682422e+13
1.485567532624858008e+13
1.511047400780511914e+13
1.537394369456708398e+13
1.563949361287687695e+13
1.590617811295830859e+13
1.618156522653780859e+13
1.645973068351490039e+13
1.673709375951512305e+13
1.702745773916768945e+13
1.732078371023069531e+13
1.761542424465894141e+13
1.792043976477953906e+13
1.823182859985579688e+13
1.854395697574419922e+13
1.886468280348446875e+13
1.918991554685117969e+13
1.952065257547108203e+13
1.985365467767172656e+13
2.019636804680469531e+13
2.054704733397504297e+13
2.090097166673086328e+13
2.126479787210662500e+13
2.163022933121232031e+13
2.199471214565657031e+13
2.236962885493135938e+13
2.275339741994007422e+13
2.314100733429718359e+13
2.354046932114973828e+13
2.394939128052350391e+13
2.435926721402002734e+13
2.477900193339617188e+13
2.520730605930985547e+13
2.563680410034702734e+13
2.607827978305428906e+13
2.653180404905723438e+13
2.698334088401012500e+13
2.744464151453673828e+13
2.791769677693753906e+13
2.839315983808310156e+13
2.887605595043437109e+13
2.937431488600245312e+13
2.986908324473469531e+13
3.037620206327264844e+13
3.089821463377458984e+13
3.142034511939931250e+13
3.195166073398641016e+13
3.250513161635639453e+13
3.306201044094151172e+13
3.362773983263380469e+13
3.421215585279681641e+13
3.479735683589498047e+13
3.539281213855408594e+13
3.600906744416078125e+13
3.663197985701653125e+13
3.726067479483300781e+13
3.790077221070214844e+13
3.855762472361036719e+13
3.922763015899330469e+13
3.991087955834222656e+13
4.060356918967323438e+13
4.129319337853784375e+13
4.200118257103923438e+13
4.272810729556345312e+13
4.344420782151506250e+13
4.418437085329596875e+13
4.495334711812117188e+13
4.570027203795406250e+13
4.646833582842185156e+13
4.727161824135778906e+13
4.807129314088179688e+13
4.889811836957913281e+13
4.975543441902999219e+13
5.059740621890309375e+13
5.146275717386881250e+13
5.236355386374332031e+13
5.325704141809666406e+13
5.417352628352054688e+13
5.511545155610620312e+13
5.606936872409577344e+13
5.702276278878821094e+13
5.801337181890804688e+13
5.902268686525105469e+13
6.002996628047647656e+13
6.106587602200126562e+13
6.212264807172725781e+13
6.317791621560355469e+13
6.426294016730835156e+13
6.536976858545242188e+13
6.646656856447501562e+13
6.761134123754320312e+13
6.878051352341214844e+13
6.994783429371322656e+13
7.113455743494029688e+13
7.236085597517809375e+13
7.359325677891176562e+13
7.485753861478900000e+13
7.616800808469453125e+13
7.749442857122535938e+13
7.882460934906832812e+13
8.019806871135898438e+13
8.158918965010785938e+13
8.297609993037817188e+13
8.442054119229207812e+13
8.588483148207673438e+13
8.734976911449160938e+13
8.886952025564450000e+13
9.041081052888018750e+13
9.196337297191248438e+13
9.356086868392306250e+13
9.519599782702709375e+13
9.682160685748042188e+13
9.849622806048809375e+13
1.002082696366333125e+14
1.019100760558622969e+14
1.036503374577143750e+14
1.054283273750678125e+14
1.072115903729548594e+14
1.090274367168288906e+14
1.109013695088950781e+14
1.128058670805760625e+14
1.147332626173024062e+14
1.167112167201829375e+14
1.187258069570687500e+14
1.207497503409340469e+14
1.228312909089404531e+14
1.249669815567975156e+14
1.270938227094764062e+14
1.292876545452396719e+14
1.315220780810339844e+14
1.337780638723660156e+14
1.361048364192351562e+14
1.384859141786659219e+14
1.408498629577408750e+14
1.432851265177767188e+14
1.457666885605195625e+14
1.482314579901345312e+14
1.507926240719751562e+14
1.534190150017131250e+14
1.560314377276712812e+14
1.587393100036057188e+14
1.614983081674183125e+14
1.642334356131423438e+14
1.670602933998893750e+14
1.699719775974668438e+14
1.728474678896959062e+14
1.757681519175510625e+14
1.787802771074389062e+14
1.818084496408881875e+14
1.848663338601109688e+14
1.880653639044735625e+14
1.912878791743278750e+14
1.945583676999862188e+14
1.979050904476567188e+14
2.012976946939326562e+14
2.047465044642392500e+14
2.082736663014345000e+14
2.118408040706108438e+14
2.154547798355971562e+14
2.191442686430258438e+14
2.229453043737562812e+14
2.267838384257639062e+14
2.306817560888373125e+14
2.346676644993967500e+14
2.386453455371156562e+14
2.427827886158947500e+14
2.470192434590686250e+14
2.512187145898385625e+14
2.555445375619446250e+14
2.599639729925843438e+14
2.643984787168331875e+14
2.689146783372274375e+14
2.735633371602596875e+14
2.782011967233201875e+14
2.829270926471426875e+14
2.878116999055820625e+14
2.927427773458752500e+14
2.976973043492936875e+14
3.028655892378119375e+14
3.080952647562845000e+14
3.133579422356680625e+14
3.187625619696098125e+14
3.242549832945124375e+14
3.298016051062568750e+14
3.354599046353968125e+14
3.412523741147141875e+14
3.470608360841998750e+14
3.529524141066276250e+14
3.590496248531947500e+14
3.651111331496491250e+14
3.713500986297808125e+14
3.777709693275280000e+14
3.842440176051979375e+14
3.908746591374749375e+14
3.977376794392006250e+14
4.045653485428855625e+14
4.115031091585799375e+14
4.186869128593116250e+14
4.259294145288966875e+14
4.332516476380818750e+14
4.407216403122353125e+14
4.482508072224690625e+14
4.558574837017875625e+14
4.637778997228315625e+14
4.717669088950760000e+14
4.797876079550499375e+14
4.881161996038451250e+14
4.964710039230183125e+14
5.047958763780402500e+14
5.134560232067237500e+14
5.223251496583958125e+14
5.311661710832266250e+14
5.402736459947253750e+14
5.495735149647748750e+14
5.586781687605341250e+14
5.681365056335472500e+14
5.778681883231906250e+14
5.875578520671180000e+14
5.974937491594680000e+14
6.078226078061708750e+14
6.181468362198187500e+14
6.286793338764262500e+14
6.395950787556687500e+14
6.505979865719332500e+14
6.616861468590052500e+14
6.731516266863212500e+14
6.846980509994898750e+14
6.962469690182905000e+14
7.083009859572973750e+14
7.203586989825168750e+14
7.324466927335101250e+14
7.449963979279006250e+14
7.578359085342243750e+14
7.705699829678681250e+14
7.837084871773045000e+14
7.971888568623256250e+14
8.106789322572377500e+14
8.244033935965508750e+14
8.385889892312110000e+14
8.529035188051590000e+14
8.673425210616351250e+14
8.822320068556496250e+14
8.973692979188407500e+14
9.127338323033030000e+14
9.285314133126252500e+14
9.443604501012310000e+14
9.604963952999875000e+14
9.772633493829491250e+14
9.941945412519108750e+14
1.011209991225465125e+15
1.028961173537471125e+15
1.046570896679837500e+15
1.064403205682431250e+15
1.082678426535975875e+15
1.101156493831691375e+15
1.119837305114342750e+15
1.139113608027603750e+15
1.158920343995162250e+15
1.178899911412154250e+15
1.199152080339302250e+15
1.219903857093627250e+15
1.240675317007678000e+15
1.261949758106290250e+15
1.283786099952738250e+15
1.305683410445097500e+15
1.328200768233455750e+15
1.351434374413360750e+15
1.374729439998764750e+15
1.398572561508426750e+15
1.423129088145483250e+15
1.447653409078343000e+15
1.472657618782106000e+15
1.498481481970051500e+15
1.523966638611198250e+15
1.549887062351595250e+15
1.576941678655455250e+15
1.604166611142319500e+15
1.631792951219104000e+15
1.660173993155237750e+15
1.689104520825253500e+15
1.717869068450299750e+15
1.747454334504105250e+15
1.777940552130887250e+15
1.808211451999190500e+15
1.839200490123856500e+15
1.870954663097600000e+15
1.902610859686932250e+15
1.935070867664109250e+15
1.968664693805043750e+15
2.001957178712455750e+15
2.036463785012407750e+15
2.072151774354084000e+15
2.107344301363245000e+15
2.143125161258840250e+15
2.180190403573240250e+15
2.217492456948581250e+15
2.255689027154697000e+15
2.294892850032083000e+15
2.334294809238856000e+15
2.373830888247163000e+15
2.415330181321683500e+15
2.456745543638066500e+15
2.498413681057769500e+15
2.541815820162615000e+15
2.585895393053011000e+15
2.629649289975829000e+15
2.675526375811089000e+15
2.721850229307942000e+15
2.767865677748173000e+15
2.815467888122670500e+15
2.864137415588045000e+15
2.912622606331217500e+15
2.962395161681695500e+15
3.014271278837643500e+15
3.066048482207807000e+15
3.118787395671700000e+15
3.173557674643489000e+15
3.227930665542247000e+15
3.282947030371772000e+15
3.340299744015827500e+15
3.397739405179523500e+15
3.455311762384914500e+15
3.515288922015656000e+15
3.576064171591987500e+15
3.636637839121517000e+15
3.699215488606755000e+15
3.762559635750148000e+15
3.826582773904057500e+15
3.891778669020045500e+15
3.958130840468800000e+15
4.025264552235595500e+15
4.094376138476712500e+15
4.165298466719192000e+15
4.236648257713206000e+15
4.309710070215669500e+15
4.384745317490615500e+15
4.459653631827007000e+15
4.537172482222019000e+15
4.617162412921477000e+15
4.695691482168147000e+15
4.776639072840314000e+15
4.859882187899624000e+15
4.942431936267026000e+15
5.027364810132165000e+15
5.115040397207895000e+15
5.203035377706992000e+15
5.292832738295428000e+15
5.385406411352182000e+15
5.478333631706279000e+15
5.571551856670453000e+15
5.667999491241869000e+15
5.765408936332167000e+15
5.862975360712921000e+15
5.964510239179226000e+15
6.067399433788634000e+15
6.170143320559908000e+15
6.275897326977863000e+15
6.384024222678365000e+15
6.492205168706768000e+15
6.604111794167421000e+15
6.719304814815056000e+15
6.835492103759600000e+15
6.954552751191101000e+15
7.075866917264216000e+15
7.195141855768345000e+15
7.317531618243114000e+15
7.444844067283577000e+15
7.570147908422077000e+15
7.697447281068167000e+15
7.831669565840711000e+15
7.964928027459464000e+15
8.101243313682413000e+15
8.243384253213125000e+15
8.386585850071044000e+15
8.529760681114787000e+15
8.679341163354250000e+15
8.828836355543405000e+15
8.979697057313241000e+15
9.135110490310362000e+15
9.293607557705980000e+15
9.452047815722390000e+15
9.616325609175626000e+15
9.783463173067318000e+15
9.949451036021632000e+15
1.012232571728069200e+16
1.029899596335445200e+16
1.047537694098222200e+16
1.065710167879103600e+16
1.084260851164885200e+16
1.102875400304172000e+16
1.121724620030023200e+16
1.141412834902737800e+16
1.161178463878957400e+16
1.181198294825805800e+16
1.201870235433669000e+16
1.222627985219214200e+16
1.243508867377505200e+16
1.265280172335410600e+16
1.286960184578563000e+16
1.308708572410441800e+16
1.331533452524564200e+16
1.354331327687877000e+16
1.377091390863003600e+16
1.401042389461148800e+16
1.425274972052664000e+16
1.449229430839911000e+16
1.474457091018441000e+16
1.500000880604751800e+16
1.525386767913551800e+16
1.551792731629557000e+16
1.578834123321649000e+16
1.605687294479865200e+16
1.633083120902036200e+16
1.661307698185094600e+16
1.689668251668904800e+16
1.718175031179846800e+16
1.747902201930889000e+16
1.777999433521525200e+16
1.808644399009654800e+16
1.840405281036094800e+16
1.871633918303465200e+16
1.903554817977512000e+16
1.936668591615752000e+16
1.970092816876864800e+16
2.003718791140488800e+16
2.038403193759255200e+16
2.073298287787544800e+16
2.108374660305088000e+16
2.145125220035043600e+16
2.182329735434584000e+16
2.219620293202541600e+16
2.258775132031498800e+16
2.298476351672320000e+16
2.337826038465637600e+16
2.378345683041733600e+16
2.419697432527984000e+16
2.460780194327463200e+16
2.502746562108492400e+16
2.546014888692044400e+16
2.589182427359245600e+16
2.633402524175275200e+16
2.679112544006864800e+16
2.724715014147602800e+16
2.771355372520681200e+16
2.819543001342232000e+16
2.868261689051095200e+16
2.917350473619160000e+16
2.968332717946113600e+16
3.019643511817092000e+16
3.071069782868399200e+16
3.124782409335583600e+16
3.178958031826751600e+16
3.232819200546537600e+16
3.289044551133697600e+16
3.346295321064291200e+16
3.402828826654552400e+16
3.461894493671419600e+16
3.521918489625689600e+16
3.581772122291422400e+16
3.643308785554335200e+16
3.706232244927889600e+16
3.768020688876412800e+16
3.832615821219908800e+16
3.898911393190375200e+16
3.965884148661177600e+16
4.034145413303980000e+16
4.104395297375082400e+16
4.175339424518644000e+16
4.246351833733908800e+16
4.319889680986967200e+16
4.393417476863103200e+16
4.468056034841279200e+16
4.546104550878342400e+16
4.623475980414696800e+16
4.702011004865212000e+16
4.784161633281658400e+16
4.866125479659328000e+16
4.948339481765057600e+16
5.035215190625554400e+16
5.123174947838162400e+16
5.210894017656189600e+16
5.302161703090310400e+16
5.394228641996442400e+16
5.486319695870408000e+16
5.581342553027858400e+16
5.679121702762340000e+16
5.777509107407451200e+16
5.877446813570198400e+16
5.980235392352907200e+16
6.082633202214032000e+16
6.186488092502913600e+16
6.293850837895187200e+16
6.402298786492998400e+16
6.511586139204547200e+16
6.624585543079568800e+16
6.737217354378232000e+16
6.852580008583688800e+16
6.972603536510722400e+16
7.091885459134072800e+16
7.212767800831020800e+16
7.337469600834348800e+16
7.464589322525097600e+16
7.591596889500174400e+16
7.723885651184772800e+16
7.858034831005718400e+16
7.992385232981756800e+16
8.130940856158766400e+16
8.272755709530308800e+16
8.414616783995089600e+16
8.561609309650294400e+16
8.710897605641572800e+16
8.859892826390280000e+16
9.013078662544643200e+16
9.170600816038619200e+16
9.327549267910299200e+16
9.487416551010326400e+16
9.654370577448980800e+16
9.819240192092622400e+16
9.986769126098398400e+16
1.016217682130636640e+17
1.033696884598451520e+17
1.051163674228785280e+17
1.069385902752627840e+17
1.087692405680869440e+17
1.105786288365630720e+17
1.124722009250594560e+17
1.143866061147897440e+17
1.162880645658761440e+17
1.183021802816965120e+17
1.203391595620509280e+17
1.223578502733766080e+17
1.244765614351762560e+17
1.266061533582852000e+17
1.287312708433766560e+17
1.309514355917385600e+17
1.332323940322148160e+17
1.355101470890162240e+17
1.378368510417396960e+17
1.402357895585349280e+17
1.426131901121749280e+17
1.450648896896191360e+17
1.476027283812531200e+17
1.501233825105316800e+17
1.527003549952419520e+17
1.553860226873670080e+17
1.580451676915794560e+17
1.607361216017515200e+17
1.635453944512840640e+17
1.663635612338988160e+17
1.692086985078342720e+17
1.721677403737367040e+17
1.751700104447523200e+17
1.781681301330661120e+17
1.812842488379439040e+17
1.844514527343052800e+17
1.876030244753648640e+17
1.908479976500340480e+17
1.941756076748367360e+17
1.974929814864565120e+17
2.009402567421583360e+17
2.044883245902462080e+17
2.080125825974464320e+17
2.115904854234752320e+17
2.152821004475580480e+17
2.189528531369674560e+17
2.226665950669881600e+17
2.265774263280191680e+17
2.304606449703136960e+17
2.344077447970615680e+17
2.385204481292829120e+17
2.426014864482674560e+17
2.467059180882565760e+17
2.510143577947069760e+17
2.553109619997171840e+17
2.596178772485275520e+17
2.641436387219432640e+17
2.686778888061330240e+17
2.732105488335516160e+17
2.779782492751937600e+17
2.827726398470105920e+17
2.875891963560408640e+17
2.926377427898232320e+17
2.977158033405580800e+17
3.027998312465896960e+17
3.080638882824188800e+17
3.134414385390968320e+17
3.187993269168040960e+17
3.243443996844167040e+17
3.300145724890085760e+17
3.357145087113761920e+17
3.414964578835023360e+17
3.474844549533500800e+17
3.534870441702072320e+17
3.595611281479939840e+17
3.659092040208776320e+17
3.722059112389439360e+17
3.785205871614288640e+17
3.851124217379571200e+17
3.916635069150983040e+17
3.982801294984576640e+17
4.051601799975297920e+17
4.121526741695975680e+17
4.190838160810099840e+17
4.263696552748238720e+17
4.337616320852049280e+17
4.411028167537481600e+17
4.487332742299692160e+17
4.565732706448320000e+17
4.643174738422199040e+17
4.723320668451421440e+17
4.805458929363977600e+17
4.887835025044750080e+17
4.971803176149619840e+17
5.058473651857406720e+17
5.144496594737969280e+17
5.231982489004869760e+17
5.323722222517797760e+17
5.414602150526660480e+17
5.508244458331982720e+17
5.605386337325328640e+17
5.702325453486728960e+17
5.799888196561952000e+17
5.901096732194206720e+17
6.002710017610778880e+17
6.104780444227980800e+17
6.212205480390100480e+17
6.320620435581416960e+17
6.429735091783417600e+17
6.542759769701909760e+17
6.657209110517391360e+17
6.771485007322201600e+17
6.890114279559892480e+17
7.011498999883261440e+17
7.131976821997930240e+17
7.255569711117146880e+17
7.383170084149770240e+17
7.510556207420573440e+17
7.640232967115083520e+17
7.774803402814344960e+17
7.908368695488751360e+17
8.044572958067580160e+17
8.187030584753446400e+17
8.327897632167855360e+17
8.471917607700449280e+17
8.620378994510265600e+17
8.769598224714177280e+17
8.919084385070382080e+17
9.073947360551654400e+17
9.229232452876487680e+17
9.383376500778506240e+17
9.546666022057094400e+17
9.711624653932152320e+17
9.876087784469031680e+17
1.004904817781987072e+18
1.022519982670395776e+18
1.039629180670359680e+18
1.057321741655914624e+18
1.075600070139857920e+18
1.093729565393156736e+18
1.112447454413026688e+18
1.131894033376714368e+18
1.150857201970606080e+18
1.170468469006384896e+18
1.190760812480334080e+18
1.210925798518749440e+18
1.231714738812382976e+18
1.253286983551355136e+18
1.274556712266238464e+18
1.296062335516826112e+18
1.318696786111100672e+18
1.341301552352787968e+18
1.364213177496657920e+18
1.388266958525666816e+18
1.412199130920495872e+18
1.436322061746905088e+18
1.461390229316510720e+18
1.487042345518822656e+18
1.512485125812931072e+18
1.538905421856313344e+18
1.565892787620347648e+18
1.592396894812004352e+18
1.620097189865714432e+18
1.648369541085615616e+18
1.676428024960143104e+18
1.705267403050710528e+18
1.735169488564270080e+18
1.764903818687039488e+18
1.795593342062191360e+18
1.827240675376507648e+18
1.858620550430585856e+18
1.890536921390872576e+18
1.923567657643518976e+18
1.955898223152264960e+18
1.988756087375724032e+18
2.023807826080484608e+18
2.058484680173254912e+18
2.093564740969657856e+18
2.130685998673531136e+18
2.167593434754859264e+18
2.204493763191329536e+18
2.243257809016586752e+18
2.282433297926208512e+18
2.321354254695888896e+18
2.361573659170147840e+18
2.402877987747325952e+18
2.443632846589995520e+18
2.486179972835615232e+18
2.529642978153730560e+18
2.572177826958075904e+18
2.616509133643097088e+18
2.661784594844343296e+18
2.706636473591181312e+18
2.753392385803973632e+18
2.802141871748095488e+18
2.850325426803216896e+18
2.899425713345289216e+18
2.950820030178758656e+18
3.001912758263501824e+18
3.053629335276003840e+18
3.107785645436933120e+18
3.161748669685109248e+18
3.215789531604453888e+18
3.272030677978956288e+18
3.328464982838982656e+18
3.384819075640951296e+18
3.443234272431356416e+18
3.502868009613142016e+18
3.562768338657054720e+18
3.624907677295657472e+18
3.688459946982590976e+18
3.752186054296048128e+18
3.817191207095446528e+18
3.883552950033667584e+18
3.949654950406069760e+18
4.018273391685469184e+18
4.089021513764006400e+18
4.159839872600515584e+18
4.231580782627086336e+18
4.305482748956515328e+18
4.379348864712813056e+18
4.453868937045014528e+18
4.531433822275927040e+18
4.608907329435396608e+18
