9.972543023452922206e-01
9.972485044271872656e-01
9.871477722756144546e-01
9.777785423100255890e-01
9.697705714928922527e-01
9.619885553435936210e-01
9.545385740017985343e-01
9.465420966163567984e-01
9.384959148241135418e-01
9.308992020842769000e-01
9.232524042221609273e-01
9.154532787655502712e-01
9.078420645376450437e-01
9.001921850573074702e-01
8.928542947039245226e-01
8.857145996061556170e-01
8.789429379317033053e-01
8.723687136968955036e-01
8.653724015349120169e-01
8.582022246011160593e-01
8.512256189191015343e-01
8.440223929603900554e-01
8.368295497259207183e-01
8.299216475296391504e-01
8.228052087376263035e-01
8.162851742249785936e-01
8.102911633753171472e-01
8.038290123271066845e-01
7.979262048513034999e-01
7.919652668599692635e-01
7.860132390050330597e-01
7.803086551942906013e-01
7.743320442963158579e-01
7.687976309358940386e-01
7.626977962579412074e-01
7.571613824293204065e-01
7.519066321046531387e-01
7.458287801965923780e-01
7.402060575518106811e-01
7.348200370536362991e-01
7.294040019494620886e-01
7.240257568297858715e-01
7.186217649395914009e-01
7.137728966195588942e-01
7.087411765523610185e-01
7.034933048123228616e-01
6.986784889791685105e-01
6.938704031305960029e-01
6.888116318611393618e-01
6.839430868674511999e-01
6.793779285381943422e-01
6.748348579933579616e-01
6.699248245147851888e-01
6.652267567061117548e-01
6.607680940881173193e-01
6.557037573890183157e-01
6.513498578138749995e-01
6.470011813660950795e-01
6.423914503070996540e-01
6.382697781261466030e-01
6.336835770130642143e-01
6.293137775063311068e-01
6.251200925517472751e-01
6.207341699629951304e-01
6.167341040892551085e-01
6.129161994957661452e-01
6.089538595628085638e-01
6.050319449972813013e-01
6.011213519136087147e-01
5.973827924125211242e-01
5.937353930903472854e-01
5.897199094181153622e-01
5.858797669086125426e-01
5.824307269171474788e-01
5.789515433809679923e-01
5.751333968155826204e-01
5.714184582962430481e-01
5.680986224683021169e-01
5.645663284654952596e-01
5.607096383692832253e-01
5.574495397588934420e-01
5.542963926960273735e-01
5.505178010122344645e-01
5.472146752873877640e-01
5.441772410184433362e-01
5.405711378865124539e-01
5.373155994943700220e-01
5.344337002093665356e-01
5.312505914404490603e-01
5.282334029615368687e-01
5.254400069793482286e-01
5.224542869828623370e-01
5.196371757760358534e-01
5.168005886779873936e-01
5.136985888684861834e-01
5.109892935499613653e-01
5.079523232355527274e-01
5.050100388460169176e-01
5.024690146046969508e-01
4.996590004306365462e-01
4.971173849711786885e-01
4.947517017589500576e-01
4.924410947829947482e-01
4.901437031988073456e-01
4.878160946573685819e-01
4.856420954312052340e-01
4.834061400471215131e-01
4.811397392733182121e-01
4.790210258265254484e-01
4.768980722861120292e-01
4.746923638720570437e-01
4.726739612491301368e-01
4.707979609662171772e-01
4.686890210520296973e-01
4.666163870247173051e-01
4.647551135730357830e-01
4.626220600210134704e-01
4.604828082225992381e-01
4.586520322744510603e-01
4.565178234230227727e-01
4.543004242653581604e-01
4.522879642259355903e-01
4.500470428968710301e-01
4.479941428581042384e-01
4.460692775547082101e-01
4.440606758901920470e-01
4.422419335510482941e-01
4.405087529931290824e-01
4.387636040486879718e-01
4.370599554143842491e-01
4.355600133794276241e-01
4.340207270874977263e-01
4.323520239678357302e-01
4.310393357871266096e-01
4.297216887957278630e-01
4.281911677820853801e-01
4.268479094157683340e-01
4.256579462762420940e-01
4.242919068188948373e-01
4.229022970201500309e-01
4.217874556494242144e-01
4.205433372030072947e-01
4.192094316065497206e-01
4.181486337155877475e-01
4.169523214607804285e-01
4.156670456227077870e-01
4.145703181408300630e-01
4.133767469803353856e-01
4.120769046662234314e-01
4.109025074359678453e-01
4.096911189782329044e-01
4.083650102056369247e-01
4.071656725352078010e-01
4.060478970891749362e-01
4.047935083699144010e-01
4.037104350508229911e-01
4.028308598998797119e-01
4.017833983370043827e-01
4.008625551859491543e-01
4.002105144024060146e-01
3.993736719225811638e-01
3.985549789984607072e-01
3.980191328622593172e-01
3.972845897886309041e-01
3.965558195229471616e-01
3.960722793184380808e-01
3.953783749300073258e-01
3.947291018520196482e-01
3.942678158869000193e-01
3.936573632283015822e-01
3.930060331700043763e-01
3.925379982920810806e-01
3.920578469775840014e-01
3.914048334298472764e-01
3.909255918629508386e-01
3.905231979822977317e-01
3.899606375906874423e-01
3.896774116979262459e-01
3.893856883083621767e-01
3.889817450220308115e-01
3.889371826467636906e-01
3.888116515495694814e-01
3.885625806559431794e-01
3.886333827763363558e-01
3.886866212424816003e-01
3.885576805226014230e-01
3.886326380478865583e-01
3.888343471708832766e-01
3.888526349185044140e-01
3.889466049046139684e-01
3.892331028464973697e-01
3.894098567605752126e-01
3.895978334650129216e-01
3.899340321608316118e-01
3.902462993287099668e-01
3.905894123623561143e-01
3.910484123102388465e-01
3.914290843765483308e-01
3.918769451059119224e-01
3.924845326326850681e-01
3.929960030493991896e-01
3.935446510273081233e-01
3.943274067760995094e-01
3.950694207584664608e-01
3.957438190215912255e-01
3.967052497396622024e-01
3.976396941256508111e-01
3.984252563042016693e-01
3.995122562389116228e-01
4.005754003096450577e-01
4.014246579497174339e-01
4.025430371182900924e-01
4.037234876463323685e-01
4.046372812589297263e-01
4.057531639289116976e-01
4.070678314644563534e-01
4.081132936382234067e-01
4.092800608469235879e-01
4.107385613803272162e-01
4.119798083463800387e-01
4.132873772986960792e-01
4.149156346843170806e-01
4.163930699403684543e-01
4.178617447749928271e-01
4.196512765983947957e-01
4.213460040636738957e-01
4.229351648751209503e-01
4.248776470525728599e-01
4.267705234873396258e-01
4.284655475909144307e-01
4.305343675378027757e-01
4.326153070238183962e-01
4.344560628379068867e-01
4.366125298494320517e-01
4.388761578998695567e-01
4.408967966093498836e-01
4.431462040732987995e-01
4.456187864927705911e-01
4.478717783474329139e-01
4.502717298880153929e-01
4.529795323740798962e-01
4.554424789012194164e-01
4.580349670257222727e-01
4.609684655782300133e-01
4.636205444004795062e-01
4.663913453167277123e-01
4.695120972743996868e-01
4.723831693787592934e-01
4.753053710910568053e-01
4.786262411715019316e-01
4.817779880107887491e-01
4.848645194726520224e-01
4.883822627056909615e-01
4.917929480785099838e-01
4.950888938620462976e-01
4.987945416291155731e-01
5.024239470987721390e-01
5.059185951982753116e-01
5.097829073922294230e-01
5.136795174145365461e-01
5.173755220037962177e-01
5.213890487243454386e-01
5.255703003986984534e-01
5.294676731309844175e-01
5.336459306309601081e-01
5.381116212092542650e-01
5.422718139729626463e-01
5.466688064134281877e-01
5.514797598474634466e-01
5.560285682573309352e-01
5.607265586951590830e-01
5.659165918996457156e-01
5.708641988597039640e-01
5.758647233937012055e-01
5.813341056899675729e-01
5.866605390085587457e-01
5.919489523505794271e-01
5.977049973797217142e-01
6.033812603773712757e-01
6.089155194636085566e-01
6.149635037935320403e-01
6.210358985229494921e-01
6.268290100392071018e-01
6.331476803195376091e-01
6.396512098495094056e-01
6.457692711047582357e-01
6.523339054625796329e-01
6.592970984106782950e-01
6.658176186921914708e-01
6.726635845448908357e-01
6.801026084883011746e-01
6.870570835575110502e-01
6.942361162380594752e-01
7.021798990577131638e-01
7.096000669863017363e-01
7.171357368274005051e-01
7.255730314952129056e-01
7.335196252533408012e-01
7.414787474165459580e-01
7.503306798393338806e-01
7.587831663448394437e-01
7.671832604706374514e-01
7.764403645963019462e-01
7.854358389496377546e-01
7.942499859903792148e-01
8.039525282462067768e-01
8.136291238226119882e-01
8.229570464603962465e-01
8.330953223467463253e-01
8.434797846435988511e-01
8.534279853032782359e-01
8.640295008224228024e-01
8.750643484945388462e-01
8.857456836173694947e-01
8.968362481558850297e-01
9.084456605906695570e-01
9.198234894881474055e-01
9.315046207228615538e-01
9.436723711175089013e-01
9.556620027657083405e-01
9.679330421651771710e-01
9.806842468537791957e-01
9.933349666612926177e-01
1.006198762621375309e+00
1.019628853496094667e+00
1.033059324571031334e+00
1.046561375440484776e+00
1.060757860778456907e+00
1.075121359395986076e+00
1.089373625004696811e+00
1.104395512225598841e+00
1.119695348486012376e+00
1.134723070774921183e+00
1.150536082304955521e+00
1.166658995228005979e+00
1.182528985029262403e+00
1.199228158737169814e+00
1.216207082897756475e+00
1.232938354473447573e+00
1.250563639949359152e+00
1.268468185848115271e+00
1.286117987215872338e+00
1.304735864096042697e+00
1.323740269859278618e+00
1.342362312510573696e+00
1.361948250939355454e+00
1.382130773061926554e+00
1.401860572535634786e+00
1.422434672316925885e+00
1.443741946773834162e+00
1.464729301607361256e+00
1.486374161638741365e+00
1.508816361996593525e+00
1.531100235925096253e+00
1.553800835799746594e+00
1.577405351650624787e+00
1.601046335741790116e+00
1.624866042028103141e+00
1.649700455458991133e+00
1.674718700987632758e+00
1.699709545773871122e+00
1.725788895353913110e+00
1.752288734205003529e+00
1.778535939358292017e+00
1.805829873832167864e+00
1.833838251740739222e+00
1.861378760836031043e+00
1.889878774772565384e+00
1.919473156985056939e+00
1.948424168884797636e+00
1.978209136844412130e+00
2.009372728061944446e+00
2.039919526300723263e+00
2.071140749395377512e+00
2.103947322965256994e+00
2.136151303490819053e+00
2.169030753532791511e+00
2.203491217946923708e+00
2.237555948503099135e+00
2.272234948318363479e+00
2.308684293925971520e+00
2.344729755384027836e+00
2.381429745315625901e+00
2.420048079090213466e+00
2.458335127432281997e+00
2.497143141746364758e+00
2.537952222843628203e+00
2.578528114954796724e+00
2.619266341818399457e+00
2.662094641151341090e+00
2.705045234603667303e+00
2.747699507608874825e+00
2.792557306130433847e+00
2.837933071790749828e+00
2.882756802728648093e+00
2.929760352623760333e+00
2.977790255306384193e+00
3.025138593908996754e+00
3.074480790553586917e+00
3.125443253772165253e+00
3.175478836983532283e+00
3.227244502985850971e+00
3.281019043346488751e+00
3.334014300037261957e+00
3.388094064995736066e+00
3.444617501106876478e+00
3.500739737875012469e+00
3.557513419753105754e+00
3.616672184997457240e+00
3.676086388397977522e+00
3.735895776773066945e+00
3.798081165242339630e+00
3.860879284694000990e+00
3.923990344940669228e+00
3.989622945783888763e+00
4.055957225716562142e+00
4.122545356940823247e+00
4.192082337292231564e+00
4.262157111392920861e+00
4.332209551214653231e+00
4.405955330701034178e+00
4.480353767422623257e+00
4.554171804846177452e+00
4.632049022235016800e+00
4.711043921190082528e+00
4.789094695498423704e+00
4.870710037735801023e+00
4.954241383857191927e+00
5.036879699501248808e+00
5.122248178727306644e+00
5.210151827507644384e+00
5.297701468593799312e+00
5.387200539620286222e+00
5.479576470981983860e+00
5.571965662622210047e+00
5.665780000011601203e+00
5.762655556487634279e+00
5.860107601566950208e+00
5.958314902932984047e+00
6.059962379969939583e+00
6.162564410296720752e+00
6.265749760094174725e+00
6.372742297909753439e+00
6.481073494796410372e+00
6.589946196394587119e+00
6.702985323619130575e+00
6.817606388526154859e+00
6.932743627963907862e+00
7.052329818845374021e+00
7.173862145710490523e+00
7.295464222370052099e+00
7.421712631625401180e+00
7.550574319766991671e+00
7.678971780145887216e+00
7.811709694773409929e+00
7.947892961424615876e+00
8.083297365288716563e+00
8.222399636703009662e+00
8.366177024289898512e+00
8.508858793717093860e+00
8.654793199556669592e+00
8.806391381240224803e+00
8.957503480896814807e+00
9.110728280560925540e+00
9.270194230496151988e+00
9.430071742505447219e+00
9.591146937696318986e+00
9.759019267542790033e+00
9.927643185496455303e+00
1.009736738116378341e+01
1.027447404794346753e+01
1.045271318349628409e+01
1.063139170662976341e+01
1.081848353773985139e+01
1.100696816071593709e+01
1.119528617754089872e+01
1.139194551002124811e+01
1.159167180553099286e+01
1.179065798551009436e+01
1.199714876811091990e+01
1.220859324452240280e+01
1.241861699569003008e+01
1.263448031463581245e+01
1.285659874255420299e+01
1.307907313235904923e+01
1.330582258290798947e+01
1.353995200145102551e+01
1.377551541322553952e+01
1.401547138300906958e+01
1.426240426817235551e+01
1.451153729176824925e+01
1.476551505065952696e+01
1.502695805509524618e+01
1.529105949567130374e+01
1.556004432982490826e+01
1.583749552938397898e+01
1.611806319202911553e+01
1.640271958885218240e+01
1.669528245104120145e+01
1.699288601616640193e+01
1.729404859102925940e+01
1.760154740162056086e+01
1.791563464749538426e+01
1.823468346992333977e+01
1.855837751305391237e+01
1.889035660411591522e+01
1.922807288106242751e+01
1.957020456680136178e+01
1.992065245100405946e+01
2.027793149941487627e+01
2.064003075451796931e+01
2.101020790279079264e+01
2.138772951186503590e+01
2.176933601726351952e+01
2.215931524280237852e+01
2.255780471669183740e+01
2.295957246732212553e+01
2.337054955750813079e+01
2.379165389018731247e+01
2.421587799418497156e+01
2.464950028526463655e+01
2.509528205657902689e+01
2.554394178606164090e+01
2.600283715209375757e+01
2.647521285634526222e+01
2.695015860301952770e+01
2.743624821783792100e+01
2.793578529484603123e+01
2.843836013657047346e+01
2.895202815692539033e+01
2.948042009659589979e+01
3.001218189659043034e+01
3.055566355244093302e+01
3.111698682388914605e+01
3.168091359063831547e+01
3.225489907209636442e+01
3.284931603959468305e+01
3.344816725652412259e+01
3.405385214227868573e+01
3.468235058890669364e+01
3.531687635590000696e+01
3.595503778032178843e+01
3.661469556945392156e+01
3.728471638625528328e+01
3.795623481309077363e+01
3.864656964406238160e+01
3.935168308887020316e+01
4.005820530802823498e+01
4.078208919108720920e+01
4.152398822987480287e+01
4.226936996555774328e+01
4.303001198317485887e+01
4.381219441349166743e+01
4.460203362727757082e+01
4.540398232620400876e+01
4.623106121559287374e+01
4.706905693447102124e+01
4.791616889579457705e+01
4.879106797338501877e+01
4.967982565863071898e+01
5.057564822366374813e+01
5.150154775812926999e+01
5.244427935245499128e+01
5.339196439937295224e+01
5.437024498171425080e+01
5.536757343259996844e+01
5.636955761084871597e+01
5.740194563237265868e+01
5.845420423305814239e+01
5.951305040745472041e+01
6.060232806924789628e+01
6.171290408253929627e+01
6.283240651805878940e+01
6.398060646825263831e+01
6.515358468744356912e+01
6.633755952355029706e+01
6.754860914505292158e+01
6.878706828761986003e+01
7.003950177230636598e+01
7.131593160689024558e+01
7.262125573386452970e+01
7.394599054884820077e+01
7.529215028663254827e+01
7.666788251235746543e+01
7.806611970391813315e+01
7.948737688461763184e+01
8.093660070216600388e+01
8.240882630130090547e+01
8.390992112952415027e+01
8.543760307599382031e+01
8.698699089256356842e+01
8.856991119902360765e+01
9.018604907974189189e+01
9.182107223767019377e+01
9.349034125118760130e+01
9.520286491743331680e+01
9.692961588304987686e+01
9.868837808893172792e+01
1.005020263745416003e+02
1.023322562239090274e+02
1.041895359728576977e+02
1.061052602182688958e+02
1.080474686938088524e+02
