9.946367716306850904e-01
9.946234329049988832e-01
9.789342875306021874e-01
9.654656073065754907e-01
9.548194251281596490e-01
9.452594937492301286e-01
9.352276567574772104e-01
9.258543508378423992e-01
9.165856246731727275e-01
9.073103701986416914e-01
8.990864982865308663e-01
8.903586139261806531e-01
8.819634498929987965e-01
8.738750549750154972e-01
8.656346653904206656e-01
8.583579110386888589e-01
8.509192044516622477e-01
8.432880817005743435e-01
8.352061840433314677e-01
8.281015220929988097e-01
8.209608592132426885e-01
8.134651643253815179e-01
8.065244494436736300e-01
8.000644880810182658e-01
7.927475751601944509e-01
7.872287717599294465e-01
7.807588443660966604e-01
7.736113418845292911e-01
7.677897194833493977e-01
7.623093739072721586e-01
7.561334146644773657e-01
7.506307708921010624e-01
7.454930948298092996e-01
7.406795409952131592e-01
7.357034589845846684e-01
7.308802934115388172e-01
7.260572855123348379e-01
7.216565932378772308e-01
7.184545735738739891e-01
7.144975175748679019e-01
7.101777013026198127e-01
7.065418944322128247e-01
7.030595799409882218e-01
6.991654807474173561e-01
6.966469865493086777e-01
6.940802528354638179e-01
6.910890776356337639e-01
6.893013093225166532e-01
6.873303419404650505e-01
6.847704996093468832e-01
6.837425964573692339e-01
6.829330601955094782e-01
6.820865120770874812e-01
6.820185634706730227e-01
6.825586257674938206e-01
6.818730628090685641e-01
6.826277393484491141e-01
6.840819449472752556e-01
6.850732046598734248e-01
6.870608455967696093e-01
6.899171585661768580e-01
6.915631774896828787e-01
6.947310012992470307e-01
6.991445879609855529e-01
7.033325097953070371e-01
7.071972331869147421e-01
7.134599520090617597e-01
7.189149707110495946e-01
7.236568054382565007e-01
7.315173267432655280e-01
7.396914753715315705e-01
7.468710343264350904e-01
7.567445079725975132e-01
7.677857406707069288e-01
7.771610753279848405e-01
7.891779165437947663e-01
8.034169990757258351e-01
8.149940709521729110e-01
8.294940942573461040e-01
8.471063715785042136e-01
8.628472144957458623e-01
8.799270263524040514e-01
9.011444728683873917e-01
9.210300886336511006e-01
9.412941732443496079e-01
9.663132487519126013e-01
9.911972800024526631e-01
1.016537888053552940e+00
1.046871501224156065e+00
1.078620042660776157e+00
1.107982266147421679e+00
1.145109915768809161e+00
1.184435500657953000e+00
1.219929202122867373e+00
1.262028102486524972e+00
1.307067662040573230e+00
1.349828672375761762e+00
1.398775244612404656e+00
1.453139165709018465e+00
1.506479467378899928e+00
1.564407770964678646e+00
1.629947928290484294e+00
1.693768173997720394e+00
1.761284983343495592e+00
1.840028913027620394e+00
1.921050454200565527e+00
2.001257311021561680e+00
2.094230563716107163e+00
2.191235521798462038e+00
2.286925930795952411e+00
2.397435714785105088e+00
2.515036857505871914e+00
2.629852771450181148e+00
2.760780459747483651e+00
2.902572334191948045e+00
3.036973147626548908e+00
3.187202038749936683e+00
3.355893915964351049e+00
3.523608459313511077e+00
3.702871708384194438e+00
3.909036266065329723e+00
4.115483490685027057e+00
4.325104022742408461e+00
4.567650744700754828e+00
4.813223123787662594e+00
5.061425458800680843e+00
5.346676671876880782e+00
5.647057474398659238e+00
5.944863401166757377e+00
6.280950104032149817e+00
6.642134000828396445e+00
6.990783777617637362e+00
7.380283630268745121e+00
7.810970104069733466e+00
8.232664934700029136e+00
8.685654926875482573e+00
9.186460850921736920e+00
9.680631748592565700e+00
1.021615279241471974e+01
1.082051772332606276e+01
1.142751001226894836e+01
1.206779497210089680e+01
1.279675655259267053e+01
1.351174253798418157e+01
1.424363130080784146e+01
1.508640770947641307e+01
1.595726027166417715e+01
1.685960365867506994e+01
1.789163985508784549e+01
1.894797838053574424e+01
2.001342784541797570e+01
2.121173551948062297e+01
2.246749716220146453e+01
2.373213873382746542e+01
2.514002609632195728e+01
2.667255043876236797e+01
2.823755271558488289e+01
2.995893678083728773e+01
3.186300375204665869e+01
3.372585399702256126e+01
3.574653204676048546e+01
3.796611305213058074e+01
4.016750233339448783e+01
4.251605718108936571e+01
4.518211397917583128e+01
4.783656035519708638e+01
5.059516608566096352e+01
5.380276418968154672e+01
5.701119858695274445e+01
6.028376590624615972e+01
6.403129218534758138e+01
6.799613091845104407e+01
7.197786763796626985e+01
7.625001540669479994e+01
8.086425138177335725e+01
8.549975066292350334e+01
9.063987482073710567e+01
9.631501216852657876e+01
1.020390821179059344e+02
1.082677744981421029e+02
1.151288665539266134e+02
1.219992263908176966e+02
1.293865054603230078e+02
1.376331653824201453e+02
1.461766305869317080e+02
1.550923861667609174e+02
1.650955828704938710e+02
1.750956581989406686e+02
1.854511073135280412e+02
1.971872746044553821e+02
2.091537994549441351e+02
2.214836749706407204e+02
2.355342837467182164e+02
2.503633554944062496e+02
2.651672881261607699e+02
2.824138638855048953e+02
3.007750699287057046e+02
3.190264590434392744e+02
3.392357055569024737e+02
3.607987514157537703e+02
3.826973696331747306e+02
4.058191226559920892e+02
4.313030609914927140e+02
4.572754495379167565e+02
4.843804616558196585e+02
5.147902366655745254e+02
5.456281719934140710e+02
5.793854506097206922e+02
6.172283363115200245e+02
6.562262533345851807e+02
6.966911049973704166e+02
7.411982065780940729e+02
7.875173521987368304e+02
8.362929290955803481e+02
8.892293485268016866e+02
9.453458683604978887e+02
1.003725520659476160e+03
1.068155892145263124e+03
1.134854119131975949e+03
1.205546563885023716e+03
1.283866986392938543e+03
1.363556469133435030e+03
1.444773331419288752e+03
1.534916170508235382e+03
1.629691594916482700e+03
1.730289166565242340e+03
1.840065381366014662e+03
1.959389165440881015e+03
2.080234424965274229e+03
2.212230508026697407e+03
2.351488870176690398e+03
2.497639926398270745e+03
2.655500655799475226e+03
2.826782175018437556e+03
3.002629104345627184e+03
3.190737504259078378e+03
3.394512011275318855e+03
3.603686147953994805e+03
3.824884899976791075e+03
4.066859577093160169e+03
4.329485713915721135e+03
4.604490343867643787e+03
4.908295350291386967e+03
5.225694116331485930e+03
5.551405406345500523e+03
5.908604400097486177e+03
6.290019883105697772e+03
6.685962870890450176e+03
7.103416120168741145e+03
7.551584626195284727e+03
8.009568766236296142e+03
8.523284198059238406e+03
9.074969853499072997e+03
9.648325014573720182e+03
1.026585319801882542e+04
1.093632025796655580e+04
1.164359302481149098e+04
1.237177871633938776e+04
1.317417670845041903e+04
1.401217804877138406e+04
1.488955671437176352e+04
1.584834992766450887e+04
1.684090439080838405e+04
1.788973728581886098e+04
1.904303902424083935e+04
2.028539231650059446e+04
2.158709783870858155e+04
2.301729498914103897e+04
2.451403276816131620e+04
2.612164233251667974e+04
2.780519395899118899e+04
2.961683053815008680e+04
3.150567196071935541e+04
3.355746950167891919e+04
3.579874799486918346e+04
3.807824995103813126e+04
4.047937335451277613e+04
4.313675114141515223e+04
4.588930063150189380e+04
4.884468366201524623e+04
5.208373307839495101e+04
5.542662852336031938e+04
5.896617963378271816e+04
6.279098746833789482e+04
6.668649696115188999e+04
7.091979446715481754e+04
7.557911026067294006e+04
8.039474907319214253e+04
8.548680139967567811e+04
9.107652366858076130e+04
9.695822634853360069e+04
1.029857635722694249e+05
1.097704475839686202e+05
1.169198292611492798e+05
1.244891139005774457e+05
1.327680527105540095e+05
1.414114366272945481e+05
1.505738617286438239e+05
1.603425982174678938e+05
1.708444225896374264e+05
1.819938448411309218e+05
1.937496056964107556e+05
2.063377086682091758e+05
2.193328677763602172e+05
2.334501555327659589e+05
2.492756537325607496e+05
2.652985178806014592e+05
2.823862291316656629e+05
3.013132526028866996e+05
3.212544769940024707e+05
3.421097833176483982e+05
3.646264867223236943e+05
3.880456408673656988e+05
4.130627475988968508e+05
4.405906362954268698e+05
4.689792766739061335e+05
4.991639593121857033e+05
5.322298289633974200e+05
5.668601580409086309e+05
6.030836460320473416e+05
6.433638388332094764e+05
6.842807246100014308e+05
7.281528707163324580e+05
7.758797133281319402e+05
8.256489941280742642e+05
8.794812972323169233e+05
9.371682635171930306e+05
9.979796598468410084e+05
1.064031948456323473e+06
1.132941370949437143e+06
1.206922355067055207e+06
1.283482292927667499e+06
1.366605376230361406e+06
1.457197713273179252e+06
1.555125244538448751e+06
1.653828136554417899e+06
1.762181158889377257e+06
1.874666356994814705e+06
1.992623459556740476e+06
2.126073960538336542e+06
2.263711837971208151e+06
2.405763218072392978e+06
2.555585540660997387e+06
2.719639531303756405e+06
2.895342232846193947e+06
3.073401841022301000e+06
3.266471820515062194e+06
3.471269661126841325e+06
3.698779196538549848e+06
3.941952492391726933e+06
4.201834356940478086e+06
4.477108370307190344e+06
4.765468037287490442e+06
5.074710613118056208e+06
5.405721000336574391e+06
5.760650821822609752e+06
6.133354707815672271e+06
6.541596146436452866e+06
6.977043528573676944e+06
7.424349766751011834e+06
7.913717520404466428e+06
8.439839621258435771e+06
8.985548612846663222e+06
9.558946093522291631e+06
1.018528690494479984e+07
1.085699473990422115e+07
1.156804067691457085e+07
1.232087692606584541e+07
1.311395940910405479e+07
1.397148096827002615e+07
1.486385635902700014e+07
1.582567581648631766e+07
1.683295439205211028e+07
1.793586853436816111e+07
1.905789405259447172e+07
2.028850414846313000e+07
2.159573182488338649e+07
2.296817209704903513e+07
2.444014557351888344e+07
2.596968228754579276e+07
2.766593969721066579e+07
2.939482298397285864e+07
3.122940937873370945e+07
3.324822746275579929e+07
3.538254641749836504e+07
3.767794811565073580e+07
4.012096850604508072e+07
4.271146498604826629e+07
4.546655878225795180e+07
4.846084016353638470e+07
5.160152102757355571e+07
5.496356166349909455e+07
5.852935038995428383e+07
6.229924679937493801e+07
6.630244993429599702e+07
7.063121265918245912e+07
7.521412622305001318e+07
8.015388847279162705e+07
8.543031502696517110e+07
9.101776617173771560e+07
9.690772994259084761e+07
1.033339772187749147e+08
1.101119239001912624e+08
1.172224881684257537e+08
1.246794173380471170e+08
1.328253401411456466e+08
1.414622494057053328e+08
1.508544591231097281e+08
1.608847968384608924e+08
1.715727924605416656e+08
1.830644861781107485e+08
1.949514165128709674e+08
2.074098874082456231e+08
2.209578870729562342e+08
2.354771216943519115e+08
2.508114050538347960e+08
2.670555007682975233e+08
2.851889478989148140e+08
3.044297281691104770e+08
3.248598129570509195e+08
3.471622006467183828e+08
3.702214148106690049e+08
3.954567360421977639e+08
4.220151004725828767e+08
4.495801935442174077e+08
4.790097609963976145e+08
5.111767279726760387e+08
5.447061386587244272e+08
5.806251896829035282e+08
6.197311220341012478e+08
6.603288644278913736e+08
7.032276353831938505e+08
7.495162404767733812e+08
7.991586441663087606e+08
8.503505261836707592e+08
9.069621484653637409e+08
9.676501745802869797e+08
1.030785097295127988e+09
1.099097744979134798e+09
1.172112826578407049e+09
1.248458331010671139e+09
1.331707310586716652e+09
1.418839257244264364e+09
1.508491001508378506e+09
1.606798000646726370e+09
1.713387474307025433e+09
1.826244680834273338e+09
1.942759535472026825e+09
2.069557991169085503e+09
2.204722932105168819e+09
2.344253201845665455e+09
2.495158739143875122e+09
2.663462673518767834e+09
2.842527432059638023e+09
3.035816563673218250e+09
3.236476573854872704e+09
3.447307513451928139e+09
3.672531406195009232e+09
3.913066157330993176e+09
4.162314038128969669e+09
4.426047753025676727e+09
4.723583451078997612e+09
5.027857231011733055e+09
5.351082298525504112e+09
5.701681265172248840e+09
6.071905749872137070e+09
6.456349366808561325e+09
6.874913352769289017e+09
7.331479001837663651e+09
7.808236985944707870e+09
8.327747911706089973e+09
8.857746339506168365e+09
9.422484599918527603e+09
1.002892432765263748e+10
1.067547885200771713e+10
1.136658788896533966e+10
1.209960513828664970e+10
1.287585339110162354e+10
1.371080641123189926e+10
1.463312621653257751e+10
1.558565163888139725e+10
1.660985344568307686e+10
1.773341316513444519e+10
1.896642821448080063e+10
2.023567044333363724e+10
2.160351998763666534e+10
2.304622827055333710e+10
2.448691199997544098e+10
2.616373563042912674e+10
2.789224203530826569e+10
2.968522989055397415e+10
3.168360688469562912e+10
3.380786636115661240e+10
3.603427058794765472e+10
3.836951733487846375e+10
4.089455887741984558e+10
4.361016176107981873e+10
4.648553542698992157e+10
4.955140649162934113e+10
5.286834179256410217e+10
5.638258013293725586e+10
6.010166826838832092e+10
6.412834077140997314e+10
6.837041125362000275e+10
7.285501646105816650e+10
7.777218820255513000e+10
8.280700183985401917e+10
8.827233732853605652e+10
9.410128579833410645e+10
1.001351817242682037e+11
1.067943855782615662e+11
1.139288351150555115e+11
1.215267969554774323e+11
1.298893921119933472e+11
1.388035439486432190e+11
1.479921059803640442e+11
1.582581329243340759e+11
1.690225489803882141e+11
1.796926291891988525e+11
1.920747665966196289e+11
2.053652829344969177e+11
2.189262550441118774e+11
2.339312073938144836e+11
2.499377098924147949e+11
2.660034155662740479e+11
2.835935192927648926e+11
3.024854504541048584e+11
3.224686380518074341e+11
3.437480464737572632e+11
3.675679060280477295e+11
3.916056232598059082e+11
4.163429076782352295e+11
4.441908940872979126e+11
4.725097184509822388e+11
5.015638795384755859e+11
5.355426763717914429e+11
5.710789912143652344e+11
6.075790139079696045e+11
6.473030017194989014e+11
6.914077927890917969e+11
7.365771128598536377e+11
7.870985666951145020e+11
8.402613796143514404e+11
8.946914181572840576e+11
9.543289956576322021e+11
1.019347459972657104e+12
1.087664174791019165e+12
1.161020012194714600e+12
1.240060708063783447e+12
1.322987373042418701e+12
1.409506853584680420e+12
1.501795355425033447e+12
1.599661358998633057e+12
1.703693716539249268e+12
1.813969583527294189e+12
1.929272099588870605e+12
2.051521942010592285e+12
2.169707747858912109e+12
2.306036778075062988e+12
2.456877735248010742e+12
2.611787206744790527e+12
2.783222611097713379e+12
2.966621642155876953e+12
3.163153769660555664e+12
3.371034525087982422e+12
3.589455752481498047e+12
3.825280259257710449e+12
4.075996149639138184e+12
4.338274229206839355e+12
4.627328356755805664e+12
4.931822985586435547e+12
5.258080712683321289e+12
5.604971029018045898e+12
5.960553499935733398e+12
6.359522276739944336e+12
6.779534191389716797e+12
7.231873673535915039e+12
7.701194927865688477e+12
8.206755188719913086e+12
8.765422836744594727e+12
9.334262743096470703e+12
9.928415751615337891e+12
1.060444419491841992e+13
1.127847564837667773e+13
1.197608693428106641e+13
1.276415494675628711e+13
1.357939747098705664e+13
1.443484191388684766e+13
1.536035195267176758e+13
1.631343911908080469e+13
1.734983083083440430e+13
1.842931369132121484e+13
1.958213169201764453e+13
2.086005399786260547e+13
2.220577694868012109e+13
2.362820834335968359e+13
2.514945681525629688e+13
2.679758769741252734e+13
2.854342281049916016e+13
3.039230360342087891e+13
3.239918017546781641e+13
3.449036163292514844e+13
3.669987335594079688e+13
