9.710517579575508318e-01
9.711451471904589683e-01
9.214878660688703427e-01
8.776486926921066578e-01
8.374523229815303837e-01
8.019932196042308670e-01
7.692685726409654867e-01
7.362234133535586755e-01
7.082006621497606291e-01
6.794698285386614467e-01
6.516358409857854195e-01
6.251263619848979047e-01
5.994249522034819089e-01
5.755376890543059121e-01
5.520075166468655370e-01
5.314961550284220682e-01
5.109871683780278229e-01
4.892655215323885587e-01
4.695581679694396660e-01
4.508225865106659236e-01
4.326191515017835942e-01
4.134808677553099554e-01
3.965997500309052515e-01
3.805332985870595874e-01
3.660838838777168980e-01
3.521841923870774882e-01
3.376866157248243350e-01
3.245326331887534721e-01
3.112132105340320032e-01
2.985428802892259870e-01
2.873737277868501638e-01
2.758221543953006116e-01
2.646712523798973593e-01
2.547862056068477266e-01
2.452514471654480277e-01
2.352063493487635826e-01
2.264597687245911428e-01
2.170128387930536917e-01
2.081784816439848917e-01
2.007482913796978796e-01
1.929730860288327854e-01
1.857622143172342200e-01
1.797540603572231055e-01
1.732423789667665026e-01
1.669114199077592064e-01
1.611765896122813180e-01
1.554642972740645501e-01
1.499914093222925737e-01
1.450622925579356515e-01
1.402594755851495067e-01
1.350610189673378259e-01
1.302796989882906986e-01
1.256637280064574480e-01
1.210946119425358736e-01
1.167005906742799304e-01
1.129808947970931676e-01
1.092296569286574509e-01
1.050146342355419010e-01
1.017181604238819870e-01
9.843114930920895955e-02
9.518877818618862174e-02
9.221836887811604710e-02
8.930128471299705883e-02
8.613436224342727043e-02
8.338838396384652685e-02
8.086860941636840605e-02
7.819286608747333389e-02
7.586117662698009523e-02
7.343699803399006409e-02
7.097285877671652421e-02
6.879385658869316411e-02
6.651254981466057925e-02
6.412379482849933643e-02
6.217075233556442621e-02
6.034073009898553719e-02
5.837473272170187744e-02
5.657900551909136877e-02
5.486576917912984463e-02
5.292864210909545980e-02
5.119743628097263993e-02
4.972872523078926410e-02
4.840617137065786335e-02
4.709721290047214071e-02
4.576724348088014732e-02
4.447586073299288761e-02
4.311111176269787765e-02
4.202722865372576777e-02
4.096990616405227909e-02
3.971351637396827727e-02
3.870229891250286103e-02
3.765098798002828456e-02
3.652964821164654541e-02
3.561247689552098777e-02
3.469794527705851589e-02
3.371920091794536334e-02
3.278612245114709972e-02
3.200963015791866151e-02
3.114120801903386831e-02
3.037827200135341521e-02
2.967491395370509474e-02
2.887328165962498722e-02
2.814516077445788564e-02
2.756836494355626929e-02
2.686612719973002425e-02
2.622087479069834179e-02
2.571251346924161713e-02
2.506964989271109889e-02
2.441360990168537151e-02
2.389261532542697256e-02
2.331337272367199967e-02
2.269709609178342455e-02
2.222417670263971204e-02
2.170011378684118600e-02
2.114353505699261351e-02
2.074134194274079163e-02
2.029975092293602457e-02
1.979991854929075493e-02
1.942046702466511052e-02
1.903683561761435744e-02
1.856634597163349734e-02
1.819488866398259741e-02
1.784469599622206040e-02
1.747945171048328333e-02
