9.710517579575508318e-01
9.711451471904589683e-01
7.963888782757897467e-01
6.815316168163019217e-01
6.052202133963708874e-01
5.480609196984250753e-01
4.996403027413249820e-01
4.535421552904229103e-01
4.247877397801561594e-01
4.005842227173740944e-01
3.833196922406186813e-01
3.652060929524514332e-01
3.432308983608201580e-01
3.284049726748460296e-01
3.471088090136738580e-01
3.832351887746835439e-01
3.969239657640738494e-01
3.828391231323308164e-01
3.301867036289348190e-01
2.770872512354012329e-01
2.686254114028182594e-01
2.807449716560390662e-01
3.147233292851562281e-01
3.996194755106217134e-01
5.178698889975797970e-01
5.852855302418639161e-01
6.055464552553014856e-01
4.777046782903172639e-01
4.201162339449497907e-01
4.807988728726139138e-01
5.184302796873635488e-01
5.222976371150622743e-01
4.843052296248340771e-01
3.682494647413175892e-01
2.716220195804431858e-01
2.674199489716121425e-01
2.727433438335896687e-01
3.063583155976182248e-01
4.056372759362270042e-01
4.675837027281785074e-01
4.259351923826545372e-01
3.270628977439841711e-01
1.975319744830319746e-01
1.727459368565139319e-01
1.491953973362766250e-01
1.113653238779212101e-01
9.706057868785669673e-02
9.340775982095925190e-02
9.263919726152726464e-02
9.130939986486467930e-02
9.009004818170274209e-02
8.766336742953367844e-02
8.539866069603625764e-02
8.514538108489008716e-02
8.431600564795695141e-02
8.114054884319868433e-02
8.045149299074677574e-02
8.013710792063848121e-02
7.834270017619579529e-02
7.838519806815370805e-02
7.895500206752066596e-02
7.789313146234561058e-02
7.804352288308584462e-02
7.980021425333394536e-02
7.889677432870602358e-02
7.849209567496534534e-02
7.978620520821534667e-02
7.877124870642941701e-02
7.724043908360665733e-02
7.946019093748557527e-02
8.085702981037889980e-02
8.013316964318555058e-02
8.205943708887526722e-02
8.356707986009935529e-02
8.318986175305251307e-02
8.322774334441596089e-02
8.448429473561058778e-02
8.478165893484229665e-02
8.431235227138206278e-02
8.441959743354672530e-02
8.529762378216967922e-02
8.453997402468753364e-02
8.602118588132048882e-02
8.670347227768100684e-02
8.498154655519388201e-02
8.554945355574393451e-02
8.566764769148819958e-02
8.548764165531150261e-02
8.723380331905532248e-02
9.010057846041900909e-02
9.222049276484996227e-02
9.128691314344927754e-02
9.267836854135373670e-02
9.548328958026490454e-02
9.493272919331273429e-02
9.737026773222891285e-02
1.017105335313417402e-01
1.031094998273418689e-01
1.053847378698242188e-01
1.081146976648787866e-01
1.109673676625373973e-01
1.143828434156382579e-01
1.197582530454859573e-01
1.250832043412148653e-01
1.275125627488494506e-01
1.307077913281087522e-01
1.322303601808450246e-01
1.292270218841477525e-01
1.263118883332598474e-01
1.252451523434454650e-01
1.207528325179956091e-01
1.201005310454982683e-01
1.182974758235158519e-01
1.142527854891065564e-01
1.100529047797748211e-01
1.053147201576833530e-01
1.031800768273711255e-01
1.011524957724246054e-01
1.003500736972422619e-01
1.015277297315521077e-01
1.016066766653525161e-01
1.030484760302735614e-01
1.060348398462206410e-01
