9.972543023452922206e-01
9.972485044271872656e-01
9.871476656824791363e-01
9.777875149650656628e-01
9.697769939478513290e-01
9.619333534064897773e-01
9.544312839294706308e-01
9.464293720218263095e-01
9.383295943612177670e-01
9.307147421917714158e-01
9.231289570809735334e-01
9.154030481599743085e-01
9.076911329813414087e-01
8.998090421902021907e-01
8.923206089954766052e-01
8.852447755473765723e-01
8.785515647393976613e-01
8.719451913527925813e-01
8.650977718954457885e-01
8.577217907905939631e-01
8.502577078667223898e-01
8.429546021760080388e-01
8.356240618314343394e-01
8.291476726375646145e-01
8.220902832384164860e-01
8.155175101569616114e-01
8.096415258889156918e-01
8.028400920250816641e-01
7.969148256577440748e-01
7.905838265629828721e-01
7.840203916649955973e-01
7.780354501840495152e-01
7.721134861268333927e-01
7.663767401467607154e-01
7.606563089966908997e-01
7.549609679753416236e-01
7.494772392516592108e-01
7.435283813530021435e-01
7.375744482245641942e-01
7.320843510348925554e-01
7.265506048985140852e-01
7.206967405362880719e-01
7.152864265385845410e-01
7.095095419028958350e-01
7.039955508804615070e-01
6.987880019411085719e-01
6.937347602183500106e-01
6.885720994424382457e-01
6.833514431807344858e-01
6.780147076955401753e-01
6.728907559209817979e-01
6.679304542199971939e-01
6.628235931156447602e-01
6.577073466195544338e-01
6.526667570691340181e-01
6.475120840274444234e-01
6.427698045477914235e-01
6.380469756410216409e-01
6.334958021531317263e-01
6.289307752564219367e-01
6.245044968958968212e-01
6.205261556372883014e-01
6.159465931381966630e-01
6.114958197892610414e-01
6.074200683797921219e-01
6.035767592967744566e-01
5.994652506046028728e-01
5.953786321830405459e-01
5.915650996409366202e-01
5.877040349919923079e-01
5.837139994819177113e-01
5.799562551452227543e-01
5.760166603608205538e-01
5.720261000437640853e-01
5.682082161994409519e-01
5.647055421997008162e-01
5.612219791187683660e-01
5.578537503614002802e-01
5.545722718644512383e-01
5.510942590401722851e-01
5.480692685522537966e-01
5.448418564176263912e-01
5.411061077925649609e-01
5.377532933307987983e-01
5.344658525594836451e-01
5.310882336227168432e-01
5.274086881946083993e-01
5.240416515445702750e-01
5.209719623690000079e-01
5.175545571473689765e-01
5.140465593025610458e-01
5.107814703745788831e-01
5.074432548153907652e-01
5.040724848208745223e-01
5.006004524387437371e-01
4.972407560816262118e-01
4.939061813160626202e-01
4.904476763274993045e-01
4.870320073256236282e-01
4.839549462433396787e-01
4.808292548809426359e-01
4.775348765249133320e-01
4.745403719831702283e-01
4.718742878422425568e-01
4.689695354144587380e-01
4.659539399828544481e-01
4.632724399519593805e-01
4.603327904824423555e-01
4.576268285607388853e-01
4.549613261843033496e-01
4.521815928160065612e-01
4.495227269230708811e-01
4.468648257744981533e-01
4.445122234812979856e-01
4.418781291323201077e-01
4.390989074229766920e-01
4.365977381582334949e-01
4.341607601875456801e-01
4.316461565220932051e-01
4.292221443144326187e-01
4.270019141894678127e-01
4.246738888182935989e-01
4.224812316256961187e-01
4.202608833890105200e-01
4.180444350794262354e-01
4.160397715721609879e-01
4.139166994610258277e-01
4.117283726934969912e-01
4.097341725186059436e-01
4.078010180619452418e-01
4.058798619801431973e-01
4.039523694469401849e-01
4.021605623838653831e-01
4.003067839167270825e-01
3.984569248266233155e-01
3.965006156816007765e-01
3.944815836180082247e-01
3.926623321155916502e-01
3.906915959707040753e-01
3.886798023854828865e-01
3.867604291613201406e-01
3.848873513353200937e-01
3.829798409888707234e-01
3.810497007075648868e-01
3.793427005466688540e-01
3.776621928104814674e-01
3.759827923374256531e-01
3.745063632250934527e-01
3.730349484491547463e-01
3.715569448160789823e-01
3.701578285641917154e-01
3.688000261836082427e-01
3.673902991515556327e-01
3.660344903988393961e-01
3.647346708308679131e-01
3.634414314169466809e-01
3.621029922764271713e-01
3.608925097485780054e-01
3.596971547393110202e-01
3.584311309751735952e-01
3.572230947357101782e-01
3.560734755056552125e-01
3.548005541260021434e-01
3.536179435889812428e-01
3.524956478779872615e-01
3.511906993557375456e-01
3.501641321607033563e-01
3.490863176800687029e-01
3.477376432513615834e-01
3.468603601738187159e-01
3.458389531788935711e-01
3.445901440150704320e-01
3.437672060190006262e-01
3.428111675853474094e-01
3.417893073901223655e-01
3.409612393921491180e-01
3.401293499880037041e-01
3.391991098961299467e-01
3.382517537839385691e-01
3.374514882885567002e-01
3.365872205979759113e-01
3.356919502939174071e-01
3.350046397822080135e-01
3.343233499550584686e-01
3.336156930068191473e-01
3.330952383205318945e-01
3.325438574019488058e-01
3.319397383678698299e-01
3.315136160645047458e-01
3.310408116058428662e-01
3.304999715380804171e-01
3.301306213157918501e-01
3.296641020043137305e-01
3.290959868557316592e-01
3.287095502337188391e-01
3.282647344577185322e-01
3.277445933603302941e-01
3.274263062072939601e-01
3.270978233740750585e-01
3.267133054352280852e-01
3.264834801795072350e-01
3.262956581513702936e-01
3.260559810749680265e-01
3.258726554704337586e-01
3.257759793900164569e-01
3.256594796151092708e-01
3.254829189518588795e-01
3.254690692820594311e-01
3.254284987498645698e-01
3.253043219452415036e-01
3.253704797657531178e-01
3.253765023820552327e-01
3.252854599834762439e-01
3.253900675794623720e-01
3.254689795806867125e-01
3.254398268973638375e-01
3.255651235421569423e-01
3.257684293518237628e-01
3.258537175518769757e-01
3.260809171967186670e-01
3.263925597576608495e-01
3.265420666406788630e-01
3.268282948313478986e-01
3.272736146744913976e-01
3.275399295887868045e-01
3.278613246816376448e-01
3.284414476906861169e-01
3.289881492582641398e-01
3.293895859330630560e-01
3.299938674628176138e-01
3.306613879661723376e-01
3.311243403474305458e-01
3.318288828925943235e-01
3.325058605137530265e-01
3.329876989578789970e-01
3.337857088608979228e-01
3.346365286953641438e-01
3.352535751546922849e-01
3.360305909250889123e-01
3.369977786934884034e-01
3.378094082803093645e-01
3.385626730713817700e-01
3.395540084930426250e-01
3.404836356158113531e-01
3.412978491315289964e-01
3.423239532795431805e-01
3.433141910569422750e-01
3.442488318195691122e-01
3.453565974260744964e-01
3.463746253622457805e-01
3.474398790269057069e-01
3.486955400793365634e-01
3.497462658513788014e-01
3.509028295933198094e-01
3.523385140805824767e-01
3.535414490446636138e-01
3.547793702548968642e-01
3.563081710332181573e-01
3.577290748578476065e-01
3.591291037730697799e-01
3.607253888764696548e-01
3.624164129894118513e-01
3.640498174806470200e-01
3.657846878806264579e-01
3.677086796277086456e-01
3.695141785819281988e-01
3.713820508517868269e-01
3.734607715615024803e-01
3.753153551638648833e-01
3.772605226433464742e-01
3.794925104971633711e-01
3.814781532814024989e-01
3.835201415710893791e-01
3.859069709023345562e-01
3.881287935542414580e-01
3.903289941292454324e-01
3.928684582124933322e-01
3.953726049868279135e-01
3.977264779099736747e-01
4.003929058129719332e-01
4.030967104245720134e-01
4.055899040229264951e-01
4.083450197018012040e-01
4.112271246032315197e-01
4.138445053718142752e-01
4.167076802022426363e-01
4.198045922918859918e-01
4.225605253470698375e-01
4.255060361126193902e-01
4.287669300420481333e-01
4.317025340218947349e-01
4.347813209555144165e-01
4.382657039478528582e-01
4.414424576748083306e-01
4.446555071367463974e-01
4.483061581526703310e-01
4.517238280768582914e-01
4.549779209546691572e-01
4.587089561224558798e-01
4.623341033101315833e-01
4.656872711517862085e-01
4.694658022384309293e-01
4.733060453066362250e-01
4.769089285216073226e-01
4.808802137743831140e-01
4.850676192144715015e-01
4.890463138915682184e-01
4.933212143207411637e-01
4.978585266259356046e-01
5.021683873947953014e-01
5.067273153068017066e-01
5.115356308641237915e-01
5.160879107503130170e-01
5.208582757117791173e-01
5.259344739057996154e-01
5.307062914219982108e-01
5.356417940793849475e-01
5.409559301622135497e-01
5.459734472295627583e-01
5.511197439704349499e-01
5.567674666725922483e-01
5.621166022460315492e-01
5.675496592870828971e-01
5.735468185178318468e-01
5.794309329447969725e-01
5.852172087137745837e-01
5.914592059339848218e-01
5.977846634339847309e-01
6.039417453256628043e-01
6.103687005162526935e-01
6.170520237414149900e-01
6.236157358300222775e-01
6.303586434794677951e-01
6.374830744574322416e-01
6.444347209062624149e-01
6.516608386088762472e-01
6.593127273286828460e-01
6.666646768744370899e-01
6.743428137770399733e-01
6.824441808721093405e-01
6.901880987555844005e-01
6.982706747022715543e-01
7.068156369583726839e-01
7.150444868390883890e-01
7.235097337801642547e-01
7.324532536231507240e-01
7.412787555330108136e-01
7.501769528130409759e-01
7.595342909872099257e-01
7.689242642864686506e-01
7.782880915652541365e-01
7.880951667334906707e-01
7.979926511161070657e-01
8.077821651996198726e-01
8.180542130019460290e-01
8.285968352413143334e-01
8.388011829132370201e-01
8.495743070157499854e-01
8.608179055554786574e-01
8.715553967963951543e-01
8.827029843531707387e-01
8.946069812839083646e-01
9.060006806252862699e-01
9.175364198271294125e-01
9.299733038755311210e-01
9.420844038527688147e-01
9.540542545197069346e-01
9.670158994665069008e-01
9.798608399181758521e-01
9.923765785278008122e-01
1.005791132776866048e+00
1.019408376250090509e+00
1.032567329217024765e+00
1.046463218900394621e+00
1.060726556687965783e+00
1.074476098751638409e+00
1.088697035512909306e+00
1.103627605708617843e+00
1.118036684483583620e+00
1.132979187010514810e+00
1.148731082788753133e+00
1.164051422002382097e+00
1.179946354213304849e+00
1.196750654454379559e+00
1.213227877409081890e+00
1.229922270547449070e+00
1.247592908205161111e+00
1.265226701244401175e+00
1.282733792649206839e+00
1.301182831746092949e+00
1.319896837938590028e+00
1.338337741360814626e+00
1.357699938543866613e+00
1.377462154547698159e+00
1.397025905783097599e+00
1.417451206027045219e+00
1.438384579250467921e+00
1.459095025549920877e+00
1.480738631432195085e+00
1.503100075116280632e+00
1.525049783649625512e+00
1.548004565990869885e+00
1.571895787574159709e+00
1.595154914897821241e+00
1.619406530056850091e+00
1.644752300647382981e+00
1.669209176578365650e+00
1.694732323643112437e+00
1.721263411776239094e+00
1.746931840643200617e+00
1.773717184710569716e+00
1.801615585237163142e+00
1.828842068576902680e+00
1.856845998299881950e+00
1.886412779056022782e+00
1.915571135193171903e+00
1.944824006178554887e+00
1.975878586641400148e+00
2.007128217642264456e+00
2.037717356411318903e+00
2.070203152217239495e+00
2.103633812295250038e+00
2.135987189497940086e+00
2.170095384438433417e+00
2.205624659569446422e+00
2.239619655083236793e+00
2.275253442254184133e+00
2.312666542886536281e+00
2.348365899958595016e+00
2.385868540128824211e+00
2.425378963920941100e+00
2.462974451438558532e+00
2.502433075738011325e+00
2.544348026398820295e+00
2.584329846433035538e+00
2.625590167113644124e+00
2.669720183127648916e+00
2.712204776469673284e+00
2.755528927648234205e+00
2.802171693701783983e+00
2.847038028949190114e+00
2.892350218068609813e+00
2.940870197087693594e+00
2.988024466550462055e+00
3.035055204958045927e+00
3.085617242763873058e+00
3.135442627460097498e+00
3.184538532993180127e+00
3.237067598481996988e+00
3.289526902059205948e+00
3.341088080131329185e+00
3.395851599647409458e+00
3.451802168749699362e+00
3.506301549317172750e+00
3.563733988509400596e+00
3.623322195207574925e+00
3.680928092646780225e+00
3.740581932966340339e+00
3.802961827287058671e+00
3.863486707712031176e+00
3.925557239314484193e+00
3.990746064489004041e+00
4.054823302247040573e+00
4.119941512077578416e+00
4.188789681789131691e+00
4.256899435137451171e+00
4.325611028589398721e+00
4.398033671072709261e+00
4.470500336313253165e+00
4.543380069204982163e+00
4.619798448586533546e+00
4.696607770607721832e+00
4.773847872486325805e+00
4.855227351316548479e+00
4.937843565279321112e+00
5.020014166855054860e+00
5.105817157654167104e+00
5.194057753533491528e+00
5.281358690466954720e+00
5.371035711717984107e+00
5.464364027603485496e+00
5.556789474094265380e+00
5.650499725618995051e+00
5.748533743217897118e+00
5.845985194059887924e+00
5.944107094055997464e+00
6.047389608467810262e+00
6.150339396132777026e+00
6.253185258564893267e+00
6.361760008700450442e+00
6.470207313291711060e+00
6.577983750045990341e+00
6.692329816653218799e+00
6.806476124841277731e+00
6.919451792890852104e+00
7.039229132624207352e+00
7.160304472532349251e+00
7.278734816149978748e+00
7.404301396130206214e+00
7.532469340337502928e+00
7.657577624433485219e+00
7.789125311820604303e+00
7.925078762960731105e+00
8.058243721577385443e+00
8.196065907024308927e+00
8.339789196232050728e+00
8.481781215907554738e+00
8.626641924408106732e+00
8.777972565992495646e+00
8.929234521948725245e+00
9.083113488208967468e+00
9.242963023983243431e+00
9.403644690435200459e+00
9.566954309167211790e+00
9.736642805413653790e+00
9.907860336379510358e+00
1.008078793364995285e+01
1.026123849637401975e+01
1.044328229837864441e+01
1.062568794523613924e+01
1.081700211484775487e+01
1.101016359466122729e+01
1.120157547497934836e+01
1.140169604274732862e+01
1.160545162828220889e+01
1.180656642494431097e+01
1.201638115162593934e+01
1.223143046492246455e+01
1.244332380794583237e+01
1.266425143211761117e+01
1.289288119642256802e+01
1.311668053289864666e+01
1.334884321451821521e+01
1.359155668047156063e+01
1.382842485263667598e+01
1.407178766246584800e+01
1.432961813953816943e+01
1.458160567941745178e+01
1.483722864563519295e+01
1.510999591756151972e+01
1.537861422484403029e+01
1.564699962489653551e+01
1.593476161379231648e+01
1.622098099617356581e+01
1.650413520023885638e+01
1.680757501435492784e+01
1.711190537013358437e+01
1.741085172149911031e+01
1.772932668463607797e+01
1.805152481163992562e+01
1.836677184703072996e+01
1.870035269395245336e+01
1.904138239214569239e+01
1.937410929978702967e+01
1.972291576922161838e+01
2.008334301132959965e+01
2.043380007438499035e+01
2.079845384559794752e+01
2.117983688996756086e+01
2.155258062640838901e+01
2.193467087937007420e+01
2.233788191843533255e+01
2.273433411537781268e+01
2.313482752585583313e+01
2.355862038835523364e+01
2.397815150111437532e+01
2.439853947200381512e+01
2.484103648608676096e+01
2.528261581178729145e+01
2.572558139508855390e+01
2.618675919206933500e+01
2.665103068725463942e+01
2.711886784198287614e+01
2.760100559350281912e+01
2.809246984450151885e+01
2.858826864216775832e+01
2.909508482340333302e+01
2.961501720378227631e+01
3.014154467604866738e+01
3.067499479136568397e+01
3.122625393906582403e+01
3.178434531087274451e+01
3.234895205808952312e+01
3.293405900934096309e+01
3.352631897040909337e+01
3.412492704641390873e+01
3.474691601145805464e+01
3.537303717999261465e+01
3.600685359719700784e+01
3.666919919192758925e+01
3.733366868830492535e+01
3.800325453505011808e+01
3.870661256591798605e+01
3.941316920965250148e+01
4.012086095281310349e+01
4.086334907886903522e+01
4.161504349526504853e+01
4.236087249530243781e+01
4.314196511940036061e+01
4.393858763081684060e+01
4.472781295035008498e+01
4.554836320848865938e+01
4.639205972964093405e+01
