9.983083306044260308e-01
9.983142299649857554e-01
9.916635243368883135e-01
9.861721495799554704e-01
9.814490223136235203e-01
9.769713676189596407e-01
9.726539685847712668e-01
9.684829019216069090e-01
9.643749312977324406e-01
9.607390031123181906e-01
9.572890214268666709e-01
9.532690620775817747e-01
9.494927303253853923e-01
9.460586173726741599e-01
9.422276369890285608e-01
9.390418693031834518e-01
9.353801281523307365e-01
9.319000624356933438e-01
9.286242749122055606e-01
9.254020558891984383e-01
9.221696841064177530e-01
9.191656361683856469e-01
9.164060002341758437e-01
9.135858994330431360e-01
9.105959210156948647e-01
9.078311242704713013e-01
9.047179134278863222e-01
9.018313293913693407e-01
8.990610990317426943e-01
8.962843143862903039e-01
8.938289528480521939e-01
8.914706506271766751e-01
8.888921500308786250e-01
8.863320277941261205e-01
8.840026647472954968e-01
8.815943334319262803e-01
8.794420813215076960e-01
8.776394477173002917e-01
8.758396984264980034e-01
8.740809300432883511e-01
8.725356922957632211e-01
8.709424844183570880e-01
8.696132302524329782e-01
8.682036549514033918e-01
8.672923488538197834e-01
8.660906773451810814e-01
8.654096851958201775e-01
8.650674402173630373e-01
8.644771084170397302e-01
8.641302791359164459e-01
8.642070217508776020e-01
8.642614764683234085e-01
8.646724419803177852e-01
8.653401630453751991e-01
8.658647852645069420e-01
8.667290465978749747e-01
8.684450972811192937e-01
8.698240131397851904e-01
8.712722525263930651e-01
8.738471212380680697e-01
8.759464515654233896e-01
8.785017648832905701e-01
8.821336630124776423e-01
8.855737038915189041e-01
8.891624133055775481e-01
8.940565684725317874e-01
8.987790921239300346e-01
9.037529360922016419e-01
9.101782496009135359e-01
9.169745645340573459e-01
9.236421221639724566e-01
9.318245036658273639e-01
9.402266370350631508e-01
9.488018909269689827e-01
9.589858426883914877e-01
9.703053681991085089e-01
9.811233164704250553e-01
9.934608905796872280e-01
1.007374900057561584e+00
1.021375493224050635e+00
1.036735778308629730e+00
1.054179874363222025e+00
1.071503182940611421e+00
1.090485860684146102e+00
1.112177629087866659e+00
1.134121354060257048e+00
1.157807466102767302e+00
1.184336256582636748e+00
1.211064561239729942e+00
1.239914109799070019e+00
1.272074394434358435e+00
1.304814542603382810e+00
1.339831605898034406e+00
1.378881912061915127e+00
1.419173300897230261e+00
1.462591286123146928e+00
1.509912315698351604e+00
1.559668844643653518e+00
1.612525607099578373e+00
1.670754724557456994e+00
1.731268894599057973e+00
1.794814754040811255e+00
1.864820375065456615e+00
1.937787978451399606e+00
2.015011766845310248e+00
2.100147531290738279e+00
2.189055059338978371e+00
2.282582979605048745e+00
2.386086076197254879e+00
2.495247453405919025e+00
2.609517533504558173e+00
2.735057997369820804e+00
2.867081263067952079e+00
3.007188809928999174e+00
3.159763872789427719e+00
3.320408340338976139e+00
3.489329860351571000e+00
3.672996434646505381e+00
3.867682406992539956e+00
4.070017878473078277e+00
4.290970156877702557e+00
4.527202610238566294e+00
4.772583780424571209e+00
5.041411731290701859e+00
5.328202364058660656e+00
5.623845427767682814e+00
5.946981775937365100e+00
6.296493125310725247e+00
6.658542846643405788e+00
7.047601047883084391e+00
7.470775409185083760e+00
7.905204646339621277e+00
8.374171161769691452e+00
8.886590632571381931e+00
9.415553347632032555e+00
9.982556983257921956e+00
1.060210172183379917e+01
1.124414672735658449e+01
1.193434522391756225e+01
1.269010343425475362e+01
1.347248170028345271e+01
1.429553773954259732e+01
1.520869568782049441e+01
1.616880403818127121e+01
1.716936811331414603e+01
1.827226078409178101e+01
1.943893434269661213e+01
2.064463830994977656e+01
2.196708598940141144e+01
2.337809281460159383e+01
2.483121418608117992e+01
2.641987038299232182e+01
2.814043780959922714e+01
2.992438411173784729e+01
3.185951732857154184e+01
3.393752863934804509e+01
3.609598168918264349e+01
3.843330397391538611e+01
4.098628049247653138e+01
4.363316191281449363e+01
4.648837295882663767e+01
4.959419218071895585e+01
5.283349547398812973e+01
5.629490193370499895e+01
6.008597444184513847e+01
6.402110945254750618e+01
6.817081852224417560e+01
7.273854136259686243e+01
7.755235472853131284e+01
8.261082972939745162e+01
8.819173433374437820e+01
9.406934253336224572e+01
1.002029103751802239e+02
1.069362484093004753e+02
1.140609947925514405e+02
1.214762897323596889e+02
1.296072216911287285e+02
1.383289286769609703e+02
1.474289425715926711e+02
1.571926722563854923e+02
1.678544685753507508e+02
1.788762902022647268e+02
1.908035439030086025e+02
2.037553632387290747e+02
2.173131936870245511e+02
2.318751910301311909e+02
2.477970667621635243e+02
2.643287077791611637e+02
2.818002433359325209e+02
3.008931509670262017e+02
3.209046537510604367e+02
3.421807933584369721e+02
3.656108841687490099e+02
3.901571378812236617e+02
4.157341489903280376e+02
4.440675723767504337e+02
4.742379026156133932e+02
5.052038811531052147e+02
5.391330222945222204e+02
5.757264468577517391e+02
6.138065086334543139e+02
6.550038892671800568e+02
7.002396550488022058e+02
7.468396380055412465e+02
7.972957599838508713e+02
8.523935244541238490e+02
9.096197908116533881e+02
9.711179371465619852e+02
1.038208809091812782e+03
1.108843737954261542e+03
1.183755684767099410e+03
1.266018181867069188e+03
1.352385134641037212e+03
1.443105064034398310e+03
1.542316905915475445e+03
1.647470661048310149e+03
1.758269783764313843e+03
1.879246452956105713e+03
2.008244787627872029e+03
2.143468996247017003e+03
2.292028439613165119e+03
2.450630211291785599e+03
2.617484254756710925e+03
2.797872328969308455e+03
2.991587844708789817e+03
3.195617289380953025e+03
3.415700440232773417e+03
3.654485457256644622e+03
3.903222848734364106e+03
4.171565005772336008e+03
4.464596852755651526e+03
4.771371025268697849e+03
5.100125310664381686e+03
5.458365363491253447e+03
5.835120495906957331e+03
6.239649592794150522e+03
6.680330563479257762e+03
7.146230512250048378e+03
7.643126644463251068e+03
8.185323031014433582e+03
8.757333026600737867e+03
9.362346067434251381e+03
1.002351159925990578e+04
1.072511950870970031e+04
1.146548389422967921e+04
1.227093038008598523e+04
1.313385630050131476e+04
1.403627330648092538e+04
1.500246267431729939e+04
1.605089410149518517e+04
1.715513161733767265e+04
1.835784869986041303e+04
1.964484736547392822e+04
2.100695856258414642e+04
2.247352511414743640e+04
2.405003268309449413e+04
2.571815886219607637e+04
2.752321231725191683e+04
2.947256354136524169e+04
3.151779810995963635e+04
3.372289595912449295e+04
3.608157143119573448e+04
3.858877715411650570e+04
4.124660197874725418e+04
4.414367929862390883e+04
4.724799387483684404e+04
5.057217293359948235e+04
5.411640673889197933e+04
5.788863136810611468e+04
6.193127222025700030e+04
6.630749955329633667e+04
7.101520796205634542e+04
7.592293907338826102e+04
8.128316908499326382e+04
8.707111309506997350e+04
9.315340094857486838e+04
9.971934882854315219e+04
1.068339588959002431e+05
1.143131838925590564e+05
1.223031955682597618e+05
1.310273583659608412e+05
1.401990554534140392e+05
1.499310277626727475e+05
1.605241306883663347e+05
1.717557935275833006e+05
1.837149365323876555e+05
1.967177521444705199e+05
2.106188024572149152e+05
2.254070699237778026e+05
2.415192559277620458e+05
2.586457261781088600e+05
2.765461721704823431e+05
2.961015208578423481e+05
3.171962457353657228e+05
3.392913863791949698e+05
3.630842255110178958e+05
3.887434138768581324e+05
4.160258625734272646e+05
4.450390875244880444e+05
4.765667626832465758e+05
5.099546340752316173e+05
5.452439576404681429e+05
5.838678182114488445e+05
6.248731559883508598e+05
6.688220777341682697e+05
7.168078106073030503e+05
7.673924474590233294e+05
8.208428241171514383e+05
8.793123730727812508e+05
9.417411941414148314e+05
1.008179927035802975e+06
1.080575529812283581e+06
1.157227108525153017e+06
1.238317925370830344e+06
1.326677817602579948e+06
1.421235375534387305e+06
1.520062080664168578e+06
1.627247586441450985e+06
1.744849796610343270e+06
1.868380867859871825e+06
2.000986030203501461e+06
2.143908359361520037e+06
2.294807630367089529e+06
2.455572691566684749e+06
2.630873465070123784e+06
2.815173480136825237e+06
3.011910883079920895e+06
3.226762592422295362e+06
3.452676343151632696e+06
3.694913371068963781e+06
3.959592848655330483e+06
4.240697201397120021e+06
4.537954153440015391e+06
4.861048630197441205e+06
5.206778935340239666e+06
5.569100990133808926e+06
5.962284598642988130e+06
6.383134807658378035e+06
6.827177179906940088e+06
7.313233465054505505e+06
7.836551816503745504e+06
8.387819501802698709e+06
8.979539578638838604e+06
9.622853863498833030e+06
1.029735547547065280e+07
1.101837909276248142e+07
1.179894517118439078e+07
1.262365967870799266e+07
1.351286506685442850e+07
1.447745990436151810e+07
1.550567561699826270e+07
1.659536689910848252e+07
1.777855529221494123e+07
1.903702718363469839e+07
2.036392528832335025e+07
2.181405095099723712e+07
2.336643052286647260e+07
2.500787023019312322e+07
2.679639081162178516e+07
2.871641045939223468e+07
3.075256640702936798e+07
3.296305173847369105e+07
3.531519232533751428e+07
3.780387958099959046e+07
4.046763057334980369e+07
4.335520082665694505e+07
4.640131333259586990e+07
4.967189778489900380e+07
5.323668354778730124e+07
5.701268658550535142e+07
6.102398285694298893e+07
6.540109681031008065e+07
7.003798219965897501e+07
7.497408194134575129e+07
8.032080802337975800e+07
8.604294293903706968e+07
9.207185215581676364e+07
9.862283165024110675e+07
1.056576622379331589e+08
1.131138343004550487e+08
1.211630476214033663e+08
1.298470981254345775e+08
1.390079528526626527e+08
1.489667528789786994e+08
1.596878164206680655e+08
1.709093832119235098e+08
1.829592220549736917e+08
1.961562375564794242e+08
2.100595435847091675e+08
2.249528686581888199e+08
2.411731919095078409e+08
2.582760397884859741e+08
2.764564572398977280e+08
2.964025337016817927e+08
3.172397773088730574e+08
3.394215239661908746e+08
3.638786450557602048e+08
3.900387215777237415e+08
4.175037106065381765e+08
4.474388048234779835e+08
4.792851168048171997e+08
5.132657765506212115e+08
5.496327614639408588e+08
5.891144802476811409e+08
6.303496994121910334e+08
6.745387343910218477e+08
7.227823706653181314e+08
7.738528215227897167e+08
8.286494140583997965e+08
8.886117756964911222e+08
9.522293612083523273e+08
1.019854821953494191e+09
1.093134557288180351e+09
1.171419685554009438e+09
1.254490791883108854e+09
1.344196182495827436e+09
1.440313151170922995e+09
1.542132787117760181e+09
1.652435180430789948e+09
1.770635220446154594e+09
1.894937773037222385e+09
2.029659456637361288e+09
2.175490523982519150e+09
2.329719565495044231e+09
2.497255165231934547e+09
2.675975968833302975e+09
2.865244713488219261e+09
3.068154177778096199e+09
3.289278813463076115e+09
3.522739126120913029e+09
3.772002884325662613e+09
4.043817331630321980e+09
4.333190509130263329e+09
4.642672145097553253e+09
4.976509323827428818e+09
5.330615018259383202e+09
5.708064340933135033e+09
6.118800608996379852e+09
6.554955229838966370e+09
7.015555300507083893e+09
7.515007496276765823e+09
8.051953853998708725e+09
8.616610035837764740e+09
9.224281023285806656e+09
9.889960090299049377e+09
1.059279677756915665e+10
1.134237454836251068e+10
1.215186276897328758e+10
1.300802513727778244e+10
1.393726768690564728e+10
1.493200204559534264e+10
1.599476988653219604e+10
1.713320450438887978e+10
1.836041791990848541e+10
1.967855062731732941e+10
2.108011559653682327e+10
2.259224998720980453e+10
2.421101539417503357e+10
2.593959965791463089e+10
2.780297268711911774e+10
2.979785051389302826e+10
3.195005048198091125e+10
3.426139565797060394e+10
3.672327407827219391e+10
3.936712706670094299e+10
4.220991424055296326e+10
4.523086762221157074e+10
4.847371102768110657e+10
5.196965885478314972e+10
5.571909445444738770e+10
5.976153957087216187e+10
6.408175307544813538e+10
6.871599830756617737e+10
7.368657282306500244e+10
7.905842354161523438e+10
8.481353607173002625e+10
9.096137444884600830e+10
9.755913044640380859e+10
1.045486409581716003e+11
1.120913408211946564e+11
1.201407912985406647e+11
1.287890464346380463e+11
1.379705929906555481e+11
1.479287876577027283e+11
1.585982716663084106e+11
1.700990261158905945e+11
1.825040264920107117e+11
1.957869167139316406e+11
2.098244088075533752e+11
2.249894452013801270e+11
2.413261250522841187e+11
2.586904442968437500e+11
2.773477624822227173e+11
2.975260662966042480e+11
3.189447944664943237e+11
3.419765510701813965e+11
3.667390715051790161e+11
3.932451370125931396e+11
4.214400212400629272e+11
4.517685299501411743e+11
4.841813647835054932e+11
5.188267511476870117e+11
5.561983572318883057e+11
5.962519405690921631e+11
6.390079040951545410e+11
6.850345200665323486e+11
7.342936059559891357e+11
7.863043715217535400e+11
8.423419505741208496e+11
9.026211206372687988e+11
9.672194755968413086e+11
1.036462221173898804e+12
1.111363169705804443e+12
1.191382690944518555e+12
1.277299667816363281e+12
1.369277598506844238e+12
1.468147401844407959e+12
1.573694686049415039e+12
1.688009679614701904e+12
1.809873403826239990e+12
1.940766391529313965e+12
2.080837710762673828e+12
2.231798456736723145e+12
2.392847281796145996e+12
2.565522399619669922e+12
2.750921388998345703e+12
2.949803931056852051e+12
3.163906466723537109e+12
3.393787434573595215e+12
3.639158321868834961e+12
3.901929751823519531e+12
4.182866794167579102e+12
4.485030019963030273e+12
4.804620979725492188e+12
5.147917437360347656e+12
5.515034487272270508e+12
5.907026706983494141e+12
6.333373761540657227e+12
6.793786215599778320e+12
7.286668621879194336e+12
7.812845714747501953e+12
8.380401202726290039e+12
8.989218148184318359e+12
9.643652249010162109e+12
1.034629747747861914e+13
1.110337863693990430e+13
1.190318419206253125e+13
1.276893712215193164e+13
1.369621459822001758e+13
1.468799549371566602e+13
1.575042198617133398e+13
1.689843745827894727e+13
1.812145353604872266e+13
1.943747563669151562e+13
2.083939737926147656e+13
2.233611696989485156e+13
2.393964836129353906e+13
2.566328078538726953e+13
2.750671030136379297e+13
2.949835301917483203e+13
3.164396814763251172e+13
3.393344785304421875e+13
3.637694512503735938e+13
3.901222502877124219e+13
4.183282941875404688e+13
4.485791165013542188e+13
4.810593884534142969e+13
5.158074111006783594e+13
5.530296773855900000e+13
5.931917715818186719e+13
6.362256766672492969e+13
6.823734476307438281e+13
7.316163721960940625e+13
7.848045027034659375e+13
8.419621909940410938e+13
9.029908491148695312e+13
9.687660148777148438e+13
1.038724535866032031e+14
1.113767532079449062e+14
1.194174457344925625e+14
1.279648437783260469e+14
1.371841691800876094e+14
1.470624173646205312e+14
1.576446405373104688e+14
1.690382490574322500e+14
1.811730738325898125e+14
1.941067870926155938e+14
2.081481269366982188e+14
2.232379012927062812e+14
2.393419229602327188e+14
2.566982649010445625e+14
2.753240874750790625e+14
2.953438429509511875e+14
3.168466170958632500e+14
3.399355721952195000e+14
3.645343615484051875e+14
3.906939282039670625e+14
4.191747343771365625e+14
4.495874346514562500e+14
4.818704881873320625e+14
5.167472655587351250e+14
5.544591823235518125e+14
5.945303493595643750e+14
6.380385273452512500e+14
6.842496854227242500e+14
7.337512561091578750e+14
7.868884957994842500e+14
8.442829102916256250e+14
9.057264420127540000e+14
9.717602272101568750e+14
1.042613412859270375e+15
1.118404774556377875e+15
1.198743891506760500e+15
1.286109023011333500e+15
1.379048255856248000e+15
1.478486665592044500e+15
1.586022111506926750e+15
1.702217194184497500e+15
1.824925634176018500e+15
1.957436587287871000e+15
2.099465145890771500e+15
2.251385556386644750e+15
2.415047374121383000e+15
2.588862006024841000e+15
2.774463698302844000e+15
2.976177908094869000e+15
3.191815003986265500e+15
3.422398330830746000e+15
3.670948970348259000e+15
3.936801919351518500e+15
4.217492571614878000e+15
4.519227950692151000e+15
4.846427800677920000e+15
5.194069936416233000e+15
5.569167800951163000e+15
5.968357040240694000e+15
6.394623855268071000e+15
6.860562205294930000e+15
7.358564499462184000e+15
7.885111489783404000e+15
8.449879264612923000e+15
9.060450258564234000e+15
9.714843224800530000e+15
1.041589992927311800e+16
1.117163338384731000e+16
1.198345116160020600e+16
1.284161329937258400e+16
1.377496432958886800e+16
1.478080871566262600e+16
1.584878327482380400e+16
1.699168589341928600e+16
1.821941957188396800e+16
1.951898123118582800e+16
2.092870034595882400e+16
2.245184282213140000e+16
2.407697250863896000e+16
2.582057744011856800e+16
2.769339041900674000e+16
2.970671408447770800e+16
3.186408467912243600e+16
3.416294978033745200e+16
3.661352646397829600e+16
3.924836142479500000e+16
4.208943331621012800e+16
4.513330699869204000e+16
4.837105547121409600e+16
5.189451656166224800e+16
5.566289584515365600e+16
5.966570688399434400e+16
6.401226409215833600e+16
6.866621931402819200e+16
7.364124883482340800e+16
7.899415127469880000e+16
8.479389374558352000e+16
9.093348743864300800e+16
9.753392500505086400e+16
1.045988086247653280e+17
1.121545661838670560e+17
1.202696988584193120e+17
1.290100254451767680e+17
1.383780641508942400e+17
1.483589208061237760e+17
1.591413039490823040e+17
1.706545317638911360e+17
1.830334661368754880e+17
1.963123852067305920e+17
2.106419354948093120e+17
2.259897033960205760e+17
2.424425085018479040e+17
2.598415278557790720e+17
2.785087188384367360e+17
2.985970584023171840e+17
3.202219146483271040e+17
3.433815254971017600e+17
3.682759698961121920e+17
3.951466062399426560e+17
4.239049496394755840e+17
4.544715901997676160e+17
4.875434762475232640e+17
5.229626196159616640e+17
5.608057737124506880e+17
6.018494644318890240e+17
6.455750645142964480e+17
6.921000299975133440e+17
7.426670844412471040e+17
7.969577408569331200e+17
8.549586928245489920e+17
9.177903132530746880e+17
9.848333020245804800e+17
1.056069262228871424e+18
1.132761305179844480e+18
1.214975333704948992e+18
1.302413210138752256e+18
1.395816284695680256e+18
1.496970826071974912e+18
1.605261863277278720e+18
1.721164911485079296e+18
1.846988711826904832e+18
1.979902299279131904e+18
2.124280541168278528e+18
2.279611801056359424e+18
2.443334634699880960e+18
2.620143389210887680e+18
2.809626835986009600e+18
3.010257267657701888e+18
3.225923266530728448e+18
3.461108999323865088e+18
3.710765912589437440e+18
3.979108015999201280e+18
4.269512797552522240e+18
4.580888619081587200e+18
4.908777634623486976e+18
5.260807070432921600e+18
5.640768501847456768e+18
6.052183006226931712e+18
6.492344179857075200e+18
6.964175980941906944e+18
7.467146174479190016e+18
8.013781889501277184e+18
8.598236145469449216e+18
9.224868523063932928e+18
9.898425356311797760e+18
1.062131118695462707e+19
1.139778917188372890e+19
1.222963289564413747e+19
1.312355229759782707e+19
1.406937244506582016e+19
1.509563261563877581e+19
1.617575629894955213e+19
1.733538172280325734e+19
1.858643857835045274e+19
1.992822131041540506e+19
2.136799709454675968e+19
2.291942939822521549e+19
2.457663588818762138e+19
2.635190041843589120e+19
2.826088519281363763e+19
3.032243538442589389e+19
3.251599006215482163e+19
3.486817539158996582e+19
3.740972920276676608e+19
4.011803019864976589e+19
4.303113779238544998e+19
4.616035063169246822e+19
4.952720513368977408e+19
5.309612638447697101e+19
5.694328499578077184e+19
6.108086571048451277e+19
6.545438514969697485e+19
7.018963846590216602e+19
7.527878884953974374e+19
8.072589947597860045e+19
8.659742399843385344e+19
9.294658021545769370e+19
9.967878006781568614e+19
1.069277620875827610e+20
1.146450075770466140e+20
1.228692658409994158e+20
1.317213986276424745e+20
1.413360440230867272e+20
1.515486498563307274e+20
1.624652851290840433e+20
1.743662889022726472e+20
1.871250492655550464e+20
2.007741884574568940e+20
2.154123895947985879e+20
2.308088822284877169e+20
2.474195996750490829e+20
2.653085551477591245e+20
2.844481902164573225e+20
3.048885497410411561e+20
3.269682777536521830e+20
3.505957675475866747e+20
3.759408931061419213e+20
4.033725462829823427e+20
4.328024943260519629e+20
4.638372919116238029e+20
4.972757908026175652e+20
5.331380725937364664e+20
5.714418410750988780e+20
6.125795275678566318e+20
6.569668828419997041e+20
7.046232201526143877e+20
7.562356751827367363e+20
8.114337807643765637e+20
8.705004904441401836e+20
9.336224603752258601e+20
1.001453766438561907e+21
1.073898737789739991e+21
1.151459415677068116e+21
1.235357213759081021e+21
1.324160065323298193e+21
1.419441363340883657e+21
1.521687289407240143e+21
1.632106905657439683e+21
1.749825648890731037e+21
1.875883328238295974e+21
2.009686670271705252e+21
2.153660482099947766e+21
2.309498768404844380e+21
2.475175540131840393e+21
2.653689288969229435e+21
2.845646074087908311e+21
3.053631513566392091e+21
3.275995670384601465e+21
3.511953434490503168e+21
3.767845551154375688e+21
4.039762949386765074e+21
4.329846326651003077e+21
4.646205482046659232e+21
4.978151565059414819e+21
5.332732006035312607e+21
5.721409864939377525e+21
6.133330655109084873e+21
6.574365858255472689e+21
7.050956292339168969e+21
7.562303019220504412e+21
8.109737772619237687e+21
8.700824516186343473e+21
9.330184448546978136e+21
1.000860522482234923e+22
1.073853175137111219e+22
1.151226083733846937e+22
1.234951614184712831e+22
1.324961518278093151e+22
1.420733345622175148e+22
1.523711302517623934e+22
1.634540822362305698e+22
1.753347405772548263e+22
1.880295143053177389e+22
2.016100307982348609e+22
2.160779714790372986e+22
2.315611539138636520e+22
2.481800050097636403e+22
2.662457189412598553e+22
2.856306315399421493e+22
3.064495389984973809e+22
3.285628724458730763e+22
3.521817158878903245e+22
3.772853998640470950e+22
4.044238992110972935e+22
4.337877874557751971e+22
4.652372133390020143e+22
4.988317296844540058e+22
5.346460036841788041e+22
5.729751481699729093e+22
6.142623424207334146e+22
6.583868162237278873e+22
7.056454943692392340e+22
7.561660050834946471e+22
8.104804950258715145e+22
8.687316406991636451e+22
9.314077702172633884e+22
9.986926620665245912e+22
1.069750422722866546e+23
1.146965882668639333e+23
1.229259702317030048e+23
1.317530134956000999e+23
1.412214779642808862e+23
1.514607386615119987e+23
1.623776855808450914e+23
1.741035502557269758e+23
1.867255374538791107e+23
2.002209859328415514e+23
2.145669033903931492e+23
2.301268466977512777e+23
2.468619508204723388e+23
2.645713604657389691e+23
2.836883469694593149e+23
3.041191131314527572e+23
3.256975307978987683e+23
3.492068554554838058e+23
3.744849942686362868e+23
4.012062238435262752e+23
4.301273510583429109e+23
4.613231047163582339e+23
4.944686407996329207e+23
5.303604469759638451e+23
5.688602742421880486e+23
6.098993661947337738e+23
6.536140481618120005e+23
7.009392803874841244e+23
7.512225032873391822e+23
8.057270161065076977e+23
8.647258875974003227e+23
9.274127628239932144e+23
9.944111558499741121e+23
1.066165725871566844e+24
1.142096668794728649e+24
1.223310829955027715e+24
1.312051462971573223e+24
1.407065002210157123e+24
1.507146656383836738e+24
1.616874495896196848e+24
1.733753915845138973e+24
1.857087896646068034e+24
1.991285284612445611e+24
2.136393684695612603e+24
2.287722022906324931e+24
2.450160572499468705e+24
2.627867142938480123e+24
2.815168342549750509e+24
3.016029764318637119e+24
3.233979438458645302e+24
3.467845458051140963e+24
3.716200970342378003e+24
3.985569337455022002e+24
4.272650258065836984e+24
4.580269906685167793e+24
4.910188247074429473e+24
5.260664719597695360e+24
5.635640390843436613e+24
6.042362280235246218e+24
6.472897243422056054e+24
6.939089057190743846e+24
7.439727064990320775e+24
7.975222258993100539e+24
8.542066247035365800e+24
9.156661148434397112e+24
9.808307719247152409e+24
1.050759624441446027e+25
1.126232074870328822e+25
1.207642301408910023e+25
1.294161937968635056e+25
1.386841077860049929e+25
1.486023805260856991e+25
1.591704341638934626e+25
1.705660704867599914e+25
1.827452574430923653e+25
1.958229264208787834e+25
2.098515993539950092e+25
2.250103459681335355e+25
2.412007552884051506e+25
2.583601299443551239e+25
2.769079866181463389e+25
2.967799894386997352e+25
3.181655059793590772e+25
3.411108450799223121e+25
3.656156837681430469e+25
3.916559894398382241e+25
4.197454683807448247e+25
4.500502219411953795e+25
4.820776403753933377e+25
5.167889983043110415e+25
5.541945622356238876e+25
5.936332639991145751e+25
6.359609416384978806e+25
6.819645231186865311e+25
7.306728396235866664e+25
7.830224489348196401e+25
8.391775672058157549e+25
8.991866417733873811e+25
9.631894749531305269e+25
1.032347889627423606e+26
1.106135847011041602e+26
1.185218458858110211e+26
1.270180809713383583e+26
1.360965476190206841e+26
1.458047038146805634e+26
1.563286864227017568e+26
1.675726972464118077e+26
1.795374785360005364e+26
1.923945684145967116e+26
2.062497048018366812e+26
2.209817406218599124e+26
2.369551191178091631e+26
2.540909620833913211e+26
2.722674002002258443e+26
2.918661430106185180e+26
3.129787819657397587e+26
3.346291066837571126e+26
3.582395455275763908e+26
3.842870361765831066e+26
4.117517659316060112e+26
4.409686783879711482e+26
4.727685228495420571e+26
5.066605123898111589e+26
5.426435561414148881e+26
5.818322837220082777e+26
6.234268557382999848e+26
6.670322689843687706e+26
7.152764624525816773e+26
7.668420327259538798e+26
8.217968628085526624e+26
8.810725378660223286e+26
9.443198268398346229e+26
1.011994892203875739e+27
1.085432840260100847e+27
1.163445343407767547e+27
1.246832877797901992e+27
1.337044111641204989e+27
1.433852382288477737e+27
1.535812750613886982e+27
1.645071778769613545e+27
1.763695852845093071e+27
1.890161760653630076e+27
2.025359627148006168e+27
2.172137784500137368e+27
2.328991467465797229e+27
2.497100459344499844e+27
2.679446709100124242e+27
2.873181245754669419e+27
3.080384256477012750e+27
3.305182816641806767e+27
3.544761080922469898e+27
3.799181961611803806e+27
4.074505491324971062e+27
4.371514732461672496e+27
4.684036835990990740e+27
5.023627330512639875e+27
5.385565136372123436e+27
5.767505402081495154e+27
6.180819934917755765e+27
6.627340904681292995e+27
7.104090217751060944e+27
7.620818558866134768e+27
8.176763933638127113e+27
8.764386689439502342e+27
9.395501605273155407e+27
1.007047604433305071e+28
1.079134704423450527e+28
1.155929554575014733e+28
1.239388773044005035e+28
1.327545894557376966e+28
1.422129336595262777e+28
1.524971059105120181e+28
1.634689696537109317e+28
1.752114058856645244e+28
1.879237372206780971e+28
2.016579714941566652e+28
2.161855701892389895e+28
2.318731120722208189e+28
2.486281152164697538e+28
2.663222772899927336e+28
2.853955852428589061e+28
3.059988560902991818e+28
3.279789160184596110e+28
3.514966478207603712e+28
3.770253095328953344e+28
4.039717770092289589e+28
4.328313475270969272e+28
4.643157595619184571e+28
4.975938689178056549e+28
5.331675093839941971e+28
5.713358251246480736e+28
6.125022528578774347e+28
6.562594534693833439e+28
7.037677170024502854e+28
7.547308698028321099e+28
8.088250805693719547e+28
8.668304252896868795e+28
9.293340352616611470e+28
9.958002175949189313e+28
1.067144176845110538e+29
1.144207293107494722e+29
1.225777867283588355e+29
1.313820993109272019e+29
1.409156976494468373e+29
1.509842483294390376e+29
1.618434418406294658e+29
1.734717783917626278e+29
1.859625017615842879e+29
1.993081861533329317e+29
2.137613349442388846e+29
2.291244637280755921e+29
2.453633922050966997e+29
2.630891912861694122e+29
2.819751278620581532e+29
3.021841735602622177e+29
3.237430747633695512e+29
3.471813038323449700e+29
3.721217095142185493e+29
3.989502725042396974e+29
4.278083940187243068e+29
4.582544629680909305e+29
4.907620993143216602e+29
5.260431545307706938e+29
5.632907687347388500e+29
6.032781439298037727e+29
6.464742218572337156e+29
6.924892838294426677e+29
7.419481294388452074e+29
7.955599753813978759e+29
8.523810083713479065e+29
9.133658076771710006e+29
9.788378292613453912e+29
1.049090922977704211e+30
1.124617998658890025e+30
1.205530772878690591e+30
1.291635875069013733e+30
1.384144282654671395e+30
1.483266666922067299e+30
1.590191618748427644e+30
1.703635187218903276e+30
1.825265304840348417e+30
1.956059642754542698e+30
2.096365324120204716e+30
2.247551204029799998e+30
2.409442325551516110e+30
2.580570145696358366e+30
2.764960414225431036e+30
2.963797801314197858e+30
3.175515075056048249e+30
3.405051677613965875e+30
3.650673993692235864e+30
3.912887481522946960e+30
4.194792832205670484e+30
4.500633588095259567e+30
4.823962367563472319e+30
5.170625290468921839e+30
5.545186166755808381e+30
5.943495238346363171e+30
6.370578051447750344e+30
6.832832856097679299e+30
7.327353095182204840e+30
7.856538593319277770e+30
8.432794083794051387e+30
9.043080219106275493e+30
9.693909806714926660e+30
1.039040057383067803e+31
1.114364442243156705e+31
1.194698103779917797e+31
1.281308319885354606e+31
1.374890686805609874e+31
1.473206218229007379e+31
1.578302767695978445e+31
1.693179576175451135e+31
1.814880283789697349e+31
1.946422802422282097e+31
2.087793293220276314e+31
2.237876331364504268e+31
2.399183668769283367e+31
2.572760126683359685e+31
2.757537952012764342e+31
2.955619430993341732e+31
3.168815193566800824e+31
3.397647612873741279e+31
3.643312493460475529e+31
3.908084288687539456e+31
4.192436981418964520e+31
4.493234559997869426e+31
4.819865321179383747e+31
5.164644585026643853e+31
5.530753716842547791e+31
5.933146411403417910e+31
6.363530945668229998e+31
6.823678691651886185e+31
7.322959526240878929e+31
7.853864760098216156e+31
8.422420340211183405e+31
9.035814583194213612e+31
9.695109901107021750e+31
1.039249477344123780e+32
1.113619215623856729e+32
1.194033061221746760e+32
1.279820300731097942e+32
1.370908121033142636e+32
1.469248871621298369e+32
1.574650374660046160e+32
1.687835786633262993e+32
1.808898565886583911e+32
1.939066966977005877e+32
2.076891516937687003e+32
2.227139302483621794e+32
2.388001814532616509e+32
2.558880795045274196e+32
2.743435234614829894e+32
2.942765567327215922e+32
3.154425761153051807e+32
3.382844570843989803e+32
3.629513187648314968e+32
3.891167637227899447e+32
4.172528388841544136e+32
4.475688586540880463e+32
4.796522825959700133e+32
5.144671989324316028e+32
5.519869433278514968e+32
5.919388469326183586e+32
6.345503038934251532e+32
6.803944299040304645e+32
7.293307527090084468e+32
7.819355394353822402e+32
8.390092750739352206e+32
9.000134611715041304e+32
9.642672075872122505e+32
1.034500239228563836e+33
1.110197947920212770e+33
1.190099615133231971e+33
1.276985299817318550e+33
1.369434784120202724e+33
1.467757392942531469e+33
1.574295212153997494e+33
1.689359825809648329e+33
1.810388330775744437e+33
1.941307906989254102e+33
2.082534970542491544e+33
2.232563730400697385e+33
2.393735661437797182e+33
2.568512370710082421e+33
2.754187568373460816e+33
2.952539002449887845e+33
3.167688511537749490e+33
3.397284981328471922e+33
3.643502753269591663e+33
3.908364087388536223e+33
4.191812519279628583e+33
4.492781624196187831e+33
4.819659223579721649e+33
5.171652270324697354e+33
5.540059522731847826e+33
5.939908350883258430e+33
6.373437785885887522e+33
6.832709073628110845e+33
7.328516255173991538e+33
7.868109776769366974e+33
8.430736124033868362e+33
9.038655499069608881e+33
9.703203234979301956e+33
1.040578622403964539e+34
1.115535597282977977e+34
1.197791389573142701e+34
1.284757639718559538e+34
1.377013676011522051e+34
1.477686914348260226e+34
1.584661443651101257e+34
1.698346625040128294e+34
1.822290827652282386e+34
1.955697532228317586e+34
2.095638044391965521e+34
2.247973691854555522e+34
2.413231773983524425e+34
2.586721599603227592e+34
2.775136336150010502e+34
2.977497665235246993e+34
3.189500849337727296e+34
3.421667286716788057e+34
3.673916210638266356e+34
3.940838329132909187e+34
4.226764276616777708e+34
4.538440232018380557e+34
4.869444064060223369e+34
5.223501936896382318e+34
5.606791496921715139e+34
6.014334345204559328e+34
6.446832317773427523e+34
6.919221521784706655e+34
7.425405700790438564e+34
7.963638658725243838e+34
8.539839065937416576e+34
9.159630453465513627e+34
9.819819467857837963e+34
1.053714453413443965e+35
1.130842512694075793e+35
1.212093066951534978e+35
1.300047575411514060e+35
1.394564650437667154e+35
1.493930766148784647e+35
1.600959402670255960e+35
1.718441884648682336e+35
1.841729664297410466e+35
1.973832961799822095e+35
2.117510553571607157e+35
2.269802994597803279e+35
2.433523111743917572e+35
2.610690048211780935e+35
2.799608960525427389e+35
3.001803427982188847e+35
3.221054404387928679e+35
3.453901755798186487e+35
3.699227065807672683e+35
3.968517516871481004e+35
4.255972982904879705e+35
4.556480237912503869e+35
4.884328295850163410e+35
5.237220833275922697e+35
5.607437387109093049e+35
6.011645870653841924e+35
6.445388588827260218e+35
6.902811066988243794e+35
7.400443565460017392e+35
7.937190866620973566e+35
8.501830674477326827e+35
9.110779421104077436e+35
9.775038336075198663e+35
1.047703168824511178e+36
1.123003703868843755e+36
1.204593162674660163e+36
1.290790607788721453e+36
1.384284516998495193e+36
1.484793597912395885e+36
1.591735794524307976e+36
1.705594529345390957e+36
1.830587270058352626e+36
1.963628508623996717e+36
2.104701492452753962e+36
2.258250477752786442e+36
2.422489626437376428e+36
2.596730270289526721e+36
2.785755116161657440e+36
2.988848956509838922e+36
3.204370295605079394e+36
3.438097676850512280e+36
3.688562001927855862e+36
3.953653682798810337e+36
4.239530572405920165e+36
4.545774972598487817e+36
4.873569310679959503e+36
5.229380616253024850e+36
5.611477284716806209e+36
6.014807099137597673e+36
6.451459795295109798e+36
6.922341519673392592e+36
7.422715395901752282e+36
7.954443218868000411e+36
8.533287781207431621e+36
9.150465786741023248e+36
9.813991645940460208e+36
1.053060247553775050e+37
1.129202088752933392e+37
1.210630506694281458e+37
1.297541685384378690e+37
1.390140183203329020e+37
1.490085155271115375e+37
1.598064540192548668e+37
1.713567888063242132e+37
1.836931129676220010e+37
1.970378310348235283e+37
2.113395257576208626e+37
2.265341424822951199e+37
2.428879555206152218e+37
2.605131942221605299e+37
2.791370363744900669e+37
2.993387848704756528e+37
3.214081108927267364e+37
3.446205194122274031e+37
3.695791918728745344e+37
3.965962136067435974e+37
4.252266944122202928e+37
4.558016574533674709e+37
4.890706834022005987e+37
5.243038866390805266e+37
5.620488353993429143e+37
6.032024091396414393e+37
6.468873444457629214e+37
6.938652945588467414e+37
7.447309222495806813e+37
7.993112439443244463e+37
8.569572742563644748e+37
9.193006234821170182e+37
9.859004193540574391e+37
1.056079401812145390e+38
1.133229127571455291e+38
1.215904560838237734e+38
1.303761596523241385e+38
1.398775377427636126e+38
1.499662836412227389e+38
1.608060941016643922e+38
1.724769625099880819e+38
1.851120217748115317e+38
1.984208924385652023e+38
2.128603562469932439e+38
2.283578006472047065e+38
2.448902005543006994e+38
2.627066577338529429e+38
2.818830475676021389e+38
3.022309620649036924e+38
3.238942853143161967e+38
3.473779631893347286e+38
3.723540305196066615e+38
3.991937918895731872e+38
4.280634615407037722e+38
4.591320460004067977e+38
4.924052347043785227e+38
5.281547182199643198e+38
5.665705020902477282e+38
6.073857891598891063e+38
6.514962447347720042e+38
6.988623502283234177e+38
7.496726309296720896e+38
8.044686568238467964e+38
8.629955265494807264e+38
9.258798793678239682e+38
9.932960330166387282e+38
1.065383825329549685e+39
1.142207417300259073e+39
1.224551161001347392e+39
1.313469652202657262e+39
1.408853077459812680e+39
1.510823932237277889e+39
1.621481979987221147e+39
1.738524038095096326e+39
1.864417648427370833e+39
2.001349284444020804e+39
2.147921490488307918e+39
2.303442149475581512e+39
2.469883162344828396e+39
2.647446488748301410e+39
2.838628837354802743e+39
3.043220866007927710e+39
3.262887375195725068e+39
3.497813285727074623e+39
3.751725274862982517e+39
4.023859273536600930e+39
4.316176861278127063e+39
4.630732894802647471e+39
4.967550270786218843e+39
5.331383126346352380e+39
5.718945515361810558e+39
6.136643657014972719e+39
6.586123518965413594e+39
7.062268711483394820e+39
7.576616593782497095e+39
8.122477010005594068e+39
8.705938560643197281e+39
9.337810337519875841e+39
1.001214368193232442e+40
1.072828939601104439e+40
1.150038632845994714e+40
1.233474605247736400e+40
1.321981927895131575e+40
1.417913373745938407e+40
1.521395626456063158e+40
1.630991859126371260e+40
1.749057819391327587e+40
1.876171814223414443e+40
2.010472376543784051e+40
2.155071355235880092e+40
2.312292909210823753e+40
2.479496083385331142e+40
2.657406354720999605e+40
2.847917827103769963e+40
3.054180500527530328e+40
3.274364377758225650e+40
3.510311676883916732e+40
3.761708882249157556e+40
4.032135681229451954e+40
4.325301878883668466e+40
4.637684298319384976e+40
4.972928301628324219e+40
5.335920813462247975e+40
5.720213109612143381e+40
6.130927349450180178e+40
6.573914831980928448e+40
7.044664857243451656e+40
7.542863368557504597e+40
8.084915793964286263e+40
8.670148547308109185e+40
9.288823188945278265e+40
9.964762973051956279e+40
1.068539646442538433e+41
1.144944185269414051e+41
1.227775042460507794e+41
1.316544416112343918e+41
1.411178825073145133e+41
1.514037851057268213e+41
1.623520280826425987e+41
1.739544582609864198e+41
1.864626553926530754e+41
1.999003908149401737e+41
2.142286406754614033e+41
2.298343254373228291e+41
2.464877620909358621e+41
2.640912693116334832e+41
2.831243952257012015e+41
3.036469959784983450e+41
3.254251622646124969e+41
3.487591959685013903e+41
3.738493913732879759e+41
4.006810866642045695e+41
4.296307988387120155e+41
4.607195833187285295e+41
4.935187560971636577e+41
5.283509797412335943e+41
5.664527190681988589e+41
6.070267622215282303e+41
6.504081431163338641e+41
6.973351975755331571e+41
7.477259062464817836e+41
8.017982242557559755e+41
8.601686369567702521e+41
9.223588677711882009e+41
9.884133580082779924e+41
1.061345934226113150e+42
1.138465150402537511e+42
1.220493812410240922e+42
1.309169449455352263e+42
1.404409613963175385e+42
1.504676580951415492e+42
1.614515198565126096e+42
1.732034828252139515e+42
1.856920450693681376e+42
1.993193526598123645e+42
2.138860799461902825e+42
2.293348404290639037e+42
2.459599572445708676e+42
2.639521240035224957e+42
2.829224163339407132e+42
3.031447197068085765e+42
3.250623571346449813e+42
3.482911998435145793e+42
3.732648196814191335e+42
4.005792506976550495e+42
4.294724388946476474e+42
4.605829756224379484e+42
4.944101664453406962e+42
5.301259122657276403e+42
5.683182519551819439e+42
6.097428557844616772e+42
6.536398635944849564e+42
7.008040245586674758e+42
7.522670689233884906e+42
8.074110376135129366e+42
8.657678092754856047e+42
9.281133276544179926e+42
9.957671015435667275e+42
1.066988430149120527e+43
1.143675572758046213e+43
1.226661211211727280e+43
1.314522977351864867e+43
1.409260673453181170e+43
1.511144017969224706e+43
1.619182328058928749e+43
1.735422562266018975e+43
1.861501353396728986e+43
1.994609199002282007e+43
2.136489489621620510e+43
2.290440369833664939e+43
2.455763570167217479e+43
2.632025989358233463e+43
2.821427196713780276e+43
3.023357273465965152e+43
3.238093214533783863e+43
3.469524728142862838e+43
3.719287793262026208e+43
3.983006687041257135e+43
4.265239190096646960e+43
4.572308808974643667e+43
4.902008399999319856e+43
5.254412254793909000e+43
5.631826865227042460e+43
6.038578402218604580e+43
6.473388503538158053e+43
6.944178993408029813e+43
7.446165330600277086e+43
7.979427525937599945e+43
8.553194596419198446e+43
9.169829282402336712e+43
9.819043902053929431e+43
1.052973587699131232e+44
1.128722151466027879e+44
1.209024482791950983e+44
1.294849967747824031e+44
1.387771887219518675e+44
1.486729142657919279e+44
1.594179434336696602e+44
1.709694001041756379e+44
1.832509081945946538e+44
1.964005852802796183e+44
2.104446480671188061e+44
2.253868902805894044e+44
2.411766346405423071e+44
2.583941194788409487e+44
2.767755640798087153e+44
2.965725320108596575e+44
3.178154257305388508e+44
3.407092634762180198e+44
3.652874379563795392e+44
3.917189310695369728e+44
4.200594372516100039e+44
4.501713213225495831e+44
4.824312096045522213e+44
5.171323130247425766e+44
5.542254931490632980e+44
5.942413892764137078e+44
6.368269963110427444e+44
6.829079783616935926e+44
7.318481335713233852e+44
7.846773585626368001e+44
8.413507373626112256e+44
9.021611705316122630e+44
9.676947136792653823e+44
1.037107579890631646e+45
1.110991552627072609e+45
1.190094890097494412e+45
1.275373520697009818e+45
1.366475550886831274e+45
1.465118096071873221e+45
1.571178432600011745e+45
1.684815651235262573e+45
1.807188555459453900e+45
1.937641321262103417e+45
2.078136493879451475e+45
2.229441012095951145e+45
2.391299898006513889e+45
2.563613396533654656e+45
2.747818461752790792e+45
2.945387280117328973e+45
3.157254456341952315e+45
3.385365375876387595e+45
3.629837990957138955e+45
3.890278209932564841e+45
4.167580517098043420e+45
4.469095851369608128e+45
4.793009377419977282e+45
5.138515998935550370e+45
5.509826809837915886e+45
5.905325763888568279e+45
6.333281539630537291e+45
6.788304794688791811e+45
7.274124520103575937e+45
7.796959857959692939e+45
8.355983986410803173e+45
8.952428253003294249e+45
9.595582131663115019e+45
1.029152422131634937e+46
1.103787558468168883e+46
1.183954337646451011e+46
1.269682468552875472e+46
1.360651592105660674e+46
1.458177122136891347e+46
1.562336649359303915e+46
1.674320973614881699e+46
1.793347281597916529e+46
1.920841762534828233e+46
2.057021830900569336e+46
2.203671958764742033e+46
2.361006092639285478e+46
2.529266409362326131e+46
2.707869118019984217e+46
2.900264995334767664e+46
3.105805197922528035e+46
3.325519590713068626e+46
3.559940860237428350e+46
3.815881156396058462e+46
4.089520403047485428e+46
4.379337678404583978e+46
4.691051350432747674e+46
5.027879974179315135e+46
5.384677801894394345e+46
5.771662634367660571e+46
6.184283246101409468e+46
6.624583640359617529e+46
7.097681711581197639e+46
7.605264658382298115e+46
8.147702767596707180e+46
8.728498064277192294e+46
9.358378280230733352e+46
1.002764681695162023e+47
1.074459122114028365e+47
1.151048726595062894e+47
1.233584496157315013e+47
1.321301791430464545e+47
1.415553533158605037e+47
1.516625266242779964e+47
1.624206635460154029e+47
1.740887756361729162e+47
1.865389217693405660e+47
1.999240697961459611e+47
2.142491391499227243e+47
2.296746925823573594e+47
2.461103703427417673e+47
2.637850329178486461e+47
2.827300625712529009e+47
3.030863093049914593e+47
3.248730618180329092e+47
3.481388415329032209e+47
3.728956243942243187e+47
3.996485559691268198e+47
4.282126600092505521e+47
4.587993625053405791e+47
4.914205387411077793e+47
5.266364810770978700e+47
5.643296582409978542e+47
6.043953795005289025e+47
6.475520295851868548e+47
6.938499110920321884e+47
7.430508153743454757e+47
7.959850007330259850e+47
8.529608612043687729e+47
9.134949339167310711e+47
9.785707768443350427e+47
1.049132822579880711e+48
1.123041992233045238e+48
1.202790102479162229e+48
1.289661347868490414e+48
1.381036736543055820e+48
1.478723646496519547e+48
1.584784769216983013e+48
1.696760014122523978e+48
1.816845791206461412e+48
1.948524053516324190e+48
2.086966656850615726e+48
2.235765970653018276e+48
2.396695033074584412e+48
2.567975606852620492e+48
2.749561268114747712e+48
2.947531789140506901e+48
3.159013745432019913e+48
3.384033898742913333e+48
3.628114270264663415e+48
3.889832556023954276e+48
4.168036395875397880e+48
4.467896955153997471e+48
4.788139356529918526e+48
5.131629963007751747e+48
5.500711780641315830e+48
5.895841341598889356e+48
6.312629083940536464e+48
6.765700478868100097e+48
7.251809749476823008e+48
7.768211026995582751e+48
8.322371313475985887e+48
8.925298606130849161e+48
9.568005332154702608e+48
1.025818128114496044e+49
1.099800057349333801e+49
1.178709365444927873e+49
1.262708519729849265e+49
1.353429404309173621e+49
1.450583396806606067e+49
1.554302769958316688e+49
1.666302247551908372e+49
1.786793261710098624e+49
1.915856779101362041e+49
2.054482213299799200e+49
2.202559618516326182e+49
2.360546343596027407e+49
2.529716991617899100e+49
2.710410007047690967e+49
2.902227861951094582e+49
3.108925176991968877e+49
3.332614660609546096e+49
3.568599738825731262e+49
3.824779957783154479e+49
4.101608902514202239e+49
4.392652067012009462e+49
4.706955322426967853e+49
5.047430314683548020e+49
5.408916362273028587e+49
5.794545684941961813e+49
6.210513140697563528e+49
6.656347885310235069e+49
7.138560036671683638e+49
7.656776116632007550e+49
8.208806947874619908e+49
8.797656537812870708e+49
9.433721365861353916e+49
1.011218790959563911e+50
1.082911048033122027e+50
1.161034223679527941e+50
1.245094730028458335e+50
1.334498043714959194e+50
1.431175609417979687e+50
1.534741086633173832e+50
1.644624536432861451e+50
1.762434986070485015e+50
1.888967996047036624e+50
2.023917834820242688e+50
2.169910276924311294e+50
2.327853742161838661e+50
2.495728074296459358e+50
2.676527501032753552e+50
2.872146714123447170e+50
3.080309881600596774e+50
3.302303308434888409e+50
3.541823068170896211e+50
3.798549450330954646e+50
4.071732135777848072e+50
4.365416075657110808e+50
4.681587557250995755e+50
5.019473404030834849e+50
5.382144859407326679e+50
5.769800407064983885e+50
6.182576452021981093e+50
6.629708813077409347e+50
7.109966566435982695e+50
7.618912511852213413e+50
8.168557109121589222e+50
8.763305258082723913e+50
9.393760834427687475e+50
1.006670164604829645e+51
1.079368058514493874e+51
1.156506934018655878e+51
1.239938210563266028e+51
1.329631652886382867e+51
1.425370859767366169e+51
1.526939709492340516e+51
1.636936763393921184e+51
1.756203203656787193e+51
1.882937100569132335e+51
2.018909792081911441e+51
2.165409039788908699e+51
2.319888838352032698e+51
2.486925212459709341e+51
2.667684250791250615e+51
2.858222193914482515e+51
3.065851185508969822e+51
3.289493214341241339e+51
3.525147547143088317e+51
3.777381641723586347e+51
4.052295058236246617e+51
4.345607911005248659e+51
4.660017370742471554e+51
4.998951996596919789e+51
5.359700639771587741e+51
5.743118699441566132e+51
6.160316831190103380e+51
6.608894595245189637e+51
7.090844008115388901e+51
7.610580543765786712e+51
8.162979597681594109e+51
8.747668024916087950e+51
9.381348695590577305e+51
1.006189423912027581e+52
1.078521244640798080e+52
1.156221010703040199e+52
1.240330833215036465e+52
1.329693738530879380e+52
1.426684332919795070e+52
1.531174861247894058e+52
1.640951705288987277e+52
1.759265283215611327e+52
1.888790725783309842e+52
2.026171445109124860e+52
2.174866764912685599e+52
2.334563832061162299e+52
2.503938910986527551e+52
2.685925867803100106e+52
2.882215180175488901e+52
3.091560325988861996e+52
3.316886145460002387e+52
3.557823309692193086e+52
3.813086875028074929e+52
4.087007130133887472e+52
4.385946785667688022e+52
4.705029191844013985e+52
5.042801943307141976e+52
5.410274270830544870e+52
5.799609895265730739e+52
6.211183518361589856e+52
6.657988098690104983e+52
7.139187406301333247e+52
7.650170368327296063e+52
8.204938735700657663e+52
8.803029668788806744e+52
9.431842007787191100e+52
1.012100797097107407e+53
1.085883476364954738e+53
1.164632018630757468e+53
1.249236157216882806e+53
1.340347036973558508e+53
1.437074278840909590e+53
1.539701127335801739e+53
1.650925127710824294e+53
1.770054961980282097e+53
1.897840113997416306e+53
2.034732267021251165e+53
2.181486955689531836e+53
2.338548539164203766e+53
2.507368709314438247e+53
2.687942682158053172e+53
2.880249464136354076e+53
3.086812696262030507e+53
3.309507465799924817e+53
3.545440972609363608e+53
3.800360546795933555e+53
4.074676021795402767e+53
4.363522698096294376e+53
4.676636860620617981e+53
5.013149970863887524e+53
5.369154650405105905e+53
5.756094378360308153e+53
6.170326350949254432e+53
6.611736138629129921e+53
7.087254084166038315e+53
7.600662511689009959e+53
8.143284898523926171e+53
8.727561141039772330e+53
9.359690906116238746e+53
1.003870307507451130e+54
1.077168084233462237e+54
1.155522684678179807e+54
1.238852090252011506e+54
1.328062023884831593e+54
1.425284636298327634e+54
1.528246517212810576e+54
1.638594085991396686e+54
1.758138307126136704e+54
1.884855915706726218e+54
2.019432425352822107e+54
2.164531412227462990e+54
2.320135482854459977e+54
2.486619758504188502e+54
2.667921981213428616e+54
2.861903528553656493e+54
3.067157818847687393e+54
3.288686731755847557e+54
3.523953215319119222e+54
3.775755789993085361e+54
4.047454071248996712e+54
4.341800929632491159e+54
4.656704893139096533e+54
4.998320150104495338e+54
5.360350508224419742e+54
5.744023166580183312e+54
6.155753860741680041e+54
6.599938606384204680e+54
7.073927306052557330e+54
7.580533912501779409e+54
8.129087550505104900e+54
8.711234501526851142e+54
9.339143083523138420e+54
1.001553581887846761e+55
1.073473232609183473e+55
1.150602653443732615e+55
1.234099544717925765e+55
1.322688629393824431e+55
1.417131145806710821e+55
1.518363403780850449e+55
1.627315606999364229e+55
1.742809738288894067e+55
1.868001315891069602e+55
2.003196181604751264e+55
2.146859802534862650e+55
2.301225980584206996e+55
2.468395048916843392e+55
2.643008152211427484e+55
2.830642314488251811e+55
3.034207710071444464e+55
3.250466369614248396e+55
3.482128036571563491e+55
3.733103234884319099e+55
4.001226432211138580e+55
4.285030657699912840e+55
4.594132816285802935e+55
4.924733801795423853e+55
5.273528555627625012e+55
5.652689459622265705e+55
6.060299860955097172e+55
6.492712468561261876e+55
6.959197903700529822e+55
7.457171998463008913e+55
7.976512432108442435e+55
8.546674074377663384e+55
9.161952181488432039e+55
9.807942460465522915e+55
1.050894503394236627e+56
1.127238042753543095e+56
1.208168980743131163e+56
1.295695765541522160e+56
1.389830624617612081e+56
1.490344230878430812e+56
1.596890955940851924e+56
1.712862549116993397e+56
1.836064345727753564e+56
1.968840211022034331e+56
2.112456745273937209e+56
2.264862085606218483e+56
2.428114751483982279e+56
2.602641362534009049e+56
2.790217015160546128e+56
2.990363899097089262e+56
3.205851486534414967e+56
3.436073210362179244e+56
3.683254992583720800e+56
3.948993760643076957e+56
4.231797859649783446e+56
4.534481360916764864e+56
4.854769946663581741e+56
5.202220090060738009e+56
5.574471727042037624e+56
5.973945769599267260e+56
6.400599719508237813e+56
6.855536486837423784e+56
7.343902695339500487e+56
7.869226550667716579e+56
8.435772492081735406e+56
9.044653461759437347e+56
9.695877244549778519e+56
1.038692107883552471e+57
1.112070137962480951e+57
1.192650564054942028e+57
1.278380965978765709e+57
1.370165769889549047e+57
1.469365707750582320e+57
1.574574564070993910e+57
1.685228000295518875e+57
1.806437384700757199e+57
1.936244716519884548e+57
2.075625144845248384e+57
2.226337566750113164e+57
2.386404750572920934e+57
2.557050320094342714e+57
2.742110753205665834e+57
2.939685144838534834e+57
3.150490734235158483e+57
3.377186421551104832e+57
3.623708165923967923e+57
3.885148489762908876e+57
4.163766708601681915e+57
4.466569904871936067e+57
4.786852302105176556e+57
5.129189431886447342e+57
5.501833943531480828e+57
5.897234308423760228e+57
6.311959983809375700e+57
6.765744449043250786e+57
7.254127014186661639e+57
7.775038524921607431e+57
8.338520955261857830e+57
8.938716821444147344e+57
9.572489657513219609e+57
1.026610014062376544e+58
1.100944368948155607e+58
1.179534782667456098e+58
1.263170170237354532e+58
1.352794753272643401e+58
1.448607626052009376e+58
1.552864655776772759e+58
1.666024823961702507e+58
1.786425350292209994e+58
1.914715140439829392e+58
2.052473462364203111e+58
2.200861027208901733e+58
2.361140256185044631e+58
2.532484052980682278e+58
2.714371757284206785e+58
2.908369765946124581e+58
3.114155345772698660e+58
3.336594163202181946e+58
3.573928032171094063e+58
3.830334500030398970e+58
4.105723999198735389e+58
4.397444201638338522e+58
4.712952221933144618e+58
5.052556360189226214e+58
5.413277292033894020e+58
5.803419605097172882e+58
6.221193212871143242e+58
6.664142790235085294e+58
7.134015720643626637e+58
7.645107269423681214e+58
8.195294378734826926e+58
8.780916862762413791e+58
9.406802540326927019e+58
1.008517253701579517e+59
1.080180500898339177e+59
1.157129052172711807e+59
1.240183498072987998e+59
1.328382042323132025e+59
1.424037642214088805e+59
1.526912231493252767e+59
1.636213300258548400e+59
1.752360386757232340e+59
1.877926612205050427e+59
2.011651228074874787e+59
2.155528963885146149e+59
2.309862226203978371e+59
2.476364071673718612e+59
2.653581496853044474e+59
2.843585852138697483e+59
3.045144382097610985e+59
3.261757535742454593e+59
3.494770721362370619e+59
3.742836682817737144e+59
4.010314836095493577e+59
4.296007454821630128e+59
4.602457087093765893e+59
4.925259909602914367e+59
5.275450925577579868e+59
5.654760694038108890e+59
6.060406566502841211e+59
6.499343688534073937e+59
6.970905363313200412e+59
7.475389507271579280e+59
8.009895305341362144e+59
8.587436340187326132e+59
9.205814918846022986e+59
9.863778372763751135e+59
1.057252638879871451e+60
1.133235709050338827e+60
1.213836677841710583e+60
1.300640880906350682e+60
1.394615884398154313e+60
1.495100768444142637e+60
1.602894490621855136e+60
1.719359632566705033e+60
1.844365682084185915e+60
1.976960615034134829e+60
2.118859730225242500e+60
2.270633903812295441e+60
2.432925081477966568e+60
2.606812029768316689e+60
2.792739736294123961e+60
2.992393341996710816e+60
3.207745769668338775e+60
3.436258478840221997e+60
3.680930631738884782e+60
3.943424543510920019e+60
4.225427808996013369e+60
4.528462311238183971e+60
4.852462049464760914e+60
5.200103900447103097e+60
5.575413806478982495e+60
5.976746227735495325e+60
6.404015181624774511e+60
6.867600313089785976e+60
7.358253448225850384e+60
7.879471266922958122e+60
8.444457214604111735e+60
9.047037449591271225e+60
9.693596278526856681e+60
1.038784115048867124e+61
1.113653242769323421e+61
1.193121787497206359e+61
1.278559963952252571e+61
1.370277417550762478e+61
1.468924663015631332e+61
1.575217060271227564e+61
1.689573691329958400e+61
1.812206730692466040e+61
1.943246873834236246e+61
2.084100859167958428e+61
2.234854059447637881e+61
2.395542869057155822e+61
2.567744459513362576e+61
2.753696139081118186e+61
2.950659835047101654e+61
3.163464337801862587e+61
3.392099556433268850e+61
3.635202473676339790e+61
3.896591821806101443e+61
4.180069624254426092e+61
4.479992448670632651e+61
4.803729205401789658e+61
5.144886637386672389e+61
5.515667164940130518e+61
5.909757027445854699e+61
6.334509507618105814e+61
6.790598681336843331e+61
7.278870853837549978e+61
7.802576236931886940e+61
8.359351603408408430e+61
8.956382071758027853e+61
9.604736948916761160e+61
1.030052771868863360e+62
1.103124724912661360e+62
1.181834196548209959e+62
1.266909474275058147e+62
1.356536233352575226e+62
1.453967587483184872e+62
1.558348041129553193e+62
1.669311955686784240e+62
1.787117270985387709e+62
1.915106931944531879e+62
2.052927673716462766e+62
2.199955347115478739e+62
2.359290211801489296e+62
2.528512945779829408e+62
2.707064441054969698e+62
2.900516482927542845e+62
3.108005383062221522e+62
3.327501863654414076e+62
3.566488636177272972e+62
3.823669158604758239e+62
4.098104565736594255e+62
4.394578570299229516e+62
4.709755992485802235e+62
5.041397517910115817e+62
5.401332878116795535e+62
5.788680141343106954e+62
6.194834641548087472e+62
6.635162001892091215e+62
7.110755633470168639e+62
7.611456053680761973e+62
8.147844767677139057e+62
8.732601892587501467e+62
9.348575154063039979e+62
1.000878307809764627e+63
1.072759273034417270e+63
1.149033390892155500e+63
1.229397549398107064e+63
1.316516898292929165e+63
1.411238876806995362e+63
1.512060735488771132e+63
1.620825058638371470e+63
1.737903727413985480e+63
1.861902205393159614e+63
1.994533551664108295e+63
2.137542639812883989e+63
2.287591093858776833e+63
2.450311351390200331e+63
2.626031101671605730e+63
2.811252284536930984e+63
3.009973006400808107e+63
3.226009239982383910e+63
3.450760393491085471e+63
3.694610188079032794e+63
3.960442055046406728e+63
4.242539241170997940e+63
4.541104388626187409e+63
4.865532240066788710e+63
5.214390319801558873e+63
5.586560581253958582e+63
5.985527104429978779e+63
6.412652367147127144e+63
6.868236874855521628e+63
7.361802011806895312e+63
7.888145252209887932e+63
8.443897452213888671e+63
9.048762892743828551e+63
9.697073279019408334e+63
1.037334310230089057e+64
1.110224282300570099e+64
1.189450359021799588e+64
1.270958674880512532e+64
1.360823769588283598e+64
1.458099790026530075e+64
1.561589085854866962e+64
1.673263975272807089e+64
1.793741253530414413e+64
1.919960890811373377e+64
2.054929661432080927e+64
2.201396937092133011e+64
2.358295514726438961e+64
2.525068582379234776e+64
2.706110610243515158e+64
2.898358547389190788e+64
3.104706983422281809e+64
3.328193269998103063e+64
3.566108252568146714e+64
3.818100978266014258e+64
4.094702446391931236e+64
4.388073830100257618e+64
4.698565645882890709e+64
5.033323438152786532e+64
5.395522456532239307e+64
5.780469307934822253e+64
6.196193446831370097e+64
6.643454105793591566e+64
7.114813296632874089e+64
7.621441580263943957e+64
8.173070902285942455e+64
8.753490427050609159e+64
9.377409054623108299e+64
1.005573259926472900e+65
1.076855827456402983e+65
1.153203537100730812e+65
1.236199386309036879e+65
1.323288378090065239e+65
1.416555193796167912e+65
1.518905768129333998e+65
1.627712465026202960e+65
1.742829533327207356e+65
1.867968117005445355e+65
2.002038797033953838e+65
2.144934411036113103e+65
2.297240494325939255e+65
2.462740917741910869e+65
2.637801823147766403e+65
2.827544356886261500e+65
3.032599356940475427e+65
3.248939292990964660e+65
3.478386810417616364e+65
3.726645832437731015e+65
3.988791305661818173e+65
4.270153618094796840e+65
4.575358723112052144e+65
4.901090308498956241e+65
5.248094517183930693e+65
5.623620159411172675e+65
6.025838096082215169e+65
6.452972323306516026e+65
6.916337905110452561e+65
7.410485688874814193e+65
7.927894675479074485e+65
8.489077646723178637e+65
9.091804071066300576e+65
9.729192839327355448e+65
1.041392874238891425e+66
1.115745663737124697e+66
1.193103941980350568e+66
1.276946232225917528e+66
1.368265177173106423e+66
1.464196080890417958e+66
1.567656974757246908e+66
1.680183965156269350e+66
1.798783068019187156e+66
1.926964081582670366e+66
2.065835058763227610e+66
2.211727884555603968e+66
2.368771689017266905e+66
2.538907953601675899e+66
2.718948374117515117e+66
2.910910960570532856e+66
3.119734507725060116e+66
3.343592921468165557e+66
3.583459148591480269e+66
3.842787681194696598e+66
4.119569287866846180e+66
4.412239033830071324e+66
4.727798174127300413e+66
5.065605330402063429e+66
5.419542799542409309e+66
5.807486930862792255e+66
6.225451602078453987e+66
6.657786405934630542e+66
7.127840615889139051e+66
7.635668098014558358e+66
8.164989145673398071e+66
8.747401339859294865e+66
9.378565461786749309e+66
1.003710704751094474e+67
1.075445437142711830e+67
1.152938020233119186e+67
1.233699888640118958e+67
1.321599213106462000e+67
1.417094998216153045e+67
1.518244205077272700e+67
1.626528673986283940e+67
1.743455296180884778e+67
1.867786681855014690e+67
1.999818481078310198e+67
2.143527867573913629e+67
2.296841952128471934e+67
2.460054458919470876e+67
2.635881053624463353e+67
2.823226734036188463e+67
3.020464927343874682e+67
3.237834657158801285e+67
3.470131400146515177e+67
3.714489080943056704e+67
3.978551548562275229e+67
4.264216702084420512e+67
4.563207983789479206e+67
4.888195163400669148e+67
5.241921546280778025e+67
5.615776511636041265e+67
6.018267818104861280e+67
6.452304225666238179e+67
6.911356166785096415e+67
7.394433215594245650e+67
7.927615903123665955e+67
8.493248677583202994e+67
9.092218022544099022e+67
9.748729788804832266e+67
1.044583658798735881e+68
1.118758387027767778e+68
1.199423887893418385e+68
1.285723092995846750e+68
1.376267583295414777e+68
1.475227120064630097e+68
1.581935193169023660e+68
1.693324039058995573e+68
1.813067365010258745e+68
1.942298937714263555e+68
2.078076068834662051e+68
2.223382362252672539e+68
2.382260588687308680e+68
2.549610147183869786e+68
2.729588144865889679e+68
2.925326889057058823e+68
3.131758325096810575e+68
3.350572773350371129e+68
3.588648819474326973e+68
3.845051543506461677e+68
4.114029778840699781e+68
4.405371887142058910e+68
4.720723024345403472e+68
5.056428570950865189e+68
5.416336946522358489e+68
5.806802003126131031e+68
6.215646842064404997e+68
6.659086738947169201e+68
7.137896360079495570e+68
7.643391945681500554e+68
8.189898144756518582e+68
8.778746699013909569e+68
9.402116842331449671e+68
1.007451135036429187e+69
1.079936992461335088e+69
1.155434922291674255e+69
1.237494783752152520e+69
1.326707426763489762e+69
1.419938407162866746e+69
1.520238458417500668e+69
1.627929893876847980e+69
1.742510581779246416e+69
1.864414360646270674e+69
1.997300993193659583e+69
2.139707849293950307e+69
2.291543545404615534e+69
2.455006683755473201e+69
2.629582474469255659e+69
2.816226840484789892e+69
3.017122307855993622e+69
3.232133533196856865e+69
3.461436264768338049e+69
3.705910885393067297e+69
3.970673849045671630e+69
4.252691331650986149e+69
4.556057868404054421e+69
4.880846706095678164e+69
5.223508090924918685e+69
5.598194589843751638e+69
6.000889251169149300e+69
6.427074744499859708e+69
6.891654971580571074e+69
7.386750655863697999e+69
7.910788499181080995e+69
8.475654883278799000e+69
9.082415638225745831e+69
9.722641435206481387e+69
1.041314891708582177e+70
1.115719742872803865e+70
1.195344099493270832e+70
1.279434805324399887e+70
1.370886251511580916e+70
1.469082273153414731e+70
1.573181187271013510e+70
1.685603104096006001e+70
1.805309648955423682e+70
1.932427778705003907e+70
2.069734280258099650e+70
2.218115499753834133e+70
2.373528690047396587e+70
2.540665182981125638e+70
2.721531741251572439e+70
2.911798544798800687e+70
3.117069928813867441e+70
3.339492838236758784e+70
3.575682124546849853e+70
3.831147873103512747e+70
4.107348391157339677e+70
4.398412482730438892e+70
4.710538333870619058e+70
5.048642701983512892e+70
5.407751950931402117e+70
5.791691621150489048e+70
6.206545183174312778e+70
6.648902506445162595e+70
7.114865497590298463e+70
7.620478599944345128e+70
8.165145365610058374e+70
8.741561008149727603e+70
9.369610251115036953e+70
1.003707266171140835e+71
1.073887300710706468e+71
1.150314533726354554e+71
1.232469132765433816e+71
1.318965074174258760e+71
1.411710430026373406e+71
1.512474175905645421e+71
1.617628024766347495e+71
1.731707437564058304e+71
1.853845085105772156e+71
1.982033338065597039e+71
2.121197683891357477e+71
2.272369466641261531e+71
2.432230832783754649e+71
2.604813883154456010e+71
2.791324983992190466e+71
2.989438167061609735e+71
3.200286046936126435e+71
3.429386201197681059e+71
3.673884370976808667e+71
3.932510567279111966e+71
4.214520872161758324e+71
4.514009611849849563e+71
4.831546524857526942e+71
5.176699826705448326e+71
5.547009295322852798e+71
5.933509968670071310e+71
6.355191851634475505e+71
6.808451892200386701e+71
7.282620351622642922e+71
7.790787117296444396e+71
8.344202502206610055e+71
8.936657733665284322e+71
9.567073061410187299e+71
1.024699398669747196e+72
1.097649522710089737e+72
1.176015860508101137e+72
1.260298535298822733e+72
1.349538622354057072e+72
1.445204240134643765e+72
1.548987512301257819e+72
1.659848244705825981e+72
1.777594708099985785e+72
1.905322827907366908e+72
2.040966787155634441e+72
2.184795643199369426e+72
2.340914589740929287e+72
2.507497950382762747e+72
2.685202606591776110e+72
2.878060307853966066e+72
3.085440827613159265e+72
3.305274388119851631e+72
3.539984532382994435e+72
3.794443429088392269e+72
4.063829102900866987e+72
4.352117028691453628e+72
4.666065135599946435e+72
4.997765604228079478e+72
5.354507064031405309e+72
5.740043485698901662e+72
6.151597150979932193e+72
6.590222347340770469e+72
7.068855278843309953e+72
7.579107556969468817e+72
8.117445963972197834e+72
8.701985133331571008e+72
9.326626642823370072e+72
9.987360927740297718e+72
1.070476617162439371e+73
1.147376875157196483e+73
1.229115968777260518e+73
1.317598850403820820e+73
1.412960244030519529e+73
1.513005146923380507e+73
1.620114864691963210e+73
1.737529658847210882e+73
1.861183152252513417e+73
1.993771251237628347e+73
2.136754837664394780e+73
2.288782555385021059e+73
2.450303572946535231e+73
2.626345117358055312e+73
2.813239892593691960e+73
3.012442306442722976e+73
3.230195746044955104e+73
3.460644918748948252e+73
3.702775377647038953e+73
3.968126666643483816e+73
4.252384165630144258e+73
4.555769955128482788e+73
4.880835949194827193e+73
5.231847846918618771e+73
5.598021498127441252e+73
5.997190348742824345e+73
6.430734837014822133e+73
6.885628669103970363e+73
7.375973534659565232e+73
7.907951835777679605e+73
8.464741302484984961e+73
9.070218688415864338e+73
9.728043267058281183e+73
1.042000238701881210e+74
1.116334863947102362e+74
1.197061817848345372e+74
1.281376348130555278e+74
1.370977701266254739e+74
1.469793714856276159e+74
1.575399688565455483e+74
1.686671330351020370e+74
1.808493542618266494e+74
1.938713879457693720e+74
2.074769011481260933e+74
2.223860833403419979e+74
2.385064095309072742e+74
2.553546319513253605e+74
2.736044200745788054e+74
2.934624901347171958e+74
3.140485554667519203e+74
3.362416661775651346e+74
3.605167171696761317e+74
3.861388169438864186e+74
4.135881883052586931e+74
4.431780388241184784e+74
4.746768011821416478e+74
5.083806543034216089e+74
5.449526962518000347e+74
5.839890019229857523e+74
6.252222832973401024e+74
6.702284320290355916e+74
7.183501937388737649e+74
7.689498095121898129e+74
8.248643325611586267e+74
8.841972430684148153e+74
9.463227132261189680e+74
1.014584270703289914e+75
1.087552886163049524e+75
1.164548750257575657e+75
1.248140947470602485e+75
1.338335510037330128e+75
1.433623658728588700e+75
1.536314829814970696e+75
1.647440980809595819e+75
1.764530767188551723e+75
1.889524927708594436e+75
2.025809908473433047e+75
2.169478268908988054e+75
2.324493773579146311e+75
2.492302524101861023e+75
2.669887008317945182e+75
2.857280260317051251e+75
3.060978225659661431e+75
3.278629202252154161e+75
3.508636042069777032e+75
3.761649199678114817e+75
4.035094283104203606e+75
4.324208524342757079e+75
4.635878678266855799e+75
4.968793309115217981e+75
5.314564878035963325e+75
5.693551738654249352e+75
6.103854564631405654e+75
6.529168620596663785e+75
6.993221547118010596e+75
7.497781832168196580e+75
8.024226751318970557e+75
8.595012770956134362e+75
9.222986961884439106e+75
9.874054343131264659e+75
1.057706369757718969e+76
1.134448205962289065e+76
1.215129629343384657e+76
1.300794941574929742e+76
1.394903522488751943e+76
1.494405378033377629e+76
1.599739616531708138e+76
1.715820877919759778e+76
1.838652551921852144e+76
1.968221470869258868e+76
2.110369613335147322e+76
2.263037985084296878e+76
2.423200609240784110e+76
2.597516644457021808e+76
2.785780023975213943e+76
2.979265792870979958e+76
3.191276226451489546e+76
3.423101718888595996e+76
3.662557984361804832e+76
3.924284745689762306e+76
4.211099976518954346e+76
4.510002345313099073e+76
4.832523462202176512e+76
5.186080415598968464e+76
5.555486065715800306e+76
5.954012466178815640e+76
6.386530031738080952e+76
6.840744583738712479e+76
7.327381114834012405e+76
7.858813127766741339e+76
8.421538385230616566e+76
9.019297333202392988e+76
9.673846328815974632e+76
1.037004471251923523e+77
1.110822039523503103e+77
1.191045895462954928e+77
1.276826563519677535e+77
1.366213537397442668e+77
1.463347498137497636e+77
1.569062691046917878e+77
1.677916446849152507e+77
1.795746852631948165e+77
1.925261587307167806e+77
2.061792859736606328e+77
2.209859408124101813e+77
2.370857471178344682e+77
2.536478356443747342e+77
2.716391272876461393e+77
2.913305317436038826e+77
3.121153601318323689e+77
3.342125211552350009e+77
3.583334056202025678e+77
3.839340477579618673e+77
4.113459295275447263e+77
4.411185582485827749e+77
4.728964893868715582e+77
5.066265824874922029e+77
5.436318862877583370e+77
5.829752378512335554e+77
6.239104077732591828e+77
6.687907125764669249e+77
7.169767846478590137e+77
7.672327846591039648e+77
8.218314842042184742e+77
8.811053468534184602e+77
9.427567144320950176e+77
1.009802911578279919e+78
1.082354699873812446e+78
1.157953979594884227e+78
1.239528985848770118e+78
1.329410967978766755e+78
1.423197075363957658e+78
1.524304078265335479e+78
1.634600758798818625e+78
1.750734881357367103e+78
1.874407298536779514e+78
2.010175376261123465e+78
2.152943338796946434e+78
2.304474746011173870e+78
2.471026287702306839e+78
2.647948593490102735e+78
2.834756116511369265e+78
3.039576837471302929e+78
3.257902269375311103e+78
3.486204073203784159e+78
3.734459767766127819e+78
4.001375828133635827e+78
4.283481730290178137e+78
4.589386958747309628e+78
4.920707829379494673e+78
5.268499767703737449e+78
5.642527010379867107e+78
6.051244576050898966e+78
6.478622830922864211e+78
6.934857756900943869e+78
7.436643446211532070e+78
7.961395522854756422e+78
8.526135340368141599e+78
9.141184170035061352e+78
9.786495314923608406e+78
1.047896351880702531e+79
1.123183799996606842e+79
1.202383719280346173e+79
1.286478543950444978e+79
1.379785844710225066e+79
1.479228716165042760e+79
1.583790286344526588e+79
1.698267726198301183e+79
1.820100665190594053e+79
1.947696728674957770e+79
2.086961608699401134e+79
2.237709695732374924e+79
2.395443655080298259e+79
2.567659148924854405e+79
2.754519016604170336e+79
2.948107146949533915e+79
3.157388661550460699e+79
3.385952401636164764e+79
3.625138985045859961e+79
3.881389658932278383e+79
4.161592965559730929e+79
4.455642501224405030e+79
4.769431315213033063e+79
5.114022573908585263e+79
5.478954188517241337e+79
5.863813466780973861e+79
6.284289416581781206e+79
6.734956259024483551e+79
7.204057726673333155e+79
7.719302010787341447e+79
8.274287845507007276e+79
8.855255036502776624e+79
9.488684746329597611e+79
1.017689113950606761e+80
1.089225888017041369e+80
1.167132835434425510e+80
1.251931707131842369e+80
1.339959988664637248e+80
1.434869844796031223e+80
1.538503874803358763e+80
1.647013461573616916e+80
1.763454017076572902e+80
1.892057672120698398e+80
2.025694177125802297e+80
2.169106845928253955e+80
2.327610573696142052e+80
2.493237300391871031e+80
2.666450537003701217e+80
2.857954252630765148e+80
3.061735940216624390e+80
3.272387800024956154e+80
3.506074797040391055e+80
3.753879497239355124e+80
4.012875556060707372e+80
4.299271488555017824e+80
4.605586618710785266e+80
4.925362381395997911e+80
5.274798711488029571e+80
5.649902033570866964e+80
6.044553971284778135e+80
6.473362142788506592e+80
6.941271706319257106e+80
7.428136626671865327e+80
7.952484499126889462e+80
8.526019817579719750e+80
9.121763177923893140e+80
9.766933187254365315e+80
1.046970716585857285e+81
1.121359961693774226e+81
1.200878272207574903e+81
1.287819766784167380e+81
1.379749428641859278e+81
1.475963298312988123e+81
1.581453890591372671e+81
1.694259585759363322e+81
1.812966809318612269e+81
1.943530964946045110e+81
2.084458233278149209e+81
2.229643386012377899e+81
2.389610213563364889e+81
2.562398774244633291e+81
2.742107557737746003e+81
2.937158101620897967e+81
3.148511858407474785e+81
3.367446142454241912e+81
3.606654523508899300e+81
3.871271529580678985e+81
4.145295557939141387e+81
4.436346836889464289e+81
4.758671411920469156e+81
5.095457753912726108e+81
5.454231466872476277e+81
5.850619360810247870e+81
6.270261914224406479e+81
6.712627231749661140e+81
7.197371872096808243e+81
7.709179311957036353e+81
8.243713158051848649e+81
8.834565355760763551e+81
9.466303042349891929e+81
1.012251221200591497e+82
1.084217092608002620e+82
1.161688012782427735e+82
1.242438153509951231e+82
1.331743127961234385e+82
1.427822285425876956e+82
1.528187918550417370e+82
1.637485685978336583e+82
1.754102062243584852e+82
1.878169417941649368e+82
2.012467549440720427e+82
2.157528669036092104e+82
2.311105962527406326e+82
2.475877926287351895e+82
2.653010734493384099e+82
2.841733697764149004e+82
3.042596919432579613e+82
3.262616513949224050e+82
3.497297887528461485e+82
3.746109286511704631e+82
4.017697772974582750e+82
4.305878678907243242e+82
4.609299526737416962e+82
4.939351229074478466e+82
5.292300012645621568e+82
5.661654131166222150e+82
6.065072065367654142e+82
6.503169567623738617e+82
6.957164143247792141e+82
7.453415491237070443e+82
7.991191227404761327e+82
8.551814830139183447e+82
9.161959949774930357e+82
9.825451816396062078e+82
1.051979532421737404e+83
1.126478032066384720e+83
1.207931045087283668e+83
1.293613565668972152e+83
1.385012429784159566e+83
1.484848336411849069e+83
1.590479365380898948e+83
1.702479945126281233e+83
1.826102327094206184e+83
1.957773902813979576e+83
2.097161116760405619e+83
2.248532688402280241e+83
2.410041264108283411e+83
2.579793248346282115e+83
2.764837043725130750e+83
2.962624228819233125e+83
3.171385197062843216e+83
3.399445999026160388e+83
3.644009087130389403e+83
3.900890317322785786e+83
4.180693855635907871e+83
4.481836394773280481e+83
4.797546292117702350e+83
5.142659608137422560e+83
5.516907912854426686e+83
5.907246181478745969e+83
6.326559473025681174e+83
6.786845989961192350e+83
7.268951007788772168e+83
7.780559581721514441e+83
8.345355255788327733e+83
8.937824857133356163e+83
9.570120897609905621e+83
1.026507226798435503e+84
1.100048906883331156e+84
1.178098967247752885e+84
1.262803663288112945e+84
1.354053492389191114e+84
1.449432566853308667e+84
1.553616931993604102e+84
1.665534734331433319e+84
1.782153655198450230e+84
1.910309026822273742e+84
2.048779125154946865e+84
2.192955751284151009e+84
2.350634750570321416e+84
2.520897434311122878e+84
2.696531881993686201e+84
2.886092278318330311e+84
3.093250634610652029e+84
3.311521379087362665e+84
3.545428867749441312e+84
3.799562332813823140e+84
4.063780130890574370e+84
4.349154499230233129e+84
4.658659638941701673e+84
4.985549819845390484e+84
5.338083858256448700e+84
5.720459236743394374e+84
6.125271249453717839e+84
6.552429279940967634e+84
7.020302522635661087e+84
7.521438999243754511e+84
8.047739574367867720e+84
8.628363020091155714e+84
9.248610647027012412e+84
9.897202841425232056e+84
1.060545773611394426e+85
1.136873657296826841e+85
1.216265524865403846e+85
1.302946694055943593e+85
1.397780545886037227e+85
1.496365164352800446e+85
1.603170227585105956e+85
1.719201578321795134e+85
1.840424809105810198e+85
1.970062430008930637e+85
2.112860592524113755e+85
2.263956715326504734e+85
2.425100789090802800e+85
2.600301291784416567e+85
2.785781623844626542e+85
2.982088282005975241e+85
3.197429680346254850e+85
3.424731368168652567e+85
3.665364751882446168e+85
3.932101004536022933e+85
4.215902224963005308e+85
4.513284650147093089e+85
4.840992021261032234e+85
5.192286851627650347e+85
5.559965921482525279e+85
5.961100709165931705e+85
6.393202879699506574e+85
6.842656319486986948e+85
7.330282699900561188e+85
7.857030898530626229e+85
8.407993860595780434e+85
9.007205100560524981e+85
9.659229285085163018e+85
1.033520077547730697e+86
1.106365302208143426e+86
1.185760427022196114e+86
1.269595530390467496e+86
1.358797426168867196e+86
1.458021799746287933e+86
1.563682865474278961e+86
1.674670881402765063e+86
1.796092299169862243e+86
1.925165268143763008e+86
2.061262139996465994e+86
2.210905219967361658e+86
2.371858938516937292e+86
2.539079891680418409e+86
2.720986116762008682e+86
2.914884758097747015e+86
3.119048652465318615e+86
3.341326881287576779e+86
3.579439420430611373e+86
3.832684321286407172e+86
4.108390281650784660e+86
4.403690448763751966e+86
4.717172407056887449e+86
5.052770697459385163e+86
5.417792353724922280e+86
5.806934800501488706e+86
6.219762822253405296e+86
6.667073073990419544e+86
7.144353528037768277e+86
7.648734786036836448e+86
8.197502388247887001e+86
8.784384606515313904e+86
9.405201981286211521e+86
1.007633493202544001e+87
1.079619965791784524e+87
