9.710517579575508318e-01
9.711451471904589683e-01
8.008145343614697653e-01
6.872191695875112805e-01
6.100852293754369660e-01
5.501051824072086260e-01
4.971970755903143968e-01
4.477224250690350349e-01
4.086486377410113446e-01
3.731066148325853926e-01
3.408099329462628280e-01
3.132746682980825370e-01
2.887166211729316201e-01
2.676154252237981090e-01
2.502440981769489814e-01
2.372318082340591494e-01
2.220775207196123147e-01
2.089066548137562818e-01
1.959011232344730624e-01
1.834902694524399580e-01
1.722444824411378805e-01
1.631913922824461682e-01
1.547464902263769315e-01
1.474778303179797023e-01
1.417161968556144291e-01
1.365748238476251486e-01
1.303251449717996169e-01
1.251037418261250755e-01
1.203810349202522750e-01
1.166255453905201689e-01
1.113270361399462394e-01
1.074901640216431170e-01
1.032045930380205562e-01
9.917788153763179571e-02
9.602558732691300614e-02
9.201729519853245332e-02
8.870095270455191638e-02
8.627232600782296090e-02
8.430505321086971537e-02
8.224818759179487737e-02
8.069082960641454916e-02
7.909173636690405851e-02
7.732178665265333761e-02
7.517194252209831451e-02
7.268284111188075269e-02
7.085289071482901713e-02
6.919152235508481408e-02
6.855315881591135529e-02
6.812708005831522029e-02
6.745698180774142849e-02
6.637668721822578832e-02
6.485563921987987090e-02
6.330228313112550020e-02
6.246669875397607707e-02
6.140909663189060563e-02
5.945060042673701306e-02
5.815867082791803533e-02
5.706661564030567763e-02
5.575977479384934543e-02
5.497589810624503581e-02
5.435198502773548601e-02
5.366243614185832456e-02
5.305552723496979872e-02
5.315408003818082594e-02
5.263802966889078588e-02
5.246760682132625003e-02
5.246788568006369169e-02
5.126349451401662760e-02
5.100881233863700098e-02
5.144905641846195948e-02
5.119719704097314833e-02
5.107957791754508259e-02
5.144229592950055191e-02
5.127370005311335244e-02
5.103086024714219987e-02
5.078435305609844269e-02
5.047491316217622703e-02
5.013537342499433530e-02
5.015797443207760387e-02
4.928242021170642362e-02
4.864361043081263242e-02
4.864418358035799833e-02
4.806821685999417004e-02
4.762425001633540517e-02
4.823839670632489030e-02
4.818043564008941265e-02
4.790939061847680758e-02
4.855265739574209094e-02
4.888769873499124174e-02
4.910167791736096826e-02
5.029048008312890505e-02
4.951728849212021916e-02
4.898831640764349238e-02
5.020727702914471596e-02
4.988128317986419147e-02
4.998812960738651529e-02
5.182662675976146271e-02
5.214091551158869103e-02
5.184693825408017570e-02
5.255223572574774932e-02
5.341794470239948078e-02
5.362252197916043961e-02
5.532686145614928303e-02
5.717238081695463769e-02
5.786880084337819863e-02
5.894057629898342282e-02
5.917415796685059765e-02
5.827624645838247464e-02
5.790031559449376752e-02
5.704947677709128195e-02
5.518828514139365732e-02
5.478455698424720272e-02
5.375458646284950875e-02
5.172131773569929591e-02
5.039208169812918470e-02
4.831602842283326538e-02
4.699436499957690416e-02
4.665502887341775595e-02
4.620068548765098038e-02
4.637581204257437695e-02
4.654702430876863500e-02
4.705579197016906967e-02
4.785178007599086986e-02
