9.972543023452922206e-01
9.972485044271872656e-01
9.647642435775731773e-01
9.383857128680005433e-01
9.188125380321104929e-01
8.999272397380879696e-01
8.822072531966999032e-01
8.640305879864785821e-01
8.459762150213425702e-01
8.299402304789547102e-01
8.139361618484537431e-01
7.977701142577696691e-01
7.818399874631954960e-01
7.667884332210213039e-01
7.520426871365368804e-01
7.390320190455458293e-01
7.262504181617311927e-01
7.131363529815762936e-01
6.998047060539549502e-01
6.863623389296992228e-01
6.732590088117339500e-01
6.610956937462681982e-01
6.498250417573085969e-01
6.401876788115303807e-01
6.287329742837495239e-01
6.197083326300926176e-01
6.103790243259694659e-01
6.007215018991852729e-01
5.922871914198135634e-01
5.845869710062192581e-01
5.761401277187711001e-01
5.682258658361215575e-01
5.622729173244114254e-01
5.556261565143437720e-01
5.488593713610749880e-01
5.430759439043216785e-01
5.374296196090951883e-01
5.323180992119218580e-01
5.285138747088298228e-01
5.232051327581485056e-01
5.179638128539717501e-01
5.141873716913436532e-01
5.112475446101097942e-01
5.077624720029288996e-01
5.049107288878285082e-01
5.018701351928983589e-01
4.985033294891937361e-01
4.968705694850742982e-01
4.944524586532494381e-01
4.918860792692630879e-01
4.904323636769902239e-01
4.890431677798689480e-01
4.874017786034700594e-01
4.872810258177081022e-01
4.873576582019590320e-01
4.864149415241615926e-01
4.874403510337459444e-01
4.891680326514191712e-01
4.900140366064399400e-01
4.917783146440217190e-01
4.950225166752876271e-01
4.964025312734068884e-01
4.991277037466543276e-01
5.031643518730168907e-01
5.069338567684985586e-01
5.104097653887007535e-01
5.158690375328216504e-01
5.205250478566698646e-01
5.261816409890042179e-01
5.341059003537483862e-01
5.411229534335708635e-01
5.476546951367109450e-01
5.572178140203480901e-01
5.662691588107098273e-01
5.738700180010057883e-01
5.848986803606268658e-01
5.960440993672448950e-01
6.063643060727103018e-01
6.201725386339448365e-01
6.343300622291346835e-01
6.463516826788064940e-01
6.626287528404386507e-01
6.794418962609427570e-01
6.938568045837778531e-01
7.113870265286340588e-01
7.316437193985777521e-01
7.505148649451497400e-01
7.702459410201282219e-01
7.929791695011493280e-01
8.158204731263175580e-01
8.394615665171187846e-01
8.681837029296611830e-01
8.975392590227015965e-01
9.255465801367194212e-01
9.580621976899802439e-01
9.896614149514640912e-01
1.022883013553720355e+00
1.058684896242836571e+00
1.097889785566156462e+00
1.136530996587876485e+00
1.178662648202092100e+00
1.221912937512677377e+00
1.264566706561584430e+00
1.311239308964515127e+00
1.363352884205188076e+00
1.416031395154820682e+00
1.468782788897387004e+00
1.527358489379550655e+00
1.588083984737666210e+00
1.646729348267339077e+00
1.714245412844936256e+00
1.787533981416405071e+00
1.859898562460073235e+00
1.937576035550239384e+00
2.022237453861166045e+00
2.107573241188743118e+00
2.199070475695479310e+00
2.294464949691670252e+00
2.394072283625523490e+00
2.498005722877070234e+00
2.608876949987207539e+00
2.725836813086323307e+00
2.849129575596041963e+00
2.970088736667200635e+00
3.105178758487040280e+00
3.238066744492405835e+00
3.382864683946700257e+00
3.530202803529590927e+00
3.682215427381532180e+00
3.845994567251056928e+00
4.020210362912150615e+00
4.198340303256075323e+00
4.381338061411891971e+00
4.582475723001181223e+00
4.792291135590254214e+00
4.992338921876042335e+00
5.210897272739049235e+00
5.449100872778502413e+00
5.657835771536118941e+00
5.906367567918492156e+00
6.173743731882857411e+00
6.424688627324754542e+00
6.700274138668180335e+00
7.005355283757007001e+00
7.307645739200768986e+00
7.627681473342513563e+00
8.006254692480258228e+00
8.384638782882843699e+00
8.766739296324628228e+00
9.213031995008758912e+00
9.634992842991358941e+00
1.003684479498705251e+01
1.052957919208877691e+01
1.103805560482983061e+01
1.153009572621306233e+01
1.208581210813496121e+01
1.267271723356850899e+01
1.324294823480488681e+01
1.390042347734275019e+01
1.459692112074587911e+01
1.526582789630977111e+01
1.598996869242692398e+01
1.674748934823937319e+01
1.751720467995142627e+01
1.835040784544292691e+01
1.927078690066465683e+01
2.017066528855176699e+01
2.108918122026960162e+01
2.210839299252112511e+01
2.309407408237369097e+01
2.414477861738468789e+01
2.534287784141617195e+01
2.650576241966608748e+01
2.764732398970427951e+01
2.897000089426235903e+01
3.033614810479302903e+01
3.169827217294374222e+01
3.333758642766326119e+01
3.498129577425594050e+01
3.644363630018786182e+01
3.819789821754885395e+01
4.007234623195218859e+01
4.181735135303215856e+01
4.383054684439223081e+01
4.604398837712770387e+01
4.835965598788445874e+01
5.082383177711175648e+01
5.352007314009105698e+01
5.615095616353989527e+01
5.886144252961408796e+01
6.203045724669533456e+01
6.505366915015618190e+01
6.797627677805442659e+01
7.143396057543674260e+01
7.500905240754553915e+01
7.885721785814310181e+01
8.307601656477700658e+01
8.737310827897162824e+01
9.182493241684207419e+01
9.692406261779103716e+01
1.019187329532811646e+02
1.067126231044693014e+02
1.119424973437958357e+02
1.176389552476651943e+02
1.232260587396124265e+02
1.291148488858811731e+02
1.358071657406717634e+02
1.427162758174909811e+02
1.501973979635237129e+02
1.580256331695743484e+02
1.661623188253109049e+02
1.744192723762396326e+02
1.829029873241389907e+02
1.920320380954222514e+02
2.018257615066492576e+02
2.126382408731090834e+02
2.235394212412886077e+02
2.345322203339652845e+02
2.461725180191613447e+02
2.584710856952281119e+02
2.715570708926044290e+02
2.855397761216270851e+02
2.997510578375886894e+02
3.145627044513287842e+02
3.294594238245276188e+02
3.462983059562093331e+02
3.637245659014399166e+02
3.814340012530741433e+02
4.010899153210661439e+02
4.221066233852844789e+02
4.443433601959358157e+02
4.680083257365221243e+02
4.927177079913129205e+02
5.186461246047432496e+02
5.470035948120868170e+02
5.744856133299405201e+02
6.032143838220567886e+02
6.357077406202463408e+02
6.689579138999441739e+02
7.037257870790554080e+02
7.425776267966829209e+02
7.815820794250533936e+02
8.223178814568231019e+02
8.663180237439504481e+02
9.116371578235228981e+02
9.580410050361084586e+02
1.010481284214613879e+03
1.064640928691860154e+03
1.119783522185403854e+03
1.180666275200298060e+03
1.245731850183461802e+03
1.309825444766802548e+03
1.381217689091973625e+03
1.458080391412215022e+03
1.535058613792991082e+03
1.616936608386501348e+03
1.706356729880511921e+03
1.797609542835077491e+03
1.894867539849206651e+03
1.994525268610018202e+03
2.097026761120434458e+03
2.208856254596997587e+03
2.330329228350487483e+03
2.450365636231240842e+03
2.578770892914572414e+03
2.729795697437473336e+03
2.875052164122131671e+03
3.030616098947095907e+03
3.195372587792095601e+03
3.363297741469144057e+03
3.534316687457189801e+03
3.731497114871464419e+03
3.939957402708644167e+03
4.146161956143459975e+03
4.372826781585392382e+03
4.614435536931789102e+03
4.848128970886760726e+03
5.115352736010382614e+03
5.401903087435138332e+03
5.687565778978428170e+03
6.010663222606232921e+03
6.307953510728910260e+03
6.617328467492696291e+03
6.963817881707045672e+03
7.305627387816542978e+03
7.666675599122335370e+03
8.084629453531193576e+03
8.528864053943050749e+03
8.980320976641924062e+03
9.383588023253445499e+03
9.875673425816532472e+03
1.040499285467674054e+04
1.097206994411612141e+04
1.158713049072042304e+04
1.219338551799379456e+04
1.280511968921191146e+04
1.344437456207487594e+04
1.406833425160954175e+04
1.474170418357268136e+04
1.547746790081445579e+04
1.621935993961199893e+04
1.705984055191121661e+04
1.795913489219255644e+04
1.885803823058317357e+04
1.978752988282236402e+04
2.082599479706656712e+04
2.188777820057135614e+04
2.300022558496771308e+04
2.421379065749021538e+04
2.548277853702142966e+04
2.681480166750815988e+04
2.821272349512184519e+04
2.968139756826200392e+04
3.120258340317960756e+04
3.276636610536982334e+04
3.436948950052720465e+04
3.601211273723059276e+04
3.784198802570901898e+04
3.981475756830539467e+04
4.187262293758807937e+04
4.406500588811515627e+04
4.643022722953975608e+04
4.839269040348911221e+04
5.055074494303998654e+04
5.306780608441817458e+04
5.567888257373786473e+04
5.866696686293737002e+04
6.194644554924152908e+04
6.509508800854897709e+04
6.841855933765591180e+04
7.215923832094894897e+04
7.593186496116538183e+04
7.996535386393654335e+04
8.449912062877010612e+04
8.921325007900450146e+04
9.392986734157938918e+04
9.894109696622447518e+04
1.038128770713145059e+05
1.092846655274216901e+05
1.149344287550274312e+05
1.212674394852195983e+05
1.274360082039599511e+05
1.337083318008566566e+05
1.403137415058047627e+05
1.473714234338597162e+05
1.541637382340517361e+05
1.617790537079125643e+05
1.699588068134630739e+05
1.787344829581379890e+05
1.885307692889586033e+05
1.970339235274617095e+05
2.064432162656554719e+05
2.166651415053358651e+05
2.269128373207348341e+05
2.377596933698266512e+05
2.491580776829135430e+05
2.613792858601876360e+05
2.742189075530528207e+05
2.886460165457638213e+05
3.030865470638461411e+05
3.176064856587903341e+05
3.350687167918868945e+05
3.530750584135878598e+05
3.706423687334762071e+05
3.898840925164525979e+05
4.106020368421435123e+05
4.314254936103761429e+05
4.553543789903545403e+05
4.798227959151538671e+05
5.044608473336766474e+05
5.324478977114330046e+05
5.617835726781884441e+05
5.910540469624707475e+05
6.200743753920751624e+05
6.528793342993591214e+05
6.867690044325811323e+05
7.202339151458984707e+05
7.555179073191824136e+05
7.967858478978220373e+05
8.393625450779577950e+05
8.833509982838100987e+05
9.306568059745125938e+05
9.802474454704925884e+05
1.032395222487168503e+06
1.085458115243962035e+06
1.141941184204752790e+06
1.202719666982600698e+06
1.266697597923049238e+06
1.335519215616950765e+06
1.409427121495918604e+06
1.484453405644613318e+06
1.559391999724148074e+06
1.643753926457174588e+06
1.733943885939745698e+06
1.825632908738034777e+06
1.923373672708900645e+06
2.017693593018238666e+06
2.129161108505568467e+06
2.242163670249035116e+06
2.361359555116145872e+06
2.483940919235342182e+06
2.608329237332935445e+06
2.742545405337030534e+06
2.882245096102536190e+06
3.027015362952863332e+06
3.184479352793043945e+06
3.352128657324269414e+06
3.528327793929951731e+06
3.710316694192084949e+06
3.905947632545907982e+06
4.108340964018744417e+06
4.336104450268791988e+06
4.566142940784222446e+06
4.793985287082143128e+06
5.049831908598088659e+06
5.317186942246918567e+06
5.600790441937244497e+06
5.895019997231907211e+06
6.200121038885528222e+06
6.508465825780669227e+06
6.852568920689350925e+06
7.227203344922742806e+06
7.592219084491573274e+06
7.989062213170115836e+06
8.436872238269338384e+06
8.862391533736882731e+06
9.317342729236274958e+06
9.818209564345341176e+06
1.031737968364243023e+07
1.084322880973151326e+07
1.140758416465402208e+07
1.200581926160805859e+07
1.261749664566461556e+07
1.323681175465183333e+07
1.389595742600150034e+07
1.459046589932138100e+07
1.537080141127966158e+07
1.618755489662123285e+07
1.702601872827779874e+07
1.793032393247493729e+07
1.891070334957415238e+07
1.987604789825909957e+07
2.090984628386988118e+07
2.200432301482564211e+07
2.306271326678103954e+07
2.419991873368417472e+07
2.539766573233681545e+07
2.669693295308331773e+07
2.800880183091242984e+07
2.956794569873346388e+07
3.099610956234824285e+07
3.253806129162416980e+07
3.423591238864080608e+07
3.599457485091083497e+07
3.779841115990266949e+07
3.987843223654312640e+07
4.196608079397977889e+07
4.394717598393134773e+07
4.627767779334633797e+07
4.882915819162839651e+07
5.130904282493966818e+07
5.421101663057951629e+07
5.734764878133337945e+07
6.038607683353177458e+07
6.352047077085047960e+07
6.694950564929544181e+07
7.047315564947424829e+07
7.408328118098796904e+07
7.812869274540054798e+07
8.213055417187836766e+07
8.618221220309883356e+07
9.072987882564510405e+07
9.510769868525847793e+07
9.948279284052197635e+07
1.049110659322993904e+08
1.106585930877027512e+08
1.162684717468442768e+08
1.225855722110685110e+08
1.288191512682047188e+08
1.345622929994446933e+08
1.419163523102383018e+08
1.497418423985391855e+08
1.571884263295248747e+08
1.655984729422952533e+08
1.748355547830106318e+08
1.832685597292262316e+08
1.925937870343793333e+08
2.030561508647867143e+08
2.133979997920755446e+08
2.240456229301335216e+08
2.362646349226855934e+08
2.489267324461755455e+08
2.619654366347667873e+08
2.757196063987398148e+08
2.902475813696184158e+08
3.048371398958050609e+08
3.202315669503828287e+08
3.366711800984966159e+08
3.535847397619868517e+08
3.725755529913330674e+08
3.921704768161858320e+08
4.115827119924775958e+08
4.342893429562847614e+08
4.574926409988763332e+08
4.802663799762545824e+08
5.078192353645777106e+08
5.372859899480690956e+08
5.655247772320624590e+08
5.946798097774074078e+08
6.271892849500428438e+08
6.602213973836604357e+08
6.948542334681922197e+08
7.312118820320079327e+08
7.697480929433360100e+08
8.094935450892421007e+08
8.479303460905721188e+08
8.920900846738835573e+08
9.378658076927837133e+08
9.901570014863239527e+08
1.041159913676712871e+09
1.094484715698823690e+09
1.154351429301251650e+09
1.214724961134818316e+09
1.278173680993289948e+09
1.346993645648488045e+09
1.417345033332376480e+09
1.483239240465518475e+09
1.560282487727347374e+09
1.646099851055600405e+09
1.733226790985803843e+09
1.818707644188113451e+09
1.911856127383596897e+09
2.008123120238165617e+09
2.113044405832291126e+09
2.225037186773116589e+09
2.339472088448207378e+09
2.462892051314090729e+09
2.604587448266348362e+09
2.737338488875820637e+09
2.879368643044584274e+09
3.029325947602173328e+09
3.192930798303159714e+09
3.359522750907832146e+09
3.529910462223742008e+09
3.717730280196894169e+09
3.908827477125607491e+09
4.113021914740855694e+09
4.344406137414358139e+09
4.586199096157762527e+09
4.839500228624095917e+09
5.098490998883160591e+09
5.353684011977780342e+09
5.605955124243769646e+09
5.877847866482872963e+09
6.180950251091094017e+09
6.463219070256412506e+09
6.770482001196187019e+09
7.108527853244408607e+09
7.442201413091095924e+09
7.768506025889142990e+09
8.152080311929632187e+09
8.559444932975957870e+09
8.996144084534284592e+09
9.485557583354726791e+09
9.962649088651847839e+09
1.047699222856701851e+10
1.101749986291782379e+10
1.158433273703033829e+10
1.216183861242381668e+10
1.278738680371752739e+10
1.346837999894438171e+10
1.403537962071830177e+10
1.474127817983744431e+10
1.554426695898064804e+10
1.629832428492827797e+10
1.711274346544049072e+10
1.803037291849593353e+10
1.882994373043180084e+10
1.966151369543307495e+10
2.079051559897549057e+10
2.173213260672816467e+10
2.277216379551789856e+10
2.399826428049129486e+10
2.516522873516616821e+10
2.638168154484634781e+10
2.785243924824858093e+10
2.928837760722051620e+10
3.086407839236954117e+10
3.257077255642330551e+10
3.433138409291342545e+10
3.607286287504724121e+10
3.803708945466735840e+10
4.003858211983997345e+10
4.210586644530348969e+10
4.427546382068526459e+10
4.652089205719930267e+10
4.887034820570262909e+10
5.138730783709274292e+10
5.429960705411790466e+10
5.708097129160199738e+10
6.019218483004891205e+10
6.352635279124227142e+10
6.685300319728914642e+10
