9.983083306044260308e-01
9.983142299649857554e-01
9.962654469747274089e-01
9.943625898918473371e-01
9.925277879767882006e-01
9.907096397213792649e-01
9.889270610439765408e-01
9.871433647925820232e-01
9.854262289255424356e-01
9.839262779021156202e-01
9.824014494327150127e-01
9.807399027443528539e-01
9.791403305298412851e-01
9.776017663537192037e-01
9.759049989711641171e-01
9.743864505354542516e-01
9.727303409844380022e-01
9.709842015040288654e-01
9.695165223124003750e-01
9.679414205456067233e-01
9.662648924161509889e-01
9.647336628178363460e-01
9.631944130041051322e-01
9.617157591992495647e-01
9.602229949388986219e-01
9.588797827694626186e-01
9.573233189355387918e-01
9.558617708699707061e-01
9.544258271385195336e-01
9.529483556013927936e-01
9.513679635429173054e-01
9.498422631239188396e-01
9.481842097659337609e-01
9.467274977000724734e-01
9.452304650798090124e-01
9.437464967761061141e-01
9.423230536348574660e-01
9.408868548481283955e-01
9.392866931711756351e-01
9.377181132419382115e-01
9.361707769929072942e-01
9.345742701695177734e-01
9.329977217446877580e-01
9.313389927861140949e-01
9.297361092432713248e-01
9.282825068841156213e-01
9.269086385536841055e-01
9.255355890547625197e-01
9.241042065301792174e-01
9.227604658131772775e-01
9.212891205280422380e-01
9.198174398298650800e-01
9.183771991795707246e-01
9.168990695621488385e-01
9.155257329607059402e-01
9.140683884792344394e-01
9.127619915462962252e-01
9.114012747953710303e-01
9.100014086063403784e-01
9.086644378782803289e-01
9.072760379603138636e-01
9.058207455567144351e-01
9.045292924982815119e-01
9.032089185597431680e-01
9.017259257495967573e-01
9.004765751625196657e-01
8.990625921664281428e-01
8.975179319183611559e-01
8.960651853115758625e-01
8.946953152083015892e-01
8.933254534356434018e-01
8.920123380422048109e-01
8.907097868094767668e-01
8.893568695922225986e-01
8.879287662221950761e-01
8.865809555182275759e-01
8.851504779225134456e-01
8.838249407142863001e-01
8.824681265500817773e-01
8.811238237825494979e-01
8.798344192098270788e-01
8.784795942877058339e-01
8.771408511140482700e-01
8.758188968130500296e-01
8.745644473215067327e-01
8.732953575660528100e-01
8.719815865917718289e-01
8.706616054265092775e-01
8.693184756909996258e-01
8.680037788691232770e-01
8.666780158368796450e-01
8.653836748396300793e-01
8.641511734633879893e-01
8.628580223340260869e-01
8.616661436485733017e-01
8.604949949124987008e-01
8.593431591975130290e-01
8.581825112264999111e-01
8.569249316629083957e-01
8.557544929912465070e-01
8.545570390865041555e-01
8.533750761520533246e-01
8.522519506919534749e-01
8.509885445079508060e-01
8.497190454597085552e-01
8.485170361802627514e-01
8.474059809563079249e-01
8.462371094720162468e-01
8.451056704595614200e-01
8.439178245793705901e-01
8.427630845573372831e-01
8.417266438436062925e-01
8.406165669742166058e-01
8.394719961373412476e-01
8.384125378534197370e-01
8.373387200133067809e-01
8.361743925921129028e-01
8.349755299774804795e-01
8.337778883914190864e-01
8.325882995001657738e-01
8.314675830660673839e-01
8.302957348115647118e-01
8.291023873528601262e-01
8.280458466090937497e-01
8.269608899962965776e-01
8.257494903300891531e-01
8.245248689841159218e-01
8.234425579812713059e-01
8.223757692460741398e-01
8.212596564943590582e-01
8.202413058625255271e-01
8.192788211454301583e-01
8.182204000261249499e-01
8.171909408478383874e-01
8.162113463282759662e-01
8.151384211395245050e-01
8.140862359901586132e-01
8.129604392923950318e-01
8.119179727227949783e-01
8.109231960668785710e-01
8.098676924500283203e-01
8.089041305884755451e-01
8.079645788924924021e-01
8.070216424271643429e-01
8.061262643919907545e-01
8.050960923588535989e-01
8.041849913591507804e-01
8.032758816868640350e-01
8.022597493307607186e-01
8.012895815392273580e-01
8.003258407968655286e-01
7.993132798488975510e-01
7.982968008071674726e-01
7.973505772886040344e-01
7.963625152407391994e-01
7.953254528316273664e-01
7.944014191020314364e-01
7.934693284403508962e-01
7.925551208529428848e-01
7.916505789423368133e-01
7.907328674837319493e-01
7.897832761346026409e-01
7.889524665435597717e-01
7.881066414667089459e-01
7.872227225824790509e-01
7.863615773469065928e-01
7.854254234461597317e-01
7.845458769256615783e-01
7.836891093369713346e-01
7.827694091229412399e-01
7.818879132956977340e-01
7.810883534824542007e-01
7.802696820572730951e-01
7.793678696149434204e-01
7.786010967844686492e-01
7.778340885993370035e-01
7.769619188334141446e-01
7.761312927955275054e-01
7.753546756385716332e-01
7.746255055762198971e-01
7.738718032912133005e-01
7.731423428404182729e-01
7.724804510371455768e-01
7.717746884202784097e-01
7.711029981519418319e-01
7.704006742290784304e-01
7.697143881698346179e-01
7.690410912471165039e-01
7.683205160118027344e-01
7.676946598955121104e-01
7.669699126393912936e-01
7.663116658823044824e-01
7.656234023832854119e-01
7.648972784297239924e-01
7.641748257492474439e-01
7.634619943522211738e-01
7.628360051149962739e-01
7.620844138214001307e-01
7.614730171733633535e-01
7.608668513012288859e-01
7.600883457022290512e-01
7.594639109936233146e-01
7.588514821326201032e-01
7.582159728245192465e-01
7.575836235453187184e-01
7.569800363492710238e-01
7.564091594102536620e-01
7.557940994599213758e-01
7.552652577343788032e-01
7.547274053797085047e-01
7.541078173693441800e-01
7.535635462572318755e-01
7.529534724590053463e-01
7.523916183213169573e-01
7.518176872575043079e-01
7.512717368223069681e-01
7.507452678456034700e-01
7.503255300778705061e-01
7.498837414266346091e-01
7.494818267930988265e-01
7.490607000227482715e-01
7.485922830792396399e-01
7.481961312424283417e-01
7.478559472287396037e-01
7.474116011374554169e-01
7.469723687936649092e-01
7.466323003093588984e-01
7.461626367721482245e-01
7.457264425248369966e-01
7.453998474912285621e-01
7.450393682904096204e-01
7.447003098532014587e-01
7.443269615863841171e-01
7.439310969914580962e-01
7.436336096142236451e-01
7.432550967533877451e-01
7.429095395196126939e-01
7.427228941037310461e-01
7.424374960577653226e-01
7.421215409957021558e-01
7.418883080036914324e-01
7.415826657523330034e-01
7.413163883985198765e-01
7.410932002814293318e-01
7.408814377929614503e-01
7.407569159850955209e-01
7.405567015091060190e-01
7.403953521975608076e-01
7.402885083015227075e-01
7.401316685932605166e-01
7.400232371383682617e-01
7.400005023304211393e-01
7.398853715781401608e-01
7.398410885658769365e-01
7.398311168553562966e-01
7.397318442421114693e-01
7.396459303780822392e-01
7.397182354698459417e-01
7.397312605767564220e-01
7.397483583252579820e-01
7.398552281598397284e-01
7.399666801449251707e-01
7.400486846377699601e-01
7.401086452857342790e-01
7.402458260040550853e-01
7.403724464941784378e-01
7.405193199142662275e-01
7.406519127191454333e-01
7.409106632033517492e-01
7.411688161754178550e-01
7.413762695234981104e-01
7.415799563184534149e-01
7.418701627056787373e-01
7.422177014064609279e-01
7.424457857699980901e-01
7.427939940077405989e-01
7.432043574088514903e-01
7.435286422495938075e-01
7.438657689132346373e-01
7.443069918186107081e-01
7.447331984971241603e-01
7.451217405017582784e-01
7.456373449090638594e-01
7.461518952910636271e-01
7.465855700629054903e-01
7.471703626952010957e-01
7.477761227859233140e-01
7.483291539478614807e-01
7.490081649561719512e-01
7.496426058553299354e-01
7.502553321250033935e-01
7.510240258093039412e-01
7.517965588843643632e-01
7.524737652594936099e-01
7.532988079290799943e-01
7.541115184934971127e-01
7.548690957061660045e-01
7.557583474526413658e-01
7.566864043130502315e-01
7.575752021390284030e-01
7.585056313166370634e-01
7.595965083620698222e-01
7.606171625933304536e-01
7.615332407966675099e-01
7.626676371638491103e-01
7.638543944149812637e-01
7.649500721468573960e-01
7.661898203650844286e-01
7.675191262137517345e-01
7.687364490460563138e-01
7.700870783828750454e-01
7.715074579218390571e-01
7.727517789395291770e-01
7.741962945046017008e-01
7.756507932145415563e-01
7.770403606717494194e-01
7.785774132188627572e-01
7.801710380700969116e-01
7.816591726790965700e-01
7.832985288892965192e-01
7.850828358050325750e-01
7.867005220317259129e-01
7.883810457178889175e-01
7.903426928487392589e-01
7.921772625944522028e-01
7.940192193652103603e-01
7.961846142314570329e-01
7.982049468962031380e-01
8.001651365051332121e-01
8.023823092957023118e-01
8.045265774508510992e-01
8.066084525458379062e-01
8.089851086800643465e-01
8.113723894076358967e-01
8.135691074739992423e-01
8.161007975290068828e-01
8.186873429387866441e-01
8.210195330103978728e-01
8.236683602660911374e-01
8.264034953393815108e-01
8.288765019424768621e-01
8.317245847226836242e-01
8.347312376919483468e-01
8.374412194183055158e-01
8.404014129839202374e-01
8.436454830955957274e-01
8.465974109638280121e-01
8.496923423203787129e-01
8.530434793817870398e-01
8.561644888665246311e-01
8.593319448877291267e-01
8.628059972413012479e-01
8.661637581985718315e-01
8.694372967134719188e-01
8.731388579645802395e-01
8.767493887873256675e-01
8.802140667896033444e-01
8.842192666887914720e-01
8.882016162814120319e-01
8.918541335940032289e-01
8.960976407302553293e-01
9.003878435119162527e-01
9.041887983904999260e-01
9.084963581169309688e-01
9.130303190761981380e-01
9.171164282244207433e-01
9.216257045125708647e-01
9.265116969985497386e-01
9.309348773596278770e-01
9.356548403997946295e-01
9.408997684070132816e-01
9.457415636678632165e-01
9.507004510614247561e-01
9.563187474994895299e-01
9.615154895908387678e-01
9.667358392559758373e-01
9.726381332441768057e-01
9.782391682467653782e-01
9.836850854526474341e-01
9.898521631438566004e-01
9.959493151522288423e-01
1.001655112244413948e+00
1.008191583361742749e+00
1.014829197843203801e+00
1.020877273810638863e+00
1.027729246023897591e+00
1.034869579698512565e+00
1.041323981347510808e+00
1.048376469304379999e+00
1.055937555489257385e+00
1.062754912557195119e+00
1.070065135345569463e+00
1.078015812404297114e+00
1.085214188197689111e+00
1.092826543887744473e+00
1.101264322290949504e+00
1.108954080929887454e+00
1.116862415927241114e+00
1.125807717287482967e+00
1.134097692199107277e+00
1.142399808829972052e+00
1.151863333623593721e+00
1.160841570868466732e+00
1.169463202023675708e+00
1.179348253940763591e+00
1.189014942504480032e+00
1.198031642684135756e+00
1.208339000782217010e+00
1.218674314265642877e+00
1.228205896894125182e+00
1.238954730020858985e+00
1.250063732703278863e+00
1.260315638253572068e+00
1.271495838608219353e+00
1.283321384063822901e+00
1.294268568841555833e+00
1.305957338355443698e+00
1.318591160352986735e+00
1.330202661243489404e+00
1.342313237991457964e+00
1.355655364122447359e+00
1.368111892504305649e+00
1.380677688605287612e+00
1.394714895819442857e+00
1.408041892516627369e+00
1.421133432707541999e+00
1.435900970866119231e+00
1.450275936592776205e+00
1.464090605660551381e+00
1.479598891428147933e+00
1.495055041172673738e+00
1.509687757009293474e+00
1.525985164194215260e+00
1.542434241474703205e+00
1.557815772395361398e+00
1.574652478104030751e+00
1.592108582104884595e+00
1.608336483585277366e+00
1.625751649639942897e+00
1.644304842174697967e+00
1.661534307217079620e+00
1.679628440253060795e+00
1.699254736959742385e+00
1.717662417791186558e+00
1.736571164788873745e+00
1.757385090017866247e+00
1.777092399580710191e+00
1.796873109652602940e+00
1.818778805100450757e+00
1.839834220691308531e+00
1.860433971597384994e+00
1.883405239697601319e+00
1.906076635726510871e+00
1.927700093735467135e+00
1.951791303095802066e+00
1.976063457933187273e+00
1.998864771068582291e+00
2.023828690040928358e+00
2.049543828535953072e+00
2.073597766328802550e+00
2.099587053454678109e+00
2.126824945921102383e+00
2.152196727435149892e+00
2.179396194128745634e+00
2.208424510024422194e+00
2.235406737634673568e+00
2.263705385174872298e+00
2.294453862249966836e+00
2.323352589139406899e+00
2.352759113834957283e+00
2.384990851653891575e+00
2.415797189219744290e+00
2.446592186361536303e+00
2.480472181752928051e+00
2.513505714697352733e+00
2.545805770601984097e+00
2.581212305438787880e+00
2.616375995941492949e+00
2.650408885650469948e+00
2.687338809451896182e+00
2.724631581198780683e+00
2.760434511056617524e+00
2.799064764359390889e+00
2.838809568962764374e+00
2.876594167039147720e+00
2.916943741300830784e+00
2.959179430603541494e+00
2.999356264593595167e+00
3.041452428698717458e+00
3.085900156721584686e+00
3.128552704969428166e+00
3.172571015288002894e+00
3.219539366892108401e+00
3.264919427486943082e+00
3.311130992419113017e+00
3.361006826586799168e+00
3.409341654917419806e+00
3.457436131453742512e+00
3.509630621952879004e+00
3.560951736662107958e+00
3.611354401773705813e+00
3.665792367904306737e+00
3.720322229230937250e+00
3.773383705030333157e+00
3.830359100810083017e+00
3.888575296766656919e+00
3.944622306593950078e+00
4.004388519998068219e+00
4.066213389222167685e+00
4.125910866451526715e+00
4.188567615955234302e+00
4.253948392479379059e+00
4.317372971981531471e+00
4.382932979581748434e+00
4.451934702343428363e+00
4.519081467349414183e+00
4.587874548648463779e+00
4.661090322076100634e+00
4.732862840300305685e+00
4.805255720114664619e+00
4.882566835049300558e+00
4.958770812519172289e+00
5.034497269690343835e+00
5.115174176116225269e+00
5.195614884825578095e+00
5.274798687997227731e+00
5.359403691936467595e+00
5.445230896390464537e+00
5.528442605076063110e+00
5.617536074115737854e+00
5.708630328887865701e+00
5.796454068770816370e+00
5.889364549078675459e+00
5.985540439115417222e+00
6.078437462847106509e+00
6.175386914332180233e+00
6.277009975617118265e+00
6.375858346249675179e+00
6.477660998024926897e+00
6.584945537885037226e+00
6.690404440018322241e+00
6.797618066592221453e+00
6.910858442732509488e+00
7.022789146284382333e+00
7.135679161755093425e+00
7.255543309888099479e+00
7.374237856200556607e+00
7.492568036964519784e+00
7.618621348348578515e+00
7.744782949788401538e+00
7.868947231873589132e+00
8.000817471075754028e+00
8.134854947275496073e+00
8.266221567346297761e+00
8.404562177507733267e+00
8.546863686356211076e+00
8.685904325837665141e+00
8.831061847691193734e+00
8.981545420991157158e+00
9.128617302186045279e+00
9.280661088880247434e+00
9.439059477142166088e+00
9.595163111653459254e+00
9.754367648826729464e+00
9.921043648411259852e+00
1.008641894373161563e+01
1.025378463620944025e+01
1.042980521158659002e+01
1.060495323823609937e+01
1.078082145523953628e+01
1.096643760007774837e+01
1.115197241721087451e+01
1.133690544624303875e+01
1.153166544161639884e+01
1.172802462687129399e+01
1.192350266441309614e+01
1.212838135884591573e+01
1.233631580352288459e+01
1.254274007894811938e+01
1.275839896328927558e+01
1.297915347897341221e+01
1.319679104475168074e+01
1.342232281447609843e+01
1.365523168622010353e+01
1.388487754936983620e+01
1.412140071677224107e+01
1.436703556033717000e+01
1.461017365286310188e+01
1.485950144315144605e+01
1.512010323254532018e+01
1.537798331526670914e+01
1.564017323025318618e+01
1.591496401661405358e+01
1.618858314335187742e+01
1.646430663690686558e+01
1.675425070559098373e+01
1.704472115894487061e+01
1.733469436378880246e+01
1.763974197321579140e+01
1.794758720166209187e+01
1.825301216839200791e+01
1.857279372858966582e+01
1.889810381573932574e+01
1.922041853412430257e+01
1.955546001664050237e+01
1.989900794159606079e+01
2.024026211197438485e+01
2.059325551115250263e+01
2.095745468260161104e+01
2.131939416849068891e+01
2.169126599364779651e+01
2.207547514158357416e+01
2.245899924887427090e+01
2.285040994849954998e+01
2.325596248822724377e+01
2.366282992942607777e+01
2.407543224155742934e+01
2.450457683310293433e+01
2.493600603710516239e+01
2.537170432311246060e+01
2.582480054857707685e+01
2.628113547973175201e+01
2.674077467047769474e+01
2.721908856095532414e+01
2.770277904244903411e+01
2.818690256144738981e+01
2.869027328561986678e+01
2.920307245587909861e+01
2.971465749746709406e+01
3.024409786500546460e+01
3.078537792376669557e+01
3.132537470551231351e+01
3.188079400687671949e+01
3.245218054984461986e+01
3.302112735611076744e+01
3.360346535710780103e+01
3.420645665100916233e+01
3.480711213126695469e+01
3.542001505533367123e+01
3.605612230442612542e+01
3.669258947037771179e+01
3.733970111915032675e+01
3.800933576985397622e+01
3.868370798343757144e+01
3.936620000453093837e+01
4.007108501050223737e+01
4.078384617883312302e+01
4.150285426731395688e+01
4.224621679557164811e+01
4.300123805743797334e+01
4.376019174742252460e+01
4.454501835587277725e+01
4.534468386111647931e+01
4.614534822443685869e+01
4.697219290453954699e+01
4.781801748570273958e+01
4.866450457602454094e+01
4.953605919062655971e+01
5.042928108692245104e+01
5.132567021291251308e+01
5.224461408779546190e+01
5.318845885179968036e+01
5.413712606358469515e+01
5.510614803949025742e+01
5.610520462300853239e+01
5.711120107204054364e+01
5.813218519657647931e+01
5.918652253189577550e+01
6.024979798338975456e+01
6.132495773108053072e+01
6.243814233381515777e+01
6.356180129498672216e+01
6.469498373932115953e+01
6.586994444995114861e+01
6.705761562358924266e+01
6.825324530322643568e+01
6.948834166979060001e+01
7.074637144132239541e+01
7.201056228024773986e+01
7.331120490965039949e+01
7.464175975292081944e+01
7.597756615873628050e+01
7.734618223555041538e+01
7.875081938041522278e+01
8.016241476497827989e+01
8.160656796754926745e+01
8.309365158779185379e+01
8.458855015323172211e+01
8.611031794898890723e+01
8.768180302587069264e+01
8.926224200585050994e+01
9.086472807498589077e+01
9.252781673410426322e+01
9.419999249372878580e+01
9.589140440046773506e+01
9.764473571660344930e+01
9.941539437215341479e+01
1.012006644117825118e+02
1.030433385296086755e+02
1.049143976559087861e+02
1.067981970170097696e+02
1.087353065322757431e+02
1.107110058876612584e+02
1.127010644679784974e+02
1.147422617925224984e+02
1.168292292436716053e+02
1.189320426247480924e+02
1.210782532777933511e+02
1.232815739367452608e+02
1.254982589680682139e+02
1.277601196723093437e+02
1.300907387179920249e+02
1.324342496851217561e+02
1.348276637670938101e+02
1.372947791319925557e+02
1.397808567784924776e+02
1.423138355976024911e+02
1.449217568091482917e+02
1.475570594994674991e+02
1.502324446585991780e+02
1.529815301652654114e+02
1.557638116461071434e+02
1.585763557376568542e+02
1.614697138407898080e+02
1.644110138543531718e+02
1.673717735351905844e+02
1.704268951696699901e+02
1.735441740039400713e+02
1.766714289928618484e+02
1.798923946198874262e+02
1.831925481658775539e+02
1.865039252713102371e+02
1.898954405641670462e+02
1.933745804121061269e+02
1.968767973332210488e+02
2.004501588479471366e+02
2.041142498891201171e+02
2.078149230630902480e+02
2.115903500547741487e+02
2.154630055253496437e+02
2.193795686186794569e+02
2.233701995862752767e+02
2.274705654405794917e+02
2.316203454261762715e+02
2.358278268773310629e+02
2.401660995407619055e+02
2.445632229168680283e+02
2.490143934522581901e+02
2.536071204341504597e+02
2.582713202665098038e+02
2.629788386684604120e+02
2.678288728479805627e+02
2.727661801893282814e+02
2.777295680740263037e+02
2.828420672316844389e+02
2.880569570693709238e+02
2.932985150251676032e+02
2.986771460158159357e+02
3.041720433397917986e+02
3.097151344226533070e+02
3.153759065508251638e+02
3.211725970497785170e+02
3.270341293443744917e+02
3.330080068117872543e+02
3.391426757092487492e+02
3.453417271920254166e+02
3.516523658098082024e+02
3.581568352446491303e+02
3.647267601468572025e+02
3.713858514978988978e+02
3.782516442562497332e+02
3.852018769163667002e+02
3.922345877474620579e+02
3.994626147958734350e+02
4.067988287251112069e+02
4.142385400727361002e+02
4.218629841467656547e+02
4.296138346922630262e+02
4.374680806561198665e+02
4.455235507727011282e+02
4.537233789669231783e+02
4.620088085300944840e+02
4.705258624542568668e+02
4.792011967387640539e+02
4.879392488537566805e+02
4.969102775611589209e+02
5.060726685383843915e+02
5.152904871587068101e+02
5.247457566872751613e+02
5.344317458556976135e+02
5.441864433677085344e+02
5.541819400618213649e+02
5.644364058950484377e+02
5.747608897714396790e+02
5.853241066210799772e+02
5.961798113295610619e+02
6.071135634794316047e+02
6.182613134945555657e+02
6.297473784590316654e+02
6.413377407325832564e+02
6.530895229816056826e+02
6.652181610790505601e+02
6.775134523757502620e+02
6.899140253734017278e+02
7.027250203338984420e+02
7.157619682555466625e+02
7.288792507859842544e+02
7.423832982835403982e+02
7.561783078124304893e+02
7.700638616145968172e+02
7.843039838127107259e+02
7.988664046486891266e+02
8.135609092713638120e+02
8.285955319712691107e+02
8.439772024872848988e+02
8.595330541458330345e+02
8.753897968041894728e+02
8.916609454613487742e+02
9.081284230831320201e+02
9.248458928063972735e+02
9.420874518550001540e+02
9.595426283860695094e+02
9.771796280893962603e+02
9.954010924335527761e+02
1.013885070661786131e+03
1.032516760441322504e+03
1.051745146313292025e+03
1.071287227191202874e+03
1.091004800359930641e+03
1.111331645243289358e+03
1.131976450270143232e+03
1.152804242079469077e+03
1.174258520832697286e+03
1.196092805410640267e+03
1.218064463133422805e+03
1.240676570465519035e+03
1.263846420858193596e+03
1.287113817711998990e+03
1.310979852435717703e+03
1.335552475112484672e+03
1.360194953412051746e+03
1.385331219909629908e+03
1.411299017944543266e+03
1.437352679152685596e+03
1.463779462953604025e+03
1.491132239524612260e+03
1.518709935659732082e+03
1.546585086893728885e+03
1.575427449670548185e+03
1.604617380334685549e+03
1.634053677994092141e+03
1.664519153687273956e+03
1.695431194733620714e+03
1.726562918365998485e+03
1.758729387029623467e+03
1.791466614171657284e+03
1.824456767638085921e+03
1.858380484115514491e+03
1.892995332477534703e+03
1.927915556535136602e+03
1.963737491515380498e+03
2.000340565650973076e+03
2.037224477319161224e+03
2.074999102331177710e+03
2.113692650095049885e+03
2.152681953057508508e+03
2.192512534549368866e+03
2.233363588626181354e+03
2.274588612565631138e+03
2.316575725608245193e+03
2.359637449514898435e+03
2.403217798733960535e+03
2.447428395737843857e+03
2.492808084964685804e+03
2.538992240453452268e+03
2.585614047695261888e+03
2.633578350588335070e+03
2.682582061197472285e+03
2.731844826095445569e+03
2.782539843410596404e+03
2.834434975886420489e+03
2.886590649861755082e+03
2.940217553497215704e+03
2.995153611104858555e+03
3.050445103943738104e+03
3.107150633905096583e+03
3.165304196471012347e+03
3.223919023116874541e+03
3.283865402353597347e+03
3.345366187004609401e+03
3.407402581950143940e+03
3.470735663646708417e+03
3.535652922395630412e+03
3.601166014685133177e+03
3.667822901685698525e+03
3.736207609975151627e+03
3.805444319352917773e+03
3.875670723429698228e+03
3.947702404092412962e+03
4.020933714609097933e+03
4.095189344873697792e+03
4.171339940820150332e+03
4.248863674578789869e+03
4.327429470874439176e+03
4.408025216914991688e+03
4.489990323867932602e+03
4.572961150798263589e+03
4.658150223245233974e+03
4.744893734435585429e+03
4.832624482782632185e+03
4.922594816823938345e+03
5.014500559911503842e+03
5.107422644179233430e+03
5.202253312243342407e+03
5.299426211538938333e+03
5.397681616178966578e+03
5.497757200634222500e+03
5.600456880230226488e+03
5.704552340697482578e+03
5.810458856913443924e+03
5.919135711926231124e+03
6.029526677757869038e+03
6.141706352930043067e+03
6.256783034246290299e+03
6.373613922855430246e+03
6.492242575822926483e+03
6.613945069769877591e+03
6.737578484741839020e+03
6.862908652222161436e+03
6.991355874699018386e+03
7.122312689304090782e+03
7.254771033692045421e+03
7.390338975869609385e+03
7.528878976772453825e+03
7.668811100966477170e+03
7.811803625819993613e+03
7.958101103711566793e+03
8.105956016014090892e+03
8.256867497398439809e+03
8.411427504331812088e+03
8.567944296196974392e+03
8.727447968222315467e+03
8.890820880339557334e+03
9.056430564311800481e+03
9.224934478474782736e+03
9.397514681566943182e+03
9.572591083100320247e+03
9.750282136880341568e+03
9.932419796881260481e+03
1.011728262788264510e+04
1.030446619865937100e+04
1.049681971398212590e+04
1.069238036478979302e+04
1.088994271464293342e+04
1.109300114050308184e+04
1.130051146188287021e+04
1.151012359028479841e+04
1.172473617668910993e+04
1.194455564534177029e+04
1.216688257340488963e+04
1.239384740927697203e+04
1.262583060195065627e+04
1.286091028640711374e+04
1.310106292283529183e+04
1.334618375704919708e+04
1.359458777231362183e+04
1.384813695796573484e+04
1.410763860661246690e+04
1.437052280530766802e+04
1.463813918052377085e+04
1.491234203252441876e+04
1.519057430911127267e+04
1.547362050723182256e+04
1.576350585677840900e+04
1.605814649557740631e+04
1.635773310955217312e+04
1.666446340155827420e+04
1.697667811161195641e+04
1.729355987686582375e+04
1.761773583469837467e+04
1.794822054605189260e+04
1.828320325615290858e+04
1.862567903397887494e+04
1.897485943104186663e+04
1.932871219208631373e+04
1.969083498066239190e+04
2.006026790001860354e+04
2.043434797284574597e+04
2.081718017674638759e+04
2.120825397672758481e+04
2.160401161878954736e+04
2.200803571592018852e+04
2.242125795477403517e+04
2.284016656862465970e+04
2.326665014042666007e+04
2.370330674284075940e+04
2.414685343959163583e+04
2.459670490025177060e+04
2.505789013863792570e+04
2.552741714959145611e+04
2.600214206634535731e+04
2.648905422738050765e+04
2.698562881277828637e+04
2.748765238800859515e+04
2.800271065430940871e+04
2.852790781377246458e+04
2.905969827436863125e+04
2.960451303749832368e+04
3.016066466459325238e+04
3.072454419687199334e+04
3.130052624401137655e+04
3.188868515058251069e+04
3.248573291657288428e+04
3.309374657297127123e+04
3.371447254466138111e+04
3.434502200918377639e+04
3.498727811127877794e+04
3.564373911252088874e+04
3.631032377021663706e+04
3.698943215434399463e+04
3.768428518670877384e+04
3.839009098310898844e+04
3.910822417813074571e+04
3.984322457487809879e+04
4.059050635583044641e+04
4.134970473212617071e+04
4.212639199134062073e+04
4.291728939731182618e+04
4.371956363881091238e+04
4.454028201776572678e+04
4.537698190035022708e+04
4.622481230058215442e+04
4.709200189662506455e+04
4.797646195516011358e+04
4.887223770299223543e+04
4.978858785104189883e+04
5.072460189614639239e+04
5.167272234149410360e+04
5.264172600262713240e+04
5.363317096518543258e+04
5.463806911789246078e+04
5.566291628122969269e+04
5.671187747803571256e+04
5.777678454865211825e+04
5.886180358639732731e+04
5.997164567275899026e+04
6.109936237606051873e+04
6.224670934803342971e+04
6.341969552355124324e+04
6.461253636542213644e+04
6.582462157267339353e+04
6.706243210787365388e+04
6.832260987040372856e+04
6.960316197441473196e+04
7.090875053055737226e+04
7.223882874557835748e+04
7.359227567487348279e+04
7.497029787799279438e+04
7.637430587804269453e+04
7.780556431045824138e+04
7.926182767384778708e+04
8.074775524178193882e+04
8.226348663494524953e+04
8.380518828269848018e+04
8.538034064966494043e+04
8.698484219270868925e+04
8.861556340479035862e+04
9.028502155996946385e+04
9.198386447822841001e+04
9.370802172899985453e+04
9.547740581109115737e+04
9.727885034234372142e+04
9.910261348205221293e+04
1.009754761113745044e+05
1.028831520318310941e+05
1.048134985620233783e+05
1.067919039761811728e+05
1.088089340158863197e+05
1.108526959900678630e+05
1.129407783612323547e+05
1.150710436642388522e+05
1.172327982315433183e+05
1.194371899207806127e+05
1.216872786978595977e+05
1.239750120157561178e+05
1.263049673407373484e+05
1.286850696938770707e+05
1.311075308977160603e+05
1.335737939059994824e+05
1.360940774772340956e+05
1.386588690747548826e+05
1.412709648646017013e+05
1.439405128614187415e+05
1.466532506131155824e+05
1.494176140032899857e+05
1.522404935114200052e+05
1.551076353026616853e+05
1.580293907216970401e+05
1.610132044154680334e+05
1.640464254434723116e+05
1.671312759799447376e+05
1.702866129613441299e+05
1.735051265551896940e+05
1.767653230151096068e+05
1.801031804484591703e+05
1.835189001109033998e+05
1.869718171125765075e+05
1.904992601241772063e+05
1.941126980529222928e+05
1.977728144423657504e+05
2.015010105168845621e+05
2.053140416678558686e+05
2.091854344966313220e+05
2.131200746900799277e+05
2.171410979022918036e+05
2.212307222199838725e+05
2.253843878459817497e+05
2.296326051905998029e+05
2.339608780456897221e+05
2.383505267526897660e+05
2.428450966247377801e+05
2.474309594033668109e+05
2.520791266254103102e+05
2.568370528285160544e+05
2.616946151903814462e+05
2.666153213639406604e+05
2.716492672321268474e+05
2.767912511925742147e+05
2.819896418854178046e+05
2.873069400947096874e+05
2.927458393682611058e+05
2.982430418115149951e+05
3.038561405573508819e+05
3.096019439743164112e+05
3.154278946658693603e+05
3.213672818690340500e+05
3.274390454993663006e+05
3.336152398431694019e+05
3.399076098158592358e+05
3.463358015180136426e+05
3.528820106228346121e+05
3.595429406824383186e+05
3.663491947917853249e+05
3.732802746781446622e+05
3.803290314440942602e+05
3.875309141443259432e+05
3.948635480292292195e+05
4.023182668042132864e+05
4.099409132000571699e+05
4.177014784836440813e+05
4.255839244948365958e+05
4.336463720853740815e+05
4.418660384417636087e+05
4.502029876788548427e+05
4.587148518144742120e+05
4.674116589478614624e+05
4.762305211897579138e+05
4.852138346363311866e+05
4.944024559007082134e+05
5.037391369052935042e+05
5.132366281572126318e+05
5.229497896547173150e+05
5.328338116639656946e+05
5.428922926442109747e+05
5.531687659253521124e+05
5.636277207684969762e+05
5.742690468845281284e+05
5.851477738383512478e+05
5.962252887128205039e+05
6.074762197259371169e+05
6.189846805397964781e+05
6.307274826231809566e+05
6.426315895695138024e+05
6.547930402890212135e+05
6.672325116230576532e+05
6.798343433780786581e+05
6.926874637535427464e+05
7.058642989637156716e+05
7.192157341868806398e+05
7.328030642386033433e+05
7.467508299372828333e+05
7.608942685890262946e+05
7.752567604110800894e+05
7.900067684086700901e+05
8.049707381867596414e+05
8.201608752310768468e+05
8.357358252478830982e+05
8.515475784032116644e+05
8.675996549313126598e+05
8.840572182035505539e+05
9.007941518248703796e+05
9.177471743258505594e+05
9.351340087665746687e+05
9.528665944865541533e+05
9.707594562793324003e+05
9.891003261884088861e+05
1.007880446055175038e+06
1.026818240393519518e+06
1.046184017830005148e+06
1.066062057091137161e+06
1.086156725920254597e+06
1.106654921597193228e+06
1.127700887039550580e+06
1.149017696979022818e+06
1.170716897248688154e+06
1.192984442063051043e+06
1.215574054926459212e+06
1.238514005828781985e+06
1.262051587753235130e+06
1.285973673082445748e+06
1.310226662894956535e+06
1.335104452134383842e+06
1.360439327168910066e+06
1.386092691191020887e+06
1.412386962443892146e+06
1.439229076521502109e+06
1.466391675246123457e+06
1.494190506962232059e+06
1.522611071284494363e+06
1.551365265963261016e+06
1.580755575280104531e+06
1.610853227797665866e+06
1.641289116456670454e+06
1.672317691470777616e+06
1.704149026802978711e+06
1.736356300355935236e+06
1.769081739299796522e+06
1.802706909125635866e+06
1.836820464108464774e+06
1.871430780741363065e+06
1.906949019931351300e+06
1.943111132576476084e+06
1.979796567550875247e+06
2.017354075438358588e+06
2.055661780397084542e+06
2.094534358334293123e+06
2.134258148914715741e+06
2.174797276933250483e+06
2.215964518716303166e+06
2.257984177740746643e+06
2.300843214666378219e+06
2.344422624006038532e+06
2.388862765590002760e+06
2.434209650777774863e+06
2.480312885259514209e+06
2.527290174353010952e+06
2.575307886569122784e+06
2.624106519544984680e+06
2.673806811507447157e+06
2.724687891580820084e+06
2.776367490612359252e+06
2.828971421060396824e+06
2.882894622787833679e+06
2.937602417887945659e+06
2.993214515768893994e+06
3.050197138431257103e+06
3.108057036712990142e+06
3.166784959016446956e+06
3.226896567982691340e+06
3.288094651040831581e+06
3.350155380590990651e+06
3.413618012989767827e+06
3.478392506821715739e+06
3.544015491992838681e+06
3.611117539664537646e+06
3.679727986846992746e+06
3.749188508948417846e+06
3.820182965573788621e+06
3.892856964750358369e+06
3.966462658641098998e+06
4.041579027688150760e+06
4.118455118998710532e+06
4.196383280554811470e+06
4.275801478924974799e+06
4.357179768277556635e+06
4.439727379873138852e+06
4.523635689100387506e+06
4.609796421417332254e+06
4.697274479262425564e+06
4.786022627361060120e+06
4.877098987800443545e+06
4.969726353791237809e+06
5.063642745951949619e+06
5.159814058207715861e+06
5.257808762831416912e+06
5.357208789528373629e+06
5.458833939713322558e+06
5.562613296167803928e+06
5.667754117130042985e+06
5.775232667115746066e+06
5.885166186718357727e+06
5.996334498619429767e+06
6.110014410214161500e+06
6.226465048769937828e+06
6.344042225998536684e+06
6.464257943182264455e+06
6.587573454613809474e+06
6.712036061778749339e+06
6.839152439029440284e+06
6.969667549991217442e+06
7.101616992034577765e+06
7.236033103271466680e+06
7.374153772687649354e+06
7.514120021928606555e+06
7.656403840708252974e+06
7.802635816055902280e+06
7.950993945612506941e+06
8.101626590379578061e+06
8.256480075175996870e+06
8.413631361019592732e+06
8.572919107065549120e+06
8.736668439404100180e+06
8.903024635772412643e+06
9.071458992404242977e+06
9.244429332689017057e+06
9.420656476627895609e+06
9.599030498307669535e+06
9.781786045798597857e+06
9.968467330782370642e+06
1.015738983643826097e+07
1.035057682404095493e+07
1.054825929512317292e+07
1.074826701062165946e+07
1.095238706270348653e+07
1.116161580192661658e+07
1.137342105388990231e+07
1.158913400998931564e+07
1.181056186632269621e+07
1.203492026756703109e+07
1.226307133400631696e+07
1.249739155381993577e+07
1.273513608180302382e+07
1.297641900733134337e+07
1.322418152944435924e+07
1.347612890426575020e+07
1.373126149609972164e+07
1.399280608972164989e+07
1.425970512856627069e+07
1.452966030738045089e+07
1.480595244959732331e+07
1.508851743989396282e+07
1.537433268590155244e+07
1.566655971452932991e+07
1.596561175629269890e+07
1.626824042194003239e+07
1.657745002636116743e+07
1.689406258126043156e+07
1.721437233158225194e+07
1.754142968845985457e+07
1.787665571083425730e+07
1.821597755554280058e+07
1.856186568172339350e+07
1.891670434280313924e+07
1.927621538464478403e+07
1.964210105246026441e+07
2.001732363019686192e+07
2.039827957412745059e+07
2.078569699076532945e+07
2.118252401964210346e+07
2.158617883322328329e+07
2.199645025940219685e+07
2.241639537555335462e+07
2.284411204774387181e+07
2.327833933379222080e+07
2.372254640201342106e+07
2.417575415364739299e+07
2.463530852986773103e+07
2.510469148932665214e+07
2.558453945012335479e+07
2.607115180415078625e+07
2.656684594216522574e+07
2.707480880173737183e+07
2.758984763956094161e+07
2.811397497055822983e+07
2.865188145423946530e+07
2.919683212954637781e+07
2.975126731264998764e+07
3.032101154045825079e+07
3.089851125410779566e+07
3.148520515279443935e+07
3.208824440592649952e+07
3.270058450997518003e+07
3.332122570234001055e+07
3.395864387318132073e+07
3.460735181462081522e+07
3.526368955007737130e+07
3.593749561937307566e+07
3.662424174421574920e+07
3.731848711447951943e+07
3.803153346008422971e+07
3.875899426547914743e+07
3.949372256596106291e+07
4.024867692853072286e+07
4.101980980294974148e+07
4.179756344832330197e+07
4.259613874049010873e+07
4.341318577216652781e+07
4.423699595153590292e+07
4.508019708558461815e+07
4.594507921418084204e+07
4.681769594802128524e+07
4.770735938529835641e+07
4.862199246378283948e+07
4.954668597795524448e+07
5.048578188381576538e+07
5.145274778478732705e+07
5.243277793464483321e+07
5.342643910182653368e+07
5.444892374438969046e+07
5.548852644651594758e+07
5.654183587811107188e+07
5.762300838866866380e+07
5.872517234177620709e+07
5.984178401692727953e+07
6.098517698586878181e+07
6.215372745991467685e+07
6.333677034271547943e+07
6.454613874103795737e+07
6.578395065073451400e+07
6.703617389261949062e+07
6.831466667845320702e+07
6.962437446473349631e+07
7.095046084968514740e+07
7.230125278207047284e+07
7.368797007511579990e+07
7.509305285839754343e+07
7.652122923014886677e+07
7.798885195789897442e+07
7.947741901704612374e+07
8.098756358077186346e+07
8.254082932217296958e+07
8.411819537410458922e+07
8.571472528695814312e+07
8.735751497447651625e+07
8.902940124595898390e+07
9.071836456436733902e+07
9.245509166085037589e+07
9.422682474330694973e+07
9.601534777690556645e+07
9.785243483638526499e+07
9.972963013135097921e+07
1.016236858983266205e+08
1.035669142995090634e+08
1.055554183021177649e+08
1.075608084492433965e+08
1.096144227226881236e+08
1.117188058322123885e+08
1.138427173218758404e+08
1.160110496649959236e+08
1.182378291856748313e+08
1.204893755223745555e+08
1.227795021430255473e+08
1.251341660555043221e+08
1.275204286971741766e+08
1.299407696299109757e+08
1.324290237390800565e+08
1.349560484864844084e+08
1.375143274987646043e+08
1.401411854000620842e+08
1.428142142576986849e+08
1.455193626729250848e+08
1.482925239106889665e+08
1.511219900364031792e+08
1.539852049390206337e+08
1.569178430595327318e+08
1.599176369317753017e+08
1.629509648883033693e+08
1.660546948510197997e+08
1.692369660388132930e+08
1.724530363372032940e+08
1.757367621026615202e+08
1.791083580081013143e+08
1.825176455630371273e+08
1.859899175717789531e+08
1.895577207111977637e+08
1.931709262355006933e+08
1.968436595144100189e+08
2.006177280770319104e+08
2.044469779498015344e+08
2.083336156413488090e+08
2.123241533190935552e+08
2.163807285539070666e+08
2.204917516765963137e+08
2.247059763042237759e+08
2.290005662449711263e+08
2.333450177223593891e+08
2.377945812199792266e+08
2.423386567656827867e+08
2.469295832076119184e+08
2.516272158812606931e+08
2.564388781424699426e+08
2.612970303499179780e+08
2.662592671526063681e+08
2.713537779553794861e+08
2.765021687182930112e+08
2.817503823732830286e+08
2.871436979444873929e+08
2.925997637969345450e+08
2.981533710455984473e+08
3.038624378381497264e+08
3.096431985406050682e+08
3.155148929641063213e+08
3.215570730694162846e+08
3.276787489494459629e+08
3.338855475363308191e+08
3.402786013608736396e+08
3.467689443993662000e+08
3.533363310501247644e+08
3.601022121192318201e+08
3.669878949454498887e+08
3.739422764210071564e+08
3.810947374475341439e+08
3.883947020320936441e+08
3.957606988463184237e+08
4.033209796377861500e+08
4.110530250191220641e+08
4.188546010233395100e+08
4.268448226805343628e+08
4.350323169938220382e+08
4.432957567186794281e+08
4.517436251708006263e+08
4.604173623386098146e+08
4.691731433591207862e+08
4.781035071078217626e+08
4.872901297616501451e+08
4.965719082163303494e+08
5.060171380974599719e+08
5.157379943362406492e+08
5.255790677928197384e+08
5.355699704216475487e+08
5.458550048019783497e+08
5.562901383272140026e+08
5.668642131114530563e+08
5.777436615127168894e+08
5.888093152934654951e+08
6.000004579846696854e+08
6.115063544414665699e+08
6.232340441495155096e+08
6.350775640645022392e+08
6.472436463393142223e+08
6.596633636619576216e+08
6.721993061579666138e+08
6.850609799376676083e+08
6.982105530419504642e+08
7.114822874478335381e+08
7.250713137801740170e+08
7.389897198297288418e+08
7.530404525761733055e+08
7.673927545343087912e+08
7.821240401106284857e+08
7.970080438303998709e+08
8.121682445449966192e+08
8.277704282585783005e+08
8.435572920882165432e+08
8.595804630685596466e+08
8.761036278673169613e+08
8.928542367111778259e+08
9.098034722854278088e+08
9.272815176069169044e+08
9.450356872780848742e+08
9.629783853260607719e+08
9.814439111938594580e+08
1.000237907633780241e+09
1.019238073217667103e+09
1.038753515111347914e+09
1.058661223376669526e+09
1.078788621055542946e+09
1.099418137085652590e+09
1.120529974471428871e+09
1.141864434255652428e+09
1.163676245644324780e+09
1.186049653375559330e+09
1.208663121175019026e+09
1.231722962192729235e+09
1.255409330320730209e+09
1.279379268445539713e+09
1.303756278460408688e+09
1.328790884493007421e+09
1.354178948603079557e+09
1.379944012441162348e+09
1.406392361245628357e+09
1.433272833683723688e+09
1.460510920229085684e+09
1.488470536845978737e+09
1.516937429422709703e+09
1.545745989874205828e+09
1.575311290827845335e+09
1.605466170250238657e+09
1.635934740690643787e+09
1.667210222889316559e+09
1.699160600760836840e+09
1.731414875738233805e+09
1.764480986114551544e+09
1.798333556061120272e+09
1.832497202257057190e+09
1.867434929250309706e+09
1.903285451344194651e+09
1.939493820735286474e+09
1.976409526132237196e+09
2.014338338512948036e+09
2.052722916694854498e+09
2.091764322725586414e+09
2.131877114420756817e+09
2.172542316198814869e+09
2.213852606128144264e+09
2.256303513697487831e+09
2.299405846517102242e+09
2.343125057629901886e+09
2.388072612269584179e+09
2.433794727476457596e+09
2.480061636709290028e+09
2.527633843002325058e+09
2.576144268045506954e+09
2.625113805808652401e+09
2.675429073825719833e+09
2.726855086951473713e+09
2.778723449980572701e+09
2.831884773204590321e+09
2.886361721119285107e+09
2.941306836708740234e+09
2.997481146345770836e+09
3.055157411747799397e+09
3.113397144822753906e+09
3.172785655810482502e+09
3.233832963693675995e+09
3.295573457484564781e+09
3.358382140082734108e+09
3.423005882547700405e+09
3.488444866617525578e+09
3.554861453710881233e+09
3.623232530390630245e+09
3.692584638944468498e+09
3.762783413665345669e+09
3.835052530920080662e+09
3.908579311001130581e+09
3.982819178136075497e+09
4.059157124999912739e+09
4.137091265794060707e+09
4.215666603545543194e+09
4.296279653880159378e+09
4.378829467692330360e+09
4.462069545178792000e+09
4.547268322264759064e+09
4.634744673212398529e+09
4.722973574026424408e+09
4.813102026080228806e+09
4.905822892361623764e+09
4.999381513001855850e+09
5.094769414966965675e+09
5.192983875016246796e+09
5.292196416475807190e+09
5.393143715895873070e+09
5.497054252521337509e+09
5.602237377461995125e+09
5.708985380170085907e+09
5.818795393069740295e+09
5.930234786592829704e+09
6.043138592171507835e+09
6.159089476596671104e+09
6.277181243661581993e+09
6.396614055803369522e+09
6.519098153865704536e+09
6.644168289880249023e+09
6.770597132398645401e+09
6.900083267768581390e+09
7.032631967021226883e+09
7.166588598608527184e+09
7.303561118057376862e+09
7.444038898818778992e+09
7.586006315847180367e+09
7.730890499615548134e+09
7.879834316803941727e+09
8.030359296757430077e+09
8.183579811782565117e+09
8.341312616382737160e+09
8.500903933975859642e+09
8.662905402716749191e+09
8.829900183720983505e+09
8.999071208839696884e+09
9.170369079992803574e+09
9.346950428368913651e+09
9.526300089343568802e+09
9.707515777825511932e+09
9.894241351129014969e+09
1.008442255763624001e+10
1.027629146413504982e+10
1.047361138167327690e+10
1.067512447171130371e+10
1.087835436668756676e+10
1.108687234119778824e+10
1.130032391030326271e+10
1.151565250064587212e+10
1.173598762030025482e+10
1.196198014938920212e+10
1.219010724691197586e+10
1.242294820789104652e+10
1.266210162373506355e+10
1.290377988557024384e+10
1.314982631974581337e+10
1.340272685409798813e+10
1.365888295882161140e+10
1.391901859105205917e+10
1.418647831144722366e+10
1.445808755321592903e+10
1.473348364650965118e+10
1.501657398887663269e+10
1.530465867684312630e+10
1.559652540896961212e+10
1.589643158816123772e+10
1.620207118085429764e+10
1.651152641819641304e+10
1.682908626577095032e+10
1.715307381839145088e+10
1.748098150051378632e+10
1.781702860854852676e+10
1.816016330136059570e+10
1.850730177370077133e+10
1.886241466484584427e+10
1.922566200049637222e+10
1.959307702264127731e+10
1.996809352948640442e+10
2.035262728547463989e+10
2.074164568739581680e+10
2.113773211371007538e+10
2.154496171503651428e+10
2.195731633700532913e+10
2.237630012930749130e+10
2.280756997482301331e+10
2.324481972964355850e+10
2.368822507385057449e+10
2.414466110597547150e+10
2.460831479188820267e+10
2.507758562617793655e+10
2.556010735313619614e+10
2.605160529787628174e+10
2.654836521843967056e+10
2.705790417448624420e+10
2.757841371106308365e+10
2.810452807146307373e+10
2.864262139744116211e+10
2.919352888929980850e+10
2.975106947021567917e+10
3.032007141363476944e+10
3.090343470659604263e+10
3.149444492715279007e+10
3.209622848846957016e+10
3.271403141058803558e+10
3.334043074623144150e+10
3.397686662045014572e+10
3.463044261525505829e+10
3.529410983965440369e+10
3.596737899493837738e+10
3.665867686332027435e+10
3.736191521131306458e+10
3.807413917755345917e+10
3.880553362928836823e+10
3.955079941475997162e+10
4.030469501833673096e+10
4.107820533195366669e+10
4.186813550838549805e+10
4.266651937526132965e+10
4.348421267600513458e+10
4.432142909787062836e+10
4.516729165467287445e+10
4.603200002043443298e+10
4.691890851174039459e+10
4.781550661396947479e+10
4.872984313626412201e+10
4.966914861047544861e+10
5.061952236754930878e+10
5.158675142811426544e+10
5.258112956587949371e+10
5.358852337294859314e+10
5.461159587135847473e+10
5.566375850334250641e+10
5.673134996256831360e+10
5.781360286540546417e+10
5.892547343191886902e+10
6.005638966091687775e+10
6.120117782998067474e+10
6.237658479320081329e+10
6.357399947818872070e+10
6.478531214725207520e+10
6.602836678771835327e+10
6.729660444380942535e+10
6.857816678716883850e+10
6.989280488892503357e+10
7.123675439126506042e+10
7.259354848056423950e+10
7.398410047451899719e+10
7.540755686371305847e+10
7.684464974760865784e+10
7.831467298651780701e+10
7.982265784745881653e+10
8.134585199698991394e+10
8.289941153695686340e+10
8.449615476674417114e+10
8.611093384317320251e+10
8.775308994397775269e+10
8.944262062168464661e+10
9.115525087099148560e+10
9.289208938962681580e+10
9.467952636074273682e+10
9.649607911727214050e+10
9.833520981148362732e+10
1.002272704070153046e+11
1.021550410327150879e+11
1.041029753973987732e+11
1.061064999768976440e+11
1.081525028119316406e+11
1.102164901322511292e+11
1.123367279376135406e+11
1.145067744675694885e+11
1.166934655211842346e+11
1.189352974913408356e+11
1.212350915561511993e+11
1.235525016245601349e+11
1.259212066113235016e+11
1.283573793471823425e+11
1.308136272057593079e+11
1.333173230594890747e+11
1.358968060551721954e+11
1.385013394733710022e+11
1.411489932140983582e+11
1.438802497844491272e+11
1.466434766438597412e+11
1.494437552060044861e+11
1.523330585841435852e+11
1.552628573268000488e+11
1.582250643213144836e+11
1.612797171788670959e+11
1.643841613919703064e+11
1.675193603267101746e+11
1.707472018632079773e+11
1.740375105013271484e+11
1.773575805575467224e+11
1.807699252072175903e+11
1.842582002250279846e+11
1.877744561506677246e+11
1.913810157704329529e+11
1.950790891053152771e+11
1.988057680624941406e+11
2.026164937748160095e+11
2.065347709061773071e+11
2.104844488524780273e+11
2.145124701349812622e+11
2.186604176884712830e+11
2.228502002926256104e+11
2.271115479311302490e+11
2.315006441209657288e+11
2.359457459334960022e+11
2.404560126390574341e+11
2.451024799466925354e+11
2.498210410679830933e+11
2.545959231492043152e+11
2.595150170726021118e+11
2.645225729489687500e+11
2.695750734326099854e+11
2.747808278478430176e+11
2.800948353765057983e+11
2.854440968331977539e+11
2.909465936687033691e+11
2.965787100631559448e+11
3.022437120978921509e+11
3.080559179048814697e+11
3.140177210792347412e+11
3.200194166490542603e+11
3.261576657950062866e+11
3.324671604582298584e+11
3.388263998166460571e+11
3.453117685853220825e+11
3.519877531113578491e+11
3.587270920478843994e+11
3.655838824140011597e+11
3.726508324485961914e+11
3.797967772580898438e+11
3.870508752104678955e+11
3.945296241885994263e+11
4.021065279624228516e+11
4.097842823462445068e+11
4.176979840252279663e+11
4.257304517535654297e+11
4.338551479340430298e+11
4.422198073958201904e+11
4.507313471252834473e+11
4.593341223706696167e+11
4.681753341926530151e+11
4.771995557765050049e+11
4.863145817465502319e+11
4.956655427588048706e+11
5.052392356533119507e+11
5.149065487885713501e+11
5.248017412519527588e+11
5.349570517212551270e+11
5.452163845064421387e+11
5.556863079428692627e+11
5.664448496493262939e+11
5.773335621762664795e+11
5.884066437528288574e+11
5.997870202793239746e+11
6.113342036949875488e+11
6.230460221866164551e+11
6.350756510471854248e+11
6.473173163100821533e+11
6.597097848790800781e+11
6.724340260324991455e+11
6.854044960303876953e+11
6.985319102768013916e+11
7.119986981054113770e+11
7.257519707331190186e+11
7.396619859680247803e+11
7.539224454980794678e+11
7.685101327802697754e+11
7.832559173175433350e+11
7.983536931413277588e+11
8.138291950931495361e+11
8.294619572419581299e+11
8.454281378515324707e+11
8.618238689759407959e+11
8.783977149792091064e+11
8.952786866101335449e+11
9.126285953776721191e+11
9.302045085453048096e+11
9.480508260232186279e+11
9.664015984252572021e+11
9.850445613725114746e+11
1.003928547784227783e+12
1.023333949262809937e+12
1.043106469080705566e+12
1.063097451975696777e+12
1.083621331764790161e+12
1.104579224072837158e+12
1.125743433844281738e+12
1.147448638050123047e+12
1.169646890048723877e+12
1.192056627916325684e+12
1.215009022979320557e+12
1.238528995110490723e+12
1.262275970408529297e+12
1.286562244356499756e+12
1.311473644091068848e+12
1.336654708250674805e+12
1.362360560067606689e+12
1.388750862898581299e+12
1.415449021822824463e+12
1.442649001972479248e+12
1.470589839121284180e+12
1.498893070127507080e+12
1.527644414896269775e+12
1.557204348808237549e+12
1.587219349879878662e+12
1.617620209728283691e+12
1.648872080343200195e+12
1.680709411017671631e+12
1.712873325505356201e+12
1.745918903859481201e+12
1.779686186662780518e+12
1.813739780376041504e+12
1.848682005704320557e+12
1.884467880897503662e+12
1.920539732134044434e+12
1.957482937024970947e+12
1.995406336334412109e+12
2.033629555436576904e+12
2.072688622548530762e+12
2.112859737496833740e+12
2.153384107777995850e+12
2.194691017216097412e+12
2.237242080082886719e+12
2.280222795955089844e+12
2.323906419079748047e+12
2.368955194983239746e+12
2.414561319757015625e+12
2.460767057514327637e+12
2.508433658328698730e+12
2.556835208128484863e+12
2.605759720748653809e+12
2.656197182591632324e+12
2.707555682714627441e+12
2.759371796958591309e+12
2.812724051890956543e+12
2.867201055778906738e+12
2.922087129273074707e+12
2.978511685426696289e+12
3.036268813458626953e+12
3.094410196922201172e+12
3.154059337461567383e+12
3.215259847247482422e+12
3.276891316026904785e+12
3.339909021164176758e+12
3.404703498739745605e+12
3.470071808021127930e+12
3.536679247013975586e+12
3.605259214979037598e+12
3.674644013088760254e+12
3.745103258025044434e+12
3.817671943370259277e+12
3.891322635990269531e+12
3.965902184436114258e+12
4.042671761293537109e+12
4.120797052113079102e+12
4.199775833515327637e+12
4.280969974790579102e+12
4.363759728525397461e+12
4.447362415888933594e+12
4.533164670393078125e+12
4.620804432957605469e+12
4.709315824847602539e+12
4.800011386969330078e+12
4.892783776256553711e+12
4.986549536844058594e+12
5.082483826318846680e+12
5.180742809859135742e+12
5.280177300408881836e+12
5.381722401533012695e+12
5.485844192719796875e+12
5.591332737884577148e+12
5.698853736690383789e+12
5.809197866324021484e+12
5.921083099869194336e+12
6.034912323203038086e+12
6.151780502726958008e+12
6.270383305943968750e+12
6.390827630323179688e+12
6.514574260797974609e+12
6.640283872349033203e+12
6.767693463270326172e+12
6.898575834932555664e+12
7.031794841350348633e+12
7.166584675572657227e+12
7.304841382101956055e+12
7.445889386641780273e+12
7.588566592252256836e+12
7.734627034355666992e+12
7.883977618989862305e+12
8.035099100874216797e+12
8.189624833650426758e+12
8.347893064084517578e+12
8.508061486819549805e+12
8.671634557928559570e+12
8.839444625160755859e+12
9.009312527117292969e+12
9.182433519637375000e+12
9.360237486365595703e+12
9.540478500674408203e+12
9.723718794750277344e+12
9.911935666740628906e+12
1.010308651516432031e+13
1.029702413321466211e+13
1.049624566736455664e+13
1.069901613234054492e+13
1.090444020824832031e+13
1.111537523070010938e+13
1.133041673777341992e+13
1.154808322447558398e+13
1.177146451654122852e+13
1.199948785722790039e+13
1.223013453406381445e+13
1.246655136267253906e+13
1.270823808388534961e+13
1.295265566625208984e+13
1.320270640050348633e+13
1.345876753734285547e+13
1.371782511512524609e+13
1.398219219438353516e+13
1.425329529254154883e+13
1.452794253646502148e+13
1.480757641155252930e+13
1.509456772838402734e+13
1.538572307280992383e+13
1.568165515809586328e+13
1.598543606866474219e+13
1.629410411793531641e+13
1.660757382287911328e+13
1.692919411920327148e+13
1.725635845556165234e+13
1.758831832421123047e+13
1.792870282881208203e+13
1.827549883370580469e+13
1.862705787195894922e+13
1.898724518819426562e+13
1.935491530538720312e+13
1.972730173977454297e+13
2.010829738301333594e+13
2.049799381180014062e+13
2.089263326967369531e+13
2.129556344554586719e+13
2.170819935005363281e+13
2.212633180064579297e+13
2.255251911152520703e+13
2.298921359414974609e+13
2.343220076413529688e+13
2.388306281409069141e+13
2.434512230098674219e+13
2.481433544963587500e+13
2.529129031781520703e+13
2.578042310406003125e+13
2.627755494473367188e+13
2.678223963905596094e+13
2.729985134409242969e+13
2.782668189884720312e+13
2.836072232242776562e+13
2.890816701669194531e+13
2.946638312710492969e+13
3.003172937158142188e+13
3.061052933978967188e+13
3.120164166345146484e+13
3.180031855358891797e+13
3.241240728788008594e+13
3.303850527785801562e+13
3.367261313006555078e+13
3.432034681876948438e+13
3.498358274235167188e+13
3.565573742960646094e+13
3.634136285101589062e+13
3.704404850500319531e+13
3.775683735661941406e+13
3.848256076556803125e+13
3.922661826752732812e+13
3.998268713198292188e+13
4.075075001978957031e+13
4.153837508472645312e+13
4.234000528910540625e+13
4.315287381470224219e+13
4.398609730820466406e+13
4.483574162943648438e+13
4.569641555028580469e+13
4.657771348214775000e+13
4.747750894640255469e+13
4.838903119151276562e+13
4.932116402378769531e+13
5.027357711580392969e+13
5.123905476936250781e+13
5.222495453111902344e+13
5.323255286735867969e+13
5.425495960669454688e+13
5.529767732057592969e+13
5.636367689809462500e+13
5.744611019229889844e+13
5.854917233916592188e+13
5.967686296149346875e+13
6.082332731170570312e+13
6.199067983896716406e+13
6.318457367287504688e+13
6.439927163466335938e+13
6.563530377637827344e+13
6.689918049535074219e+13
6.818590405108618750e+13
6.949438747098392969e+13
7.083260505740690625e+13
7.219599351615237500e+13
7.358120070969595312e+13
7.499740894349168750e+13
7.644197879089740625e+13
7.790873037290539062e+13
7.940694084951215625e+13
8.093735097653648438e+13
8.249138156030945312e+13
8.407633494144954688e+13
8.569695704546428125e+13
8.734280552756862500e+13
8.901938944885190625e+13
9.073524872010212500e+13
9.247832065488328125e+13
9.425238629534954688e+13
9.606909371391453125e+13
9.791506866126321875e+13
9.979220725746332812e+13
1.017153586213869375e+14
1.036702944298058438e+14
1.056566617782364062e+14
1.076913833907105156e+14
1.097622860030231406e+14
1.118652732980741094e+14
1.140182950661940625e+14
1.162129249492638125e+14
1.184397322955784531e+14
1.207180167065087969e+14
1.230440742411700781e+14
1.254036461349217031e+14
1.278158973560983438e+14
1.302816445813409844e+14
1.327830230569421094e+14
1.353380585324581406e+14
1.379526860666434531e+14
1.406048608162352969e+14
1.433111629432281875e+14
1.460822079271189375e+14
1.488937255844682812e+14
1.517596031868772500e+14
1.546960764408033750e+14
1.576762670673278750e+14
1.607107507519102500e+14
1.638201582663607500e+14
1.669786375351588750e+14
1.701907807713483438e+14
1.734817158837681875e+14
1.768292014647256562e+14
1.802297928694722500e+14
1.837126252789617188e+14
1.872613514040650938e+14
1.908624897830980625e+14
1.945486636758489375e+14
1.983102441526790625e+14
2.021232057238492188e+14
2.060236719700435000e+14
2.100084011077754062e+14
2.140458572525157500e+14
2.181721582327611562e+14
2.223890130830795625e+14
2.266639337803990938e+14
2.310289389134080625e+14
2.354914567539553750e+14
2.400168892220280625e+14
2.446327768926375312e+14
2.493546334540513750e+14
2.541472224440806250e+14
2.590310023555358125e+14
2.640292405185609688e+14
2.691063952137697500e+14
2.742745787117081562e+14
2.795643619150115625e+14
2.849444462189058125e+14
2.904135113268828750e+14
2.960151017400588750e+14
3.017163592291305625e+14
3.075050555182995000e+14
3.134323821640793125e+14
3.194734408279407500e+14
3.256013106123070625e+14
3.318699200716764375e+14
3.382715164236101250e+14
3.447586127651261250e+14
3.513875958685747500e+14
3.581716652630484375e+14
3.650438362034160625e+14
3.720547714546469375e+14
3.792419338794434375e+14
3.865259823472675000e+14
3.939431649976546250e+14
4.015565529697791875e+14
4.092806246912530000e+14
4.171285856280116250e+14
4.251873605349145000e+14
4.333782432536120000e+14
4.416865505654309375e+14
4.502107001039576875e+14
4.588934865700551875e+14
4.676920769799731250e+14
4.767010350872246875e+14
4.859006778439620000e+14
4.952233933081476250e+14
5.047479505363030625e+14
5.144891956695374375e+14
5.243661819600355625e+14
5.344359009491835625e+14
5.447456039709027500e+14
5.552131600608642500e+14
5.658641829812086250e+14
5.767756769910171250e+14
5.878689615777481250e+14
5.991450029981685000e+14
6.106987772021363750e+14
6.224570486157640000e+14
6.343993671621905000e+14
6.466331124712565000e+14
6.590988882717473750e+14
6.717501402884543750e+14
6.847063840747802500e+14
6.979180277153691250e+14
7.113215344418782500e+14
7.250337099369072500e+14
7.390307044680507500e+14
7.532235310197117500e+14
7.677326928040992500e+14
7.825577465272796250e+14
7.975841470433798750e+14
8.129329424037702500e+14
8.286365465315113750e+14
8.445501224255300000e+14
8.607864420794667500e+14
8.774202320824708750e+14
8.942759957273867500e+14
9.114535133969077500e+14
9.290624907874940000e+14
9.469262316301321250e+14
9.651001860120442500e+14
9.837292663961266250e+14
1.002652159395954375e+15
1.021888532980466250e+15
1.041592337475888250e+15
1.061633298576250875e+15
1.082001303214652625e+15
1.102857364422360750e+15
1.124090577003111500e+15
1.145657006291443500e+15
1.167745494682341500e+15
1.190251221879899250e+15
1.213087565541089750e+15
1.236471573768650750e+15
1.260323170632959250e+15
1.284505840878445250e+15
1.309244529680260750e+15
1.334519160246976500e+15
1.360133196654501000e+15
1.386305965908697500e+15
1.413084825090523500e+15
1.440210477464995750e+15
1.467891783506004250e+15
1.496246819562330750e+15
1.524977363428993000e+15
1.554252428464368750e+15
1.584267166953780250e+15
1.614688897370653250e+15
1.645659543333668500e+15
1.677438010710813500e+15
1.709672519723053000e+15
1.742457686557610750e+15
1.776105335003431500e+15
1.810284472712518750e+15
1.845006549021109250e+15
1.880614249123439500e+15
1.916862583834298750e+15
1.953659638562577250e+15
1.991331518945798500e+15
2.029760179769143500e+15
2.068759145798267000e+15
2.108613080903569750e+15
2.149323199822783500e+15
2.190657463286240500e+15
2.232814258220272750e+15
2.275922916894632000e+15
2.319721104194460000e+15
2.364328181226131500e+15
2.409974159074537000e+15
2.456363712355203000e+15
2.503564178528187000e+15
2.551909749500431000e+15
2.601055649993976500e+15
2.651014522787869500e+15
2.702222824649539000e+15
2.754305858428549500e+15
2.807188176444519500e+15
2.861397628074273500e+15
2.916597435923536500e+15
2.972596501908278500e+15
3.029990822891349500e+15
3.088516664556351000e+15
3.147841250811234500e+15
3.208593155911949000e+15
3.270629233473003000e+15
3.333497115345531500e+15
3.397778411710355000e+15
3.463502060347526000e+15
3.530132562078066500e+15
3.598140909414669000e+15
3.667698747519581000e+15
3.738322179870589500e+15
3.810258416775760500e+15
3.883861956042854000e+15
3.958694975858390500e+15
4.034791190988176500e+15
4.112668886806450000e+15
4.191937768420604500e+15
4.272473728301825500e+15
4.354852046884956000e+15
4.438808632049913000e+15
4.524035494747273000e+15
4.611171904742814000e+15
4.700078677887411000e+15
4.790318210155867000e+15
4.882470380993428000e+15
4.976595813093581000e+15
5.072176906845995000e+15
5.169693655309652000e+15
5.269350626804699000e+15
5.370619932008202000e+15
5.473860911838666000e+15
5.579369526175351000e+15
5.686684569037729000e+15
5.796021809396557000e+15
5.907745382380421000e+15
6.021431226778269000e+15
6.137205374534639000e+15
6.255536969973588000e+15
6.375916660742584000e+15
6.498473303801245000e+15
6.623772233309014000e+15
6.751234004812600000e+15
6.880963036578797000e+15
7.013587500895850000e+15
7.148549439034959000e+15
7.285881129565047000e+15
7.426230910412208000e+15
7.569142950649864000e+15
7.714527661084361000e+15
7.863104999341303000e+15
8.014504719318765000e+15
8.168452675752452000e+15
8.325810544942538000e+15
8.486291044569680000e+15
8.649281574776392000e+15
8.815952969574548000e+15
8.986117755655758000e+15
9.158756314124802000e+15
9.335288863337322000e+15
9.515761366787100000e+15
9.698617427226348000e+15
9.885531568022228000e+15
1.007683374018197800e+16
1.027059486035864400e+16
1.046842989304510800e+16
1.067106130995021800e+16
1.087633427715965400e+16
1.108558738894327000e+16
1.130002335210649800e+16
1.151744782362289200e+16
1.173876301976981400e+16
1.196564851753112400e+16
1.219597984424096600e+16
1.243014705155038000e+16
1.267017670233321200e+16
1.291430165615597200e+16
1.316224027291210000e+16
1.341623856470845400e+16
1.367500837268674400e+16
1.393763581858453800e+16
1.420643138057155800e+16
1.448076012775900000e+16
1.475903078219857000e+16
1.504344120286334800e+16
1.533414398720251800e+16
1.562885322271175200e+16
1.592971115587356800e+16
1.623782874908706000e+16
1.655000394022860400e+16
1.686823755475740800e+16
1.719467327997223600e+16
1.752551418070313600e+16
1.786211217877612400e+16
1.820774535331465200e+16
1.855844281025435200e+16
1.891459164118978400e+16
1.928019973737919600e+16
1.965192017446716000e+16
2.002891770483116800e+16
2.041574205277426000e+16
2.080982216565532000e+16
2.120918920030873200e+16
2.161843999132456000e+16
2.203608384759178000e+16
2.245921756940412400e+16
2.289235886336883600e+16
2.333506724302139200e+16
2.378355901486812800e+16
2.424232420909831200e+16
2.471170002590074000e+16
2.518722626289742000e+16
2.567295459786048800e+16
2.617059067800031200e+16
2.667474812671061200e+16
2.718884869729310000e+16
2.771592561857537600e+16
2.825049831239358000e+16
2.879434143049776400e+16
2.935228517208197200e+16
2.991920991407655600e+16
3.049455872793928400e+16
3.108462303534865600e+16
3.168543651111495200e+16
3.229440282192368800e+16
3.291820807114707600e+16
3.355470749589864000e+16
3.419945963763788800e+16
3.485891532668344400e+16
3.553286213050822400e+16
3.621557535383647200e+16
3.691289274367839200e+16
3.762604094209321600e+16
3.834898018774517600e+16
3.908659500416570400e+16
3.984162984352053600e+16
4.060746488189714400e+16
4.138839927939771200e+16
4.218807533467932800e+16
4.299947017791418400e+16
4.382650756676002400e+16
4.467404997649814400e+16
4.553410490025165600e+16
4.640986168354052000e+16
4.730778794587998400e+16
4.821924264710431200e+16
4.914627516402795200e+16
5.009703856432545600e+16
5.106281337171801600e+16
5.204411298302244800e+16
5.305011483843684000e+16
5.407321470570252800e+16
5.511220106296272000e+16
5.617691623829814400e+16
5.726101802845724000e+16
5.836169491017999200e+16
5.948856119773780000e+16
6.063785866129458400e+16
6.180346361403096000e+16
6.299644381072716800e+16
6.421512914090841600e+16
6.544979252942228800e+16
6.671249657186705600e+16
6.800502473974746400e+16
6.931298353705718400e+16
7.064839772854726400e+16
7.201769845133660000e+16
7.340380435940796800e+16
7.481573439333070400e+16
7.626510127248528000e+16
7.773435201614961600e+16
7.922764524946987200e+16
8.076071831248432000e+16
8.231815063934888000e+16
8.389836810573318400e+16
8.552023927153390400e+16
8.717112999421747200e+16
8.884458973228289600e+16
9.056072139948145600e+16
9.231101131105464000e+16
9.408392750611972800e+16
9.589956929729747200e+16
9.775424913308592000e+16
9.963276103639076800e+16
1.015534051303503200e+17
1.035179780347248000e+17
1.055078548111276960e+17
1.075395528608858560e+17
1.096203920154221440e+17
1.117287564312716800e+17
1.138779399093816640e+17
1.160811899437634400e+17
1.183156965989146400e+17
1.205900027211093440e+17
1.229227922253516160e+17
1.252916812226914560e+17
1.277001595083728320e+17
1.301701839235866720e+17
1.326814582490649440e+17
1.352326226538024480e+17
1.378472996718238240e+17
1.405094571811749280e+17
1.432123094352237920e+17
1.459791222294891840e+17
1.487996889100039360e+17
1.516626122695897920e+17
1.545897497812093120e+17
1.575765462632724800e+17
1.606081088857837440e+17
1.637038294109158720e+17
1.668661961894308480e+17
1.700762192360008320e+17
1.733498059560745280e+17
1.766960389128611840e+17
1.800958182667381120e+17
1.835582342887512960e+17
1.870990729141035200e+17
1.907010304075103360e+17
1.943647728624459520e+17
1.981097916545591680e+17
2.019245099185749760e+17
2.058019473787816960e+17
2.097638765857821760e+17
2.138040128641044800e+17
2.179092469603437760e+17
2.221020683659013760e+17
2.263821211074668800e+17
2.307300142924842880e+17
2.351692738594210880e+17
2.397032003403883200e+17
2.443094305089140480e+17
2.490094196349855040e+17
2.538125581664192640e+17
2.586937266713478080e+17
2.636700877727227520e+17
2.687552130926151040e+17
2.739261412561190080e+17
2.791938779803002560e+17
2.845780322479967680e+17
2.900560204743988480e+17
2.956347500893056640e+17
3.013360828663965440e+17
3.071421926901315840e+17
3.130517680682349440e+17
3.190912454763391360e+17
3.252434396166049920e+17
3.315023028090220800e+17
3.378963517498474880e+17
3.444147910829886720e+17
3.510409300851205760e+17
3.578097066139861760e+17
3.647166450952480000e+17
3.717273224513932160e+17
3.788908969156753280e+17
3.862087675067653120e+17
3.936285858193639040e+17
4.012065778224115200e+17
4.089597925674179200e+17
4.168189688120986240e+17
4.248354417547689600e+17
4.330467373132530560e+17
4.413783121123356800e+17
4.498648719443312640e+17
4.585618332860061440e+17
4.673950965096898560e+17
4.763823995417974400e+17
4.855885286419420160e+17
4.949527653451893760e+17
5.044739096325684480e+17
5.142185751109430400e+17
5.241396549058787200e+17
5.342216979985176960e+17
5.445280679775058560e+17
5.550339247931358720e+17
5.657095633439408000e+17
5.766066004415904000e+17
5.877266964399587840e+17
5.990324581689045760e+17
6.105522508048289280e+17
6.223207074712366080e+17
6.343000193343740160e+17
6.464930164168981760e+17
6.589511595989568000e+17
6.716431929313792000e+17
6.845562747761544960e+17
6.977450477471453440e+17
7.111859076454873600e+17
7.248661681038300160e+17
7.388419506106341120e+17
7.530799032151029760e+17
7.675673770795507200e+17
7.823757835330384640e+17
7.974660986041082880e+17
8.128124366236625920e+17
8.285067577639746560e+17
8.445019858913094400e+17
8.607522901585338880e+17
8.773805825716459520e+17
8.943382314532977920e+17
9.115480270245932800e+17
9.291601785892148480e+17
9.471314520193377280e+17
9.653574524326042880e+17
9.840098947708712960e+17
1.003042537209626752e+18
1.022343989369367040e+18
1.042088024251203712e+18
1.062243368001306624e+18
1.082689965474675200e+18
1.103586754255097344e+18
1.124928164951049984e+18
1.146595414083942272e+18
1.168713164014861568e+18
1.191309406281222656e+18
1.214267367986337280e+18
1.237681267621306880e+18
1.261604811959907072e+18
1.285931664664561408e+18
1.310714776393646080e+18
1.336022384834705408e+18
1.361781360351204608e+18
1.388001373663363840e+18
1.414772400066013952e+18
1.442031890804719104e+18
1.469766836266119680e+18
1.498068746020862208e+18
1.526906937912385792e+18
1.556252813708791296e+18
1.586173536016633088e+18
1.616685107354016000e+18
1.647744772159536128e+18
1.679404403718180352e+18
1.711692946567066624e+18
1.744572335223651328e+18
1.778086951357536000e+18
1.812292323936765184e+18
1.847111182275156736e+18
1.882615808862148864e+18
1.918872696110018048e+18
1.955756263925837312e+18
1.993345233440088320e+18
2.031752401671833600e+18
2.070834372632572160e+18
2.110638309029692416e+18
2.151320048933952256e+18
2.192742443362294784e+18
2.234902194297135616e+18
2.277954373657980416e+18
2.321842786263521280e+18
2.366504773046664192e+18
2.412062171714140672e+18
2.458543230987679744e+18
2.505856846456363008e+18
2.554090922014392320e+18
2.603307012761693184e+18
2.653412326857822208e+18
2.704474834029503488e+18
2.756581507050970112e+18
2.809629871625948672e+18
2.863683347414870528e+18
2.918851370850467840e+18
2.975014588900995072e+18
3.032229469734205440e+18
3.090624047671505920e+18
3.150085487242372608e+18
3.210643554641984512e+18
3.272454060418010112e+18
3.335425811039910912e+18
3.399525588178070016e+18
3.464959913538384896e+18
3.531662320911400448e+18
3.599516299990467584e+18
3.668784697357340672e+18
3.739430456736402944e+18
3.811268549979320832e+18
3.884598710354513920e+18
3.959410322582610944e+18
4.035486596843247104e+18
4.113117194605645824e+18
4.192343265456898560e+18
4.272929415210589184e+18
4.355110834461198848e+18
4.439032326484243456e+18
4.524385000904467456e+18
4.611405471641910272e+18
4.700260575988374528e+18
4.790655447586277376e+18
4.882790616211365888e+18
4.976903697424214016e+18
5.072662129811483648e+18
5.170228318270831616e+18
5.269873311593550848e+18
5.371278913317145600e+18
5.474601381050687488e+18
5.580053752875375616e+18
5.687420328641156096e+18
5.796857923350370304e+18
5.908481728688228352e+18
6.022170376559667200e+18
6.138053831905333248e+18
6.256236646717259776e+18
6.376623452265141248e+18
6.499279699334476800e+18
6.624388815415403520e+18
6.751907333384183808e+18
6.881727623913526272e+18
7.014118463948359680e+18
7.149190993550022656e+18
7.286649721861086208e+18
7.426710011033454592e+18
7.569688212511200256e+18
7.715295722076152832e+18
7.863542056897547264e+18
8.014848190833636352e+18
8.169042886660148224e+18
8.325979196741663744e+18
8.486056267752034304e+18
8.649312429669213184e+18
8.815562497431516160e+18
8.985031017584781312e+18
9.157842651419681792e+18
9.333943804770068480e+18
9.513505885615884288e+18
9.696505501220745216e+18
9.883083218240262144e+18
1.007341951155595878e+19
1.026730190409639526e+19
1.046491125900278170e+19
1.066669011075841024e+19
1.087216303303078298e+19
1.108145301585367450e+19
1.129517620808486093e+19
1.151278727814886195e+19
1.173439065618091827e+19
1.196072238632194253e+19
1.219113070343373619e+19
1.242568167555169485e+19
1.266521895303762330e+19
1.290918948978903040e+19
1.315741090828616704e+19
1.341092599762255872e+19
1.366907941604685414e+19
1.393179509430824550e+19
1.420009956274134221e+19
1.447332055476054630e+19
1.475146486116036608e+19
1.503549009469376717e+19
1.532483892788445594e+19
1.561937410545998643e+19
1.592017484459768013e+19
1.622676970136715878e+19
1.653877725773823181e+19
1.685741153593833882e+19
1.718234508061718733e+19
1.751305788125387981e+19
1.785064151330723021e+19
1.819513054427325235e+19
1.854587824783615181e+19
1.890346808841459712e+19
1.926845496021371290e+19
1.964025262156691866e+19
2.001898527960602624e+19
2.040553947447592550e+19
2.079938245792056115e+19
2.120035077405150413e+19
2.160957164107108762e+19
2.202664976363646976e+19
2.245112035526244352e+19
2.288424055053074022e+19
2.332582240097262797e+19
2.377529083345155277e+19
2.423379331728266854e+19
2.470149006244386406e+19
2.517745744398546534e+19
2.566275248458987110e+19
2.615797227335211008e+19
2.666215507992914739e+19
2.717578011903043584e+19
2.770004817308519629e+19
2.823396684921012634e+19
2.877761190688333414e+19
2.933266619980697600e+19
2.989833963231963546e+19
3.047415260164288922e+19
3.106169919007324160e+19
3.166074659637070643e+19
3.227084140993339392e+19
3.289305232080125133e+19
3.352745533912869683e+19
3.417398925408323174e+19
3.483304115939443507e+19
3.550500931358582374e+19
3.618985056644117709e+19
3.688785768474814054e+19
3.759948587709697229e+19
3.832478743893971763e+19
3.906366585890360525e+19
3.981693810954549658e+19
4.058484618365050061e+19
4.136666971884399002e+19
4.216363239105302528e+19
4.297655501013617050e+19
4.380411979066644070e+19
4.464788076968740454e+19
4.550861765233336320e+19
4.638491217590406349e+19
4.727856912717219430e+19
4.818998471044477747e+19
4.911792227957117747e+19
5.006481034964250624e+19
5.103054989888737280e+19
5.201342534537496166e+19
5.301674836383330304e+19
5.403987433435712717e+19
5.508123091622555648e+19
5.614422254829898138e+19
5.722745238101636710e+19
5.833068313327566029e+19
5.945689088739904717e+19
6.060328069098332979e+19
6.177123045475725312e+19
6.296427923490109030e+19
6.417705215210234675e+19
6.541299500266183066e+19
6.667602233437359309e+19
6.795971749608438989e+19
6.926645380868105830e+19
7.060324032475943731e+19
7.196288116785153638e+19
7.334509394598001869e+19
7.475942866319171584e+19
7.619964558480136602e+19
7.766293741180059648e+19
7.915954537985305805e+19
8.068514802764034867e+19
8.223486719359041536e+19
8.381894280177026662e+19
8.543514179379571917e+19
8.707663330247563674e+19
8.875352164306775245e+19
9.046580773876172390e+19
9.220491400748643123e+19
9.397941655454251418e+19
9.579371522441602662e+19
9.763583472658967757e+19
9.951277253392113664e+19
1.014343784734964285e+20
1.033867818440836055e+20
1.053734036712103608e+20
1.074080324151743283e+20
1.094784757300727316e+20
1.115823603649922826e+20
1.137360579187406930e+20
1.159317303281236378e+20
1.181617206579586826e+20
1.204418673015883694e+20
1.227698782740602061e+20
1.251340660142323466e+20
1.275476800693838643e+20
1.300143619448197448e+20
1.325209235611708785e+20
1.350761572965942559e+20
1.376891220351080530e+20
1.403454432541486285e+20
1.430507022718790205e+20
1.458166551657616835e+20
1.486310731913012838e+20
1.514948710624370033e+20
1.544223275182626898e+20
1.574028103148656067e+20
1.604352628050928271e+20
1.635338149827462431e+20
1.666891769530438779e+20
1.698999335852315116e+20
1.731806186549233254e+20
1.765214318401527480e+20
1.799207927248891085e+20
1.833950986861043384e+20
1.869331727713674199e+20
1.905336681084462039e+20
1.942136744753125458e+20
1.979626726825218867e+20
2.017758631839178424e+20
2.056725564799855165e+20
2.096438909284720640e+20
2.136833575659967611e+20
2.178093949373761782e+20
2.220157969657456558e+20
2.262921398828359025e+20
2.306595818966393160e+20
2.351136553859899392e+20
2.396415177417664758e+20
2.442643894691196764e+20
2.489803598762610196e+20
2.537719109969634918e+20
2.586652768661982085e+20
2.636627791825933435e+20
2.687362263558213796e+20
2.739161485980599910e+20
2.792126328771449979e+20
2.845873953085531750e+20
2.900702960989159752e+20
2.956839814153384100e+20
3.013824362342555976e+20
3.071866592731929641e+20
3.131315299310981612e+20
3.191740958271489311e+20
3.253163408209079828e+20
3.316062204888447058e+20
3.380085058535899791e+20
3.445100228506006323e+20
3.511610909455180759e+20
3.579430873404221030e+20
3.648232486420874527e+20
3.718570208441881723e+20
3.790383279131017216e+20
3.863221739742511104e+20
3.937608520503801283e+20
4.013654769881601802e+20
4.090776794964594524e+20
4.169490454896695050e+20
4.250036310160838492e+20
4.331705580331804262e+20
4.414977831667443302e+20
4.500296712764149596e+20
4.586798409732204790e+20
4.674906006728430060e+20
4.765281206241265582e+20
4.856958225776666870e+20
4.950194942670171668e+20
5.045919878428584837e+20
5.143109953334896886e+20
5.241802813657907855e+20
5.343167260099849748e+20
5.446249912049115464e+20
5.550778025555886735e+20
5.658050006854120243e+20
5.767362380777032253e+20
5.878134184514692710e+20
5.991638053795557540e+20
6.107482686985840886e+20
6.224870406034097439e+20
6.344984012949967340e+20
6.467725790678932521e+20
6.592188955079367721e+20
6.719317523796595835e+20
6.849333365213029990e+20
6.981270869959055770e+20
7.115834834298705019e+20
7.253566123064073912e+20
7.393436486690760294e+20
7.535856172463917629e+20
7.681735768657079828e+20
7.830019629853465641e+20
7.980732932836512236e+20
8.135131849031244841e+20
8.292351857257162998e+20
