9.710517579575508318e-01
9.711451471904589683e-01
8.991395788236499209e-01
8.386269361508154052e-01
7.856801331472144101e-01
7.405124233581511506e-01
6.996625665935610749e-01
6.589364392012058147e-01
6.246869335211315821e-01
5.902376756920275636e-01
5.575523787113964014e-01
5.268383925043865768e-01
4.977573426447071681e-01
4.712057397150656857e-01
4.456913914428345946e-01
4.237816661056249545e-01
4.019101604618632306e-01
3.793828260645464301e-01
3.592996814958044349e-01
3.402121918280839874e-01
3.217259330993459954e-01
3.030617514227598175e-01
2.868049888813409831e-01
2.715524738049976960e-01
2.587607011973903637e-01
2.462181040549083766e-01
2.332618634307315475e-01
2.218973893903563588e-01
2.105949146733876731e-01
2.000877110187794516e-01
1.909145223421639670e-01
1.815089268635722008e-01
1.724899290848383171e-01
1.646746617291794668e-01
1.570753017205226976e-01
1.490253829223107951e-01
1.424658020986773743e-01
1.351847401085663203e-01
1.286080625515204912e-01
1.232680076811880354e-01
1.177497515994804234e-01
1.127326413111602588e-01
1.084615047840236518e-01
1.040818073250513731e-01
9.960280757557381237e-02
9.568378769129819161e-02
9.196479331624730913e-02
8.835634937642672382e-02
8.519291415862455252e-02
8.222774415474497223e-02
7.883701940935897157e-02
7.583411729048628036e-02
7.293065518593290497e-02
6.997408668197052650e-02
6.707847517317372388e-02
6.472127724565808482e-02
6.240953886497200426e-02
5.976617984985912319e-02
5.775719400310437568e-02
5.576864359097805091e-02
5.385398284838898569e-02
5.213130067080107288e-02
5.037572128874219513e-02
4.851840268988746180e-02
4.695340800596364828e-02
4.555469820391683244e-02
4.403199035560374786e-02
4.269845571220964864e-02
4.136800804277700194e-02
3.997495850317139138e-02
3.874982210758225187e-02
3.750980731565150411e-02
3.617057902607903608e-02
3.507981200180338571e-02
3.407196177991151514e-02
3.290771385417035760e-02
3.189998658350036431e-02
3.096250936295012399e-02
2.988678884204544126e-02
2.890784427835073681e-02
2.818137770852837884e-02
2.744478516548286631e-02
2.668913439454561470e-02
2.598661818379696675e-02
2.530516587191151273e-02
2.458388694457042806e-02
2.399654205780509322e-02
2.342581026210888151e-02
2.273081763426451282e-02
2.221524541932445862e-02
2.163475397516140958e-02
2.098395694003239720e-02
2.052979046291260323e-02
2.002925786660458840e-02
1.947524237228513699e-02
1.900687389200682309e-02
1.862216788107089877e-02
1.817124737708685281e-02
1.775113175229478188e-02
1.738066792558431300e-02
1.697997524838338115e-02
1.659054771931681854e-02
1.631342337381471927e-02
1.593875799539856350e-02
1.561365280113523497e-02
1.535100698981145366e-02
1.499293088726248897e-02
1.464091884566882766e-02
1.438016314389181649e-02
1.403960255842009314e-02
1.367552843255683860e-02
1.342921300215231539e-02
1.312214730197660759e-02
1.280246106217398754e-02
1.258461519860428444e-02
1.233202125882048618e-02
1.206212061660490685e-02
1.187921771764835314e-02
1.165699714536462886e-02
1.140583905881682736e-02
1.121469390567026575e-02
1.101842387148154086e-02
1.082668923892741129e-02
