9.972543023452922206e-01
9.972485044271872656e-01
9.871476236729942455e-01
9.777486959470131911e-01
9.697380410620810576e-01
9.621390025806878521e-01
9.548424587899279059e-01
9.465879821976957986e-01
9.388718336016302901e-01
9.314110603243844766e-01
9.233615806943746840e-01
9.152592623972034547e-01
9.078950198984092612e-01
9.005753508231649773e-01
8.926603305480041994e-01
8.856859970562870332e-01
8.784869278196133502e-01
8.714781521823884436e-01
8.642374160663482963e-01
8.573360542690107167e-01
8.509882050237137507e-01
8.443729060936375763e-01
8.381626010798645110e-01
8.313054413016370825e-01
8.247415489379804621e-01
8.186512479578694768e-01
8.124350839349989695e-01
8.064995272928118242e-01
8.005944754925465867e-01
7.951452819976869701e-01
7.897307607210314329e-01
7.841359482516079282e-01
7.782556629660468683e-01
7.727659456543012340e-01
7.669649715160040682e-01
7.610773389888583207e-01
7.557430063961929623e-01
7.501176970563883106e-01
7.449914763753183733e-01
7.398622086818157362e-01
7.344442367403284377e-01
7.290969970337035644e-01
7.236835758661139817e-01
7.185254261598665870e-01
7.138377077286885974e-01
7.092338302389975535e-01
7.042942411451205142e-01
6.999396919099069025e-01
6.956194247342936121e-01
6.909873676246099938e-01
6.863107596124431442e-01
6.816487220135477587e-01
6.770142179989903086e-01
6.724891988293629774e-01
6.683260650362292665e-01
6.641567633181882924e-01
6.596948260211827897e-01
6.554482159810908204e-01
6.515636968555168496e-01
6.472912591456397857e-01
6.429180563542654658e-01
6.390038858522126830e-01
6.348687589905133155e-01
6.306316477024225264e-01
6.269023298085957263e-01
6.230087627218380275e-01
6.191256576476097395e-01
6.155065486633750638e-01
6.117175911275150035e-01
6.078285498476335702e-01
6.039427209029691879e-01
6.001340064550161335e-01
5.966265491645140751e-01
5.926764709500840222e-01
5.890078049727773823e-01
5.855953766156350992e-01
5.820705829653023411e-01
5.786203901425566176e-01
5.752174460865122629e-01
5.721202583383786511e-01
5.691118339786048752e-01
5.659111141403679879e-01
5.627636548450032361e-01
5.598235167189403727e-01
5.570037512577513672e-01
5.540067233731079677e-01
5.509272065809004415e-01
5.479548602945780722e-01
5.449132560433347372e-01
5.418899293001605555e-01
5.388726788429750725e-01
5.358949530784730131e-01
5.331988968706898868e-01
5.305779383884402511e-01
5.278031743530809949e-01
5.248989563357120414e-01
5.224090849791254154e-01
5.199626686376420670e-01
5.170101190386020562e-01
5.147554121433528529e-01
5.125859929428127071e-01
5.098811597828936115e-01
5.076823084869230840e-01
5.054924493437965571e-01
5.027048639435593991e-01
5.006101776691131988e-01
4.986644597282472446e-01
4.962139387896634113e-01
4.939803156654086203e-01
4.918957148319125783e-01
4.898598126671326880e-01
4.876611359747174412e-01
4.856016432346605405e-01
4.836909285582562945e-01
4.816845303973377734e-01
4.796060741664038285e-01
4.775654885403762817e-01
4.758111003792280247e-01
4.738753235735608249e-01
4.718832901886477749e-01
4.701268129109539839e-01
4.683634614064898227e-01
4.666570431597931168e-01
4.647424524786549771e-01
4.629191847131826076e-01
4.613720021204502642e-01
4.593870175748989149e-01
4.576324689670965840e-01
4.562943533158238529e-01
4.547246506097480379e-01
4.531780979729544967e-01
4.518500413846521235e-01
4.504246904120977613e-01
4.489832848169086343e-01
4.476130094792389325e-01
4.461464321028816848e-01
4.447987603708200011e-01
4.434252702047004058e-01
4.420048551595128772e-01
4.406658252122089836e-01
4.394159006381340715e-01
4.380750170233703167e-01
4.366098805845675113e-01
4.355585396754984573e-01
4.344639106320083988e-01
4.331807858569173830e-01
4.321077442676554692e-01
4.312575405101738424e-01
4.302204392805255573e-01
4.292474138186433419e-01
4.284831274558966729e-01
4.274869207525232029e-01
4.265767216335363266e-01
4.258622804524260230e-01
4.249121684275047883e-01
4.239341858735718449e-01
4.232155794186075459e-01
4.223137068883828782e-01
4.214869725427352054e-01
4.208761933063435157e-01
4.200195921624834128e-01
4.194408933726292976e-01
4.189586550184618008e-01
4.182595760913805916e-01
4.178386756254253709e-01
4.174675183861208394e-01
4.168283786929466439e-01
4.164310350345861722e-01
4.161767895544239426e-01
4.157656608607231408e-01
4.154086761597015620e-01
4.153808133549781734e-01
4.152799926902243643e-01
4.151117727941773805e-01
4.151389311387019831e-01
4.151001149626252218e-01
4.150063106291002057e-01
4.149662360188426935e-01
4.150094198576486093e-01
4.150553706699238732e-01
4.149760649252922096e-01
4.152012426192614458e-01
4.154918119745288352e-01
4.157587790248039039e-01
4.162222048757135417e-01
4.165936969943511703e-01
4.168961920374291696e-01
4.174062828119183277e-01
4.179410933638866288e-01
4.181744137551623441e-01
4.187274520276770273e-01
4.193560424871555226e-01
4.197954918450986228e-01
4.205393004853835159e-01
4.212836529727169710e-01
4.218661144911045047e-01
4.227423653621110167e-01
4.237614298011564418e-01
4.245062103677507692e-01
4.253902052248696442e-01
4.265156625981603167e-01
4.274282536393912979e-01
4.283489062392262792e-01
4.296012835197777213e-01
4.306611604373548063e-01
4.316991455831629687e-01
4.331271392424335120e-01
4.342821683110241748e-01
4.354751350512203745e-01
4.370576764901535904e-01
4.383848630913340094e-01
4.397015663500429827e-01
4.413588369782106557e-01
4.428858146145098207e-01
4.444501942480031387e-01
4.463686215879255625e-01
4.482118326395053143e-01
4.499606542682105803e-01
4.520282284859185595e-01
4.541391720811843169e-01
4.559884064180491081e-01
4.582794312058405817e-01
4.606855263913307574e-01
4.627116184678282673e-01
4.651822343305135887e-01
4.678398398268591163e-01
4.700210542117902457e-01
4.724306282142625713e-01
4.753137966076206311e-01
4.778229374232899063e-01
4.802833875236700023e-01
4.834038136984969425e-01
4.862413981888996650e-01
4.888104424195678921e-01
4.920352150246137257e-01
4.951617100879489031e-01
4.980113016446849339e-01
5.014003248353364750e-01
5.049726570466271935e-01
5.080634983159987295e-01
5.116257034679788651e-01
5.154256765523584916e-01
5.187004769485571432e-01
5.222742859396101167e-01
5.260597393100877595e-01
5.294201167024766841e-01
5.329771607116300380e-01
5.370650347711463102e-01
5.407919394704899796e-01
5.446187989063410173e-01
5.492735396696851735e-01
5.535238381481848435e-01
5.575984223753379654e-01
5.624549067517635725e-01
5.670676216814635184e-01
5.714406376298014623e-01
5.762704130881548537e-01
5.812712651073098646e-01
5.860499987162197666e-01
5.911787982097589378e-01
5.965273290453015909e-01
6.014489360909485161e-01
6.069738029197533358e-01
6.125329389659857071e-01
6.176788406297130107e-01
6.232208949756398164e-01
6.293683474368493291e-01
6.351739269622929118e-01
6.405645660698688904e-01
6.469630068856102589e-01
6.532519154933555949e-01
6.593891214997090744e-01
6.658926530821660528e-01
6.723486508154526975e-01
6.787181710489307296e-01
6.855383368676801759e-01
6.922406989072286132e-01
6.990258520972930656e-01
7.062896917337615488e-01
7.135542290268718224e-01
7.208160869473040355e-01
7.284346284842831976e-01
7.362331169995846025e-01
7.440124030014908518e-01
7.519711869565930407e-01
7.601370849136663832e-01
7.682958607057355227e-01
7.769504930825356093e-01
7.856510136715196824e-01
7.943038617260974599e-01
8.033322581548327790e-01
8.127054131861627395e-01
8.217109328632167253e-01
8.305380945786110525e-01
8.402124505386666664e-01
8.498826549862729118e-01
8.592894958956978080e-01
8.691463399622799679e-01
8.792889608495000342e-01
8.893104024538337482e-01
8.998555892267414702e-01
9.104177481867052890e-01
9.207823765874383337e-01
9.318811412971153008e-01
9.430628241559269043e-01
9.540021762297544727e-01
9.655368064049819621e-01
9.772952050126603174e-01
9.884847607012525739e-01
1.000471194319715096e+00
1.012850527378097665e+00
1.024628598084623032e+00
1.037086549962579429e+00
1.050097752669735485e+00
1.062311864940035822e+00
1.075438161804267434e+00
1.089539657251777482e+00
1.103005706836400757e+00
1.116898646942237505e+00
1.132015267711534268e+00
1.146646629981337595e+00
1.161179860129818886e+00
1.176792736840762910e+00
1.192320096449710931e+00
1.207672037116447106e+00
1.224112619715933992e+00
1.240314888067181709e+00
1.256260940677339955e+00
1.273518724811164793e+00
1.290791462168477954e+00
1.307669113099210190e+00
1.325495785039532137e+00
1.343889629644830608e+00
1.361554474009727178e+00
1.379799182191520757e+00
1.398925430815520787e+00
1.417163450839382444e+00
1.435789620632227592e+00
1.455520952816308222e+00
1.474796459414058125e+00
1.494588270698439025e+00
1.515511113586951231e+00
1.536205741811984993e+00
1.557199776333753949e+00
1.579421944431933289e+00
1.601633445132381706e+00
1.623293075771545801e+00
1.646090959917279939e+00
1.669396041894911642e+00
1.691962642052317500e+00
1.715284766822549267e+00
1.739706031728382563e+00
1.763752478867096407e+00
1.788263290818796314e+00
1.813964374431419113e+00
1.839310403333217048e+00
1.865039725917571500e+00
1.891802487552264322e+00
1.918633343996654306e+00
1.945509291777085759e+00
1.973569826927735305e+00
2.001833789020031062e+00
2.030078753878466813e+00
2.059714379073320778e+00
2.089807893838153685e+00
2.119606466638771725e+00
2.150415807895477815e+00
2.182104088450798063e+00
2.213397305376239022e+00
2.245456727096311944e+00
2.278443085400776891e+00
2.311695565391078233e+00
2.345624815203721347e+00
2.380494472898223801e+00
2.415623323788637311e+00
2.451595465414808661e+00
2.487122674204929496e+00
2.523166246313990779e+00
2.560559410487943666e+00
2.598509958457052349e+00
2.636826114858363823e+00
2.676718666138673708e+00
2.717210808838794733e+00
2.757927881172029139e+00
2.799838862274597329e+00
2.842130597832397410e+00
2.884858681444305351e+00
2.929371788401450072e+00
2.973310073474226378e+00
3.017927272404303807e+00
3.064192880217492476e+00
3.110790438242073908e+00
3.158625818160816223e+00
3.207175216835219445e+00
3.256555740182135228e+00
3.306955760540700950e+00
3.356889679164068330e+00
3.407514439430423980e+00
3.458096800263028570e+00
3.509877109496532643e+00
3.563487213197737979e+00
3.617886990883203424e+00
3.673015949241443590e+00
3.729656542839453692e+00
3.786334204173051443e+00
3.843809699861814533e+00
3.903275768425402248e+00
3.962679626703688118e+00
4.022469485197289529e+00
4.083954412187707383e+00
4.145361808249252711e+00
4.208624623109280982e+00
4.274008115283701059e+00
4.339770704501320964e+00
4.406596344105049745e+00
4.474771285108512409e+00
4.544581928880245592e+00
4.615630424387162201e+00
4.686392174238001473e+00
4.758953495997737093e+00
4.833732142644540097e+00
4.907570625866136460e+00
4.981917048285173344e+00
5.060080025929161174e+00
5.137443299572638900e+00
5.213742185535830131e+00
5.295071967083540443e+00
5.376158912665823131e+00
5.456226480709396753e+00
5.540305347964234350e+00
5.626408340623692439e+00
5.711783764167249977e+00
5.800913812150285231e+00
5.892076007000795812e+00
5.983338853790565182e+00
6.077682026457154940e+00
6.173006678224268740e+00
6.267702928000606022e+00
6.365124838428185328e+00
6.464480991421620359e+00
6.565532500511765512e+00
6.669495982836101788e+00
6.774232568129077592e+00
6.878329320118292678e+00
6.988046476230951320e+00
7.099985813451640482e+00
7.209476107769373421e+00
7.323930753149743289e+00
7.442271231664247644e+00
7.558881994251890113e+00
7.677150878580462745e+00
7.800029049534217052e+00
7.922072666755900272e+00
8.046621045710718789e+00
8.176569254180158453e+00
8.303832890836895686e+00
8.433117274862315327e+00
8.565871999386867941e+00
8.698794323974844644e+00
8.834142239499733762e+00
8.973837010964718530e+00
9.113524064807055680e+00
9.257095790543628411e+00
9.405137741797833684e+00
9.552150587583085439e+00
9.703217737182614044e+00
9.859911884518854919e+00
1.001879009969239576e+01
1.017833136474182787e+01
1.034137476420911916e+01
1.050634732679568017e+01
1.067039500936670215e+01
1.084053610016930058e+01
1.101435879466052192e+01
1.118627513341925095e+01
1.136204677904488314e+01
1.154810084717169971e+01
1.173109996914646658e+01
1.191517947191585947e+01
1.210801354701777832e+01
1.230164486173641691e+01
1.249440716221764980e+01
1.269780683243743979e+01
1.290174618380049054e+01
1.310440621187735744e+01
1.331722829064120894e+01
1.353225794517962832e+01
1.374372796343948799e+01
1.396164035110702173e+01
1.418651355862520447e+01
1.440746379841077207e+01
1.463415061912882642e+01
1.487000811783454957e+01
1.510234888421295274e+01
1.533828539181923034e+01
1.558342967017325087e+01
1.582878103515517054e+01
1.607914520956351012e+01
1.633574230308878938e+01
1.658987444958151514e+01
1.684739423773422473e+01
1.711031404915613052e+01
1.737332952757413551e+01
1.764013614741254443e+01
1.790795384758374809e+01
1.817815585881451312e+01
1.845629089457784389e+01
1.874010142522573474e+01
1.902344166226567523e+01
1.931277996562224786e+01
1.961491522729085091e+01
1.992053528868355627e+01
2.022398299309187664e+01
2.053106026702259967e+01
2.084836989883121561e+01
2.116539435782383194e+01
2.148075626045415731e+01
2.181368215082258644e+01
2.214423656604688873e+01
2.248193447193648709e+01
2.283559268077593529e+01
2.318519399543299286e+01
2.353741010241744647e+01
2.391772903932440286e+01
2.428924593318036429e+01
2.465014043780859154e+01
2.504613451776994282e+01
2.544000715611224805e+01
2.582278904870441494e+01
2.623780938837134258e+01
2.665238990567428345e+01
2.705538057488931258e+01
2.748660725450160669e+01
2.792661109535246666e+01
2.835261992900825945e+01
2.879901861281491549e+01
2.925974758602801984e+01
2.971113685223410172e+01
3.018099849379665756e+01
3.067011003869743035e+01
3.114142445382543301e+01
3.162664327180985424e+01
3.213324108556032144e+01
3.262771180296991957e+01
3.313447709260226048e+01
3.366792055803321659e+01
3.419313669035699377e+01
3.472455478702335085e+01
3.529123735571955223e+01
3.584947246500556162e+01
3.640127771455922101e+01
3.699967877025270013e+01
3.759463550560500522e+01
3.817729001868330130e+01
3.879866884414726513e+01
3.943189912141999542e+01
4.004694154552235830e+01
4.069442439649044019e+01
4.136381288051983063e+01
4.201216072885252828e+01
4.268182892437457809e+01
4.338152840915872588e+01
4.406136044991256284e+01
4.474665647695613302e+01
4.547568007897368858e+01
4.618581201745705300e+01
4.689875617679711439e+01
4.768099370349370503e+01
4.843703308324071344e+01
4.918591385473674649e+01
5.000956708317261246e+01
5.081505290360458815e+01
5.159805939005394038e+01
5.245064653925256692e+01
5.330788551196144454e+01
5.412723439230388323e+01
5.501015786697394816e+01
5.590831588114566841e+01
5.676232545738231039e+01
5.768062677975860453e+01
5.862993645975122803e+01
5.952742981310832704e+01
6.047848912760913720e+01
6.148053185616983285e+01
6.242338639372461984e+01
6.341330316009167234e+01
6.447328047342985258e+01
6.547189774373191540e+01
6.650581541291059295e+01
6.760923318650519320e+01
6.867550918548219840e+01
6.974872274835190922e+01
7.089657814331802399e+01
7.201962485782097190e+01
7.313776425766033640e+01
7.430450808970736887e+01
7.549129869969847562e+01
7.665177089278989797e+01
7.786580573503930225e+01
7.910833604347851633e+01
8.031344690829676836e+01
8.158693805117921727e+01
8.289511933064413540e+01
