9.946367716306850904e-01
9.946234329049988832e-01
9.897760606998781130e-01
9.850828126728268241e-01
9.808392226311932749e-01
9.769084053847245652e-01
9.727774439705667575e-01
9.688318074643339495e-01
9.647049585123642634e-01
9.606219934204768274e-01
9.569398392017448574e-01
9.530062196575640465e-01
9.492035404822891653e-01
9.453698981029059478e-01
9.413714422582862840e-01
9.377220152817076215e-01
9.340234384586761918e-01
9.300909139082861321e-01
9.261854429723146431e-01
9.224597583402098788e-01
9.186613120432524093e-01
9.145822321245034026e-01
9.109434471448383253e-01
9.073918857399188020e-01
9.037180475564021709e-01
9.001972903892653255e-01
8.966957361301394203e-01
8.927482356723939194e-01
8.890080785037224320e-01
8.855886291869144999e-01
8.817383537716810826e-01
8.780058975618234562e-01
8.744453147708043383e-01
8.710946108975942126e-01
8.675696483013813909e-01
8.642767880596864405e-01
8.609104753817629074e-01
8.574989062416952246e-01
8.539268945421288892e-01
8.508112630193593873e-01
8.475737617074156072e-01
8.443085731248135550e-01
8.413076090676787633e-01
8.383175150595999492e-01
8.350708018708791203e-01
8.319486836814105057e-01
8.289357637070953189e-01
8.257894751188935567e-01
8.225563162159141850e-01
8.193634706099242049e-01
8.163541116090642369e-01
8.131498381900293948e-01
8.102089083789324464e-01
8.073843326327655445e-01
8.042212858812843868e-01
8.009873811481258432e-01
7.979424413233298097e-01
7.949907333240366913e-01
7.917258848756928424e-01
7.887597921022153624e-01
7.859274444168549145e-01
7.829302254539666217e-01
7.801091307541043740e-01
7.771643638874505822e-01
7.743278626986755953e-01
7.714995308194537715e-01
7.688014789877325450e-01
7.659884385337342172e-01
7.631344338837295904e-01
7.605252110467508597e-01
7.578898125356348103e-01
7.549949146607449757e-01
7.523056451178508075e-01
7.497159003231480545e-01
7.471055026045660963e-01
7.443929229523453817e-01
7.418017299085875038e-01
7.390082546372788164e-01
7.365371097246632415e-01
7.339164443124577275e-01
7.312674567518033797e-01
7.289070579370885428e-01
7.265095743203204837e-01
7.239661231543910169e-01
7.215088696060778517e-01
7.189918316197031478e-01
7.166546566353438896e-01
7.142947905744815307e-01
7.119891364337143091e-01
7.098441738345065977e-01
7.076817930533230161e-01
7.054297166631409155e-01
7.032478900378233977e-01
7.010766825878225195e-01
6.988708031372384832e-01
6.965104268470498905e-01
6.941932247542210721e-01
6.919265176293698527e-01
6.894693773184945584e-01
6.872063525893876701e-01
6.849602769543752245e-01
6.826774534962459784e-01
6.804870824567263998e-01
6.782771030526953959e-01
6.762041953882499401e-01
6.740159021987168764e-01
6.719519607563706476e-01
6.700593603854404501e-01
6.678252848270586073e-01
6.657373965605297705e-01
6.637978064747566131e-01
6.614910131303696206e-01
6.593180155276856524e-01
6.572557577600360856e-01
6.550270783560576682e-01
6.529696721614006716e-01
6.509254524125664965e-01
6.488872787474150305e-01
6.467919778180910573e-01
6.447372975520934135e-01
6.427027368384691242e-01
6.406642409464968768e-01
6.387606077590104459e-01
6.367363183928383963e-01
6.348773580435873587e-01
6.331120358548775195e-01
6.312322417613709380e-01
6.293886338459666607e-01
6.274582397890519081e-01
6.256153149601398900e-01
6.237855493016568609e-01
6.219587245180786539e-01
6.202259869370799761e-01
6.184772258710786730e-01
6.169649363191391789e-01
6.153891846003083366e-01
6.137144654623755136e-01
6.120759573596737946e-01
6.104623844286539702e-01
6.087856337276850160e-01
6.071039503326723930e-01
6.056716518558772355e-01
6.039914332964392285e-01
6.023480745114736523e-01
6.010137503916797019e-01
5.993330611809275510e-01
5.977046097668564650e-01
5.963882106917264281e-01
5.949195678618705019e-01
5.934063280762560399e-01
5.921130785832773302e-01
5.907986065695145506e-01
5.892635854066048395e-01
5.879056393996350272e-01
5.866902393659073622e-01
5.851596560920855339e-01
5.837183115491844099e-01
5.824463491231968160e-01
5.810397096091576286e-01
5.797252317117116416e-01
5.785158143543437381e-01
5.771390506782908547e-01
5.758769881864257423e-01
5.747404763649314186e-01
5.734469327181733744e-01
5.722094787665843452e-01
5.710393197307036539e-01
5.699008382499793912e-01
5.686201396255322615e-01
5.674436163068488082e-01
5.663857034452671746e-01
5.649868906541031244e-01
5.638491736900782536e-01
5.626926554812928805e-01
5.613760882854094136e-01
5.603079663050469783e-01
5.592331079449304188e-01
5.579546186359624071e-01
5.569804147692021257e-01
5.559510633408489833e-01
5.546409141109891472e-01
5.537675185820789547e-01
5.529571967342236105e-01
5.519531819546091844e-01
5.512015455753099813e-01
5.504396102125161949e-01
5.494709637978968386e-01
5.486786386439648222e-01
5.479744213585084900e-01
5.471048428613271009e-01
5.462534154540181763e-01
5.456380721826192826e-01
5.449182056725182521e-01
5.440602089267514430e-01
5.434543478885298651e-01
5.427952279843319960e-01
5.419355249740467340e-01
5.412368438423147410e-01
5.406003280532595268e-01
5.397736644216941659e-01
5.390892149251212961e-01
5.385749214803511320e-01
5.377414451165661857e-01
5.371526150801192445e-01
5.368253944555395618e-01
5.361495555379652833e-01
5.356250475763840724e-01
5.353897187102407695e-01
5.348671403037922323e-01
5.342731128145062902e-01
5.340537512370239215e-01
5.335634506783648590e-01
5.329670391890917180e-01
5.328426521048774678e-01
5.325105865984472997e-01
5.319742415701286253e-01
5.319436740085308202e-01
5.317601847264775694e-01
5.313360196957652715e-01
5.313427468552470723e-01
5.312992428972356240e-01
5.310175390943250306e-01
5.309758461223261783e-01
5.310978271335224932e-01
5.308506543349003071e-01
5.308374924512497817e-01
5.310874704235974963e-01
5.309023105954475685e-01
5.309844547790667502e-01
5.313274133273807598e-01
5.313236497798442537e-01
5.314157465458470009e-01
5.318519587729040321e-01
5.320291598684447898e-01
5.321505679581886028e-01
5.326221366882427644e-01
5.329110497736823104e-01
5.331131440789502740e-01
5.336829438770204215e-01
5.340571388655905860e-01
5.342859817370544384e-01
5.349975062983234331e-01
5.355154260588740334e-01
5.357828093489843679e-01
5.365441010051738013e-01
5.371776275523909572e-01
5.374683619396558587e-01
5.382482255029163998e-01
5.390450834089487442e-01
5.394247289610868412e-01
5.402248904575334132e-01
5.412518227034577301e-01
5.417819498308258375e-01
5.426544637251879966e-01
5.439074426216926605e-01
5.446603130831837447e-01
5.456100350803660959e-01
5.470103983300809158e-01
5.480103278241348352e-01
5.490079014167169591e-01
5.505389293412435991e-01
5.518013362322286008e-01
5.528463371010717831e-01
5.545088604419676770e-01
5.559903332297129186e-01
5.570752009059771748e-01
5.587817254351703511e-01
5.604185578220148845e-01
5.615581410442597177e-01
5.632904180748673495e-01
5.651029021077272896e-01
5.664014210599727095e-01
5.682642613459291114e-01
5.703074227369930860e-01
5.717866286175646851e-01
5.737538666478007032e-01
5.760336954125327980e-01
5.776393908726864534e-01
5.796202554297427145e-01
5.821394599181463070e-01
5.839124002063651453e-01
5.859013760574344198e-01
5.886326574746462148e-01
5.906859179516934510e-01
5.927259647128412245e-01
5.955891327596727347e-01
5.980120330397663553e-01
6.001823306310760664e-01
6.031501300156882905e-01
6.059377692358752787e-01
6.083052758634116541e-01
6.113974629132642447e-01
6.144434655366690645e-01
6.169752296798082236e-01
6.201734596360779506e-01
6.235053104359367104e-01
6.262146807633177659e-01
6.294964465825840794e-01
6.332007809248556551e-01
6.361797463285796539e-01
6.396542053075715550e-01
6.436715025094444931e-01
6.469199075862376302e-01
6.505796131063693588e-01
6.548999213084244486e-01
6.584425060459463408e-01
6.622311222158797639e-01
6.668778565402838643e-01
6.708400381526729017e-01
6.747278041229622936e-01
6.796304130751449346e-01
6.840563884979302678e-01
6.880916532749664638e-01
6.931441524049276603e-01
6.978958407923382401e-01
7.021018758628044809e-01
7.072980003359499168e-01
7.123747766192854991e-01
7.167992773832423392e-01
7.222094975564017361e-01
7.277336975005802566e-01
7.323878758858464177e-01
7.380098687212884867e-01
7.440401377837921881e-01
7.490376978892667736e-01
7.547328449760571933e-01
7.612125201366864991e-01
7.667089873451691240e-01
7.725550231555162739e-01
7.793769445122313844e-01
7.854068247912286971e-01
7.915466735759936201e-01
7.987030544626967377e-01
8.052501336934924092e-01
8.116857403566383189e-01
8.192208708896885350e-01
8.263569540693453952e-01
8.330855716964794544e-01
8.409874051579775411e-01
8.487682370241962371e-01
8.558866846102595183e-01
8.641235386057590784e-01
8.724892490313213012e-01
8.799579675563028447e-01
8.885161979529199172e-01
8.974237622515151003e-01
9.052720171745274325e-01
9.141251849817793040e-01
9.236611652491031332e-01
9.320851677133866753e-01
9.412678193043036989e-01
9.514659121813199283e-01
9.605937751996378449e-01
9.701335683474969773e-01
9.809279414293462507e-01
9.907073267737550593e-01
1.000657872376403690e+00
1.012030239007446930e+00
1.022538881942934630e+00
1.032925287130767034e+00
1.044841388472474986e+00
1.056160347720247028e+00
1.067052421070155965e+00
1.079433928152315314e+00
1.091609214941344108e+00
1.103068748914027397e+00
1.115904950280428132e+00
1.128989065485741516e+00
1.141153145782537015e+00
1.154473020946539252e+00
1.168503019845565927e+00
1.181504794425630500e+00
1.195378774415550627e+00
1.210311871902404190e+00
1.224174372917925746e+00
1.238624913491750190e+00
1.254453764499435575e+00
1.269177517594148652e+00
1.284228714241357538e+00
1.300870092436331671e+00
1.316631611678735547e+00
1.332305169675167988e+00
1.349745431103881232e+00
1.366706830831167396e+00
1.383174803323344193e+00
1.401531872339178753e+00
1.419712798862164949e+00
1.437024080760396449e+00
1.456356325908561011e+00
1.475787340583342155e+00
1.494004327432976398e+00
1.514136981359929912e+00
1.534829599384461840e+00
1.554000392038115130e+00
1.574790787222266175e+00
1.596700358549079546e+00
1.616910824421250892e+00
1.638395238399623643e+00
1.661484636613813404e+00
1.682918296796319213e+00
1.705233165956944630e+00
1.729594707062789505e+00
1.752577606976735147e+00
1.775868146922803259e+00
1.801496006593523713e+00
1.826192111279729691e+00
1.850681532948718067e+00
1.877625036056145058e+00
1.903962547986721932e+00
1.929740751979873714e+00
1.958012303646131214e+00
1.986103433335098423e+00
2.013407808131113530e+00
2.043051691511726276e+00
2.072952919906752900e+00
2.101889945210797972e+00
2.132881941372735124e+00
2.164580994193942676e+00
2.194907717076097775e+00
2.227096154826780694e+00
2.260705921429448484e+00
2.292578459478909370e+00
2.325912317348740377e+00
2.361484421066817774e+00
2.395329136079800136e+00
2.430088223285259197e+00
2.467558210034397348e+00
2.503679666998065212e+00
2.540198083212802160e+00
2.579637980575022471e+00
2.618059724722296977e+00
2.656479369382036992e+00
2.698060104633185574e+00
2.738962803517337452e+00
2.779240250430358827e+00
2.822902431615954111e+00
2.866553519021439733e+00
2.908684607561702329e+00
2.954370463223580323e+00
3.000899057951396998e+00
3.045191361095461513e+00
3.092808394789227311e+00
3.142165983272445118e+00
3.189057497513654749e+00
3.238663404281943325e+00
3.290949437354984575e+00
3.340878212063825625e+00
3.392679949803577788e+00
3.447822074306977846e+00
3.501119967497329899e+00
3.555485008837071970e+00
3.613597473394690063e+00
3.670418408578726588e+00
3.727601304320803610e+00
3.788723922069393790e+00
3.849339363331784281e+00
3.909448051421537951e+00
3.973673479613998083e+00
4.038191907808008629e+00
4.101485740346427988e+00
4.168656682108039746e+00
4.236910703674006129e+00
4.303400083564500989e+00
4.373449581969892641e+00
4.445503944864512391e+00
4.515531904101090177e+00
4.588754039397434425e+00
4.665122774924435944e+00
4.739343177012250941e+00
4.816062186827020142e+00
4.897022965579384213e+00
4.975967706017630832e+00
5.056396661132641412e+00
5.141651015430737104e+00
5.225351299516262316e+00
5.309563446235050499e+00
5.399307813312923976e+00
5.487792822310352037e+00
5.575775859254153310e+00
5.670364960545081878e+00
5.764287486035444275e+00
5.856315516987983472e+00
5.955827712750993541e+00
6.055823772135774163e+00
6.152628643797704022e+00
6.256915872555987690e+00
6.363148366954453294e+00
6.465240905623575784e+00
6.574206076536343701e+00
6.686659842710970025e+00
6.794617349604885170e+00
6.908216371633026043e+00
7.026722735813107690e+00
7.141354905186030777e+00
7.260054974344485323e+00
7.385026421948739817e+00
7.506940641950730075e+00
7.631534244647185439e+00
7.763685574936915579e+00
7.893426043874118392e+00
8.024014057340314920e+00
8.163133386746746822e+00
8.300890538052929202e+00
8.437882857176248308e+00
8.583649019067076225e+00
8.729733050749940659e+00
8.873176696612553371e+00
9.025689919261944638e+00
9.180363095222396908e+00
9.331446871721022163e+00
9.491180151768427109e+00
9.655597025440064485e+00
9.815611865925523816e+00
9.983193593364619645e+00
1.015777013456287392e+01
1.032760493134241919e+01
1.050339482345809117e+01
1.068824673328672503e+01
1.086808071605763715e+01
1.105249882017081120e+01
1.124762299643998631e+01
1.143830417817383882e+01
1.163201702775892521e+01
1.183751876216627608e+01
1.204027609729019055e+01
1.224422282243362403e+01
1.246094616678203870e+01
1.267648698727681733e+01
1.289078292684269833e+01
1.311906442392031202e+01
1.334820231783704436e+01
1.357360195219571786e+01
1.381337379907373908e+01
1.405690342952151006e+01
1.429497991064962825e+01
1.454630911096204926e+01
1.480470466318223544e+01
1.505661324555438796e+01
1.532000684007422819e+01
1.559343358236610833e+01
1.586012070148083097e+01
1.613585955044633380e+01
1.642442923384184894e+01
1.670669150997141017e+01
1.699493256013621689e+01
1.729949363747229896e+01
1.759859952312626419e+01
1.790015936157161747e+01
1.822077710808211037e+01
1.853756323056017052e+01
1.885315901896330004e+01
1.918970514720874476e+01
1.952545264434661476e+01
1.985735142706612777e+01
2.021035573534983598e+01
2.056633951059885490e+01
2.091695697360702155e+01
2.128786111803798775e+01
2.166609599768109362e+01
2.203754006209286231e+01
2.242749079247493071e+01
2.282835873554431316e+01
2.322273909392859181e+01
2.363255196557999582e+01
2.405640458772154133e+01
2.447436261854627304e+01
2.490503293065163604e+01
2.535331412713004084e+01
2.579616236824587716e+01
2.624849421330747035e+01
2.672244904438245072e+01
2.719176869279457520e+01
2.766665366823758987e+01
2.816667563142433295e+01
2.866417359667945419e+01
2.916218338592416259e+01
2.968834286683626544e+01
3.021587513398293012e+01
3.073948070372052754e+01
3.129168778493343339e+01
3.185093365513354868e+01
3.240103316885440421e+01
3.297980418787451384e+01
3.357140343492037715e+01
3.415014343397405838e+01
3.475634597568024731e+01
3.538232651381357385e+01
3.599347982812464153e+01
3.663017196486040916e+01
3.729349374511927095e+01
3.794248143619372371e+01
3.861227251276783079e+01
3.931365571925361735e+01
4.000276555654910027e+01
4.070616678552650569e+01
4.144657940913702276e+01
4.217538679160599457e+01
4.291208052200007472e+01
4.369102275870540808e+01
4.446104489395653303e+01
4.523261702629370973e+01
4.605049712405040196e+01
4.686561411991063153e+01
4.767642693273462839e+01
4.853338487383318522e+01
4.939748555802473362e+01
5.025127488596770320e+01
5.114955369137260277e+01
5.206605132049198659e+01
5.296873996906800386e+01
5.391067003522109502e+01
5.488086099929030581e+01
5.583943970867861850e+01
5.682930426067597551e+01
5.785509499623470475e+01
5.887013896186371653e+01
5.990839714698260110e+01
6.099131057778480880e+01
6.206403653133271803e+01
6.315267979077179916e+01
6.429686903909218643e+01
6.543048735013768180e+01
6.656985791125238450e+01
6.777757378119008536e+01
6.897961889463326202e+01
7.017621261179144199e+01
7.144759487597178804e+01
7.272355491799277161e+01
7.398427448972051934e+01
7.531969150192647078e+01
7.667363666683533552e+01
7.800732983141917032e+01
7.941107314150470131e+01
8.084720535020011312e+01
8.226145667344121648e+01
8.373778627064085356e+01
8.526324174244366816e+01
8.676188955673168834e+01
8.831485718100175575e+01
8.993367111834416505e+01
9.152482428209303578e+01
9.315630313202760249e+01
9.486982801346681526e+01
9.655762875348342789e+01
9.826883428370469176e+01
1.000769569469543967e+02
1.018686612151687427e+02
1.036658693992869615e+02
1.055683110228696506e+02
1.074699546557088752e+02
1.093624798043292401e+02
1.113608980852484649e+02
1.133779440874867674e+02
1.153752012492564347e+02
1.174720975923807629e+02
1.196091893190326516e+02
1.217157284263251285e+02
1.239141188672736291e+02
1.261749271696285746e+02
1.284023369841716544e+02
1.307095509299259675e+02
1.331024109806175488e+02
1.354538441115795706e+02
1.378742527166693890e+02
1.404047048206582247e+02
1.428958256249838144e+02
1.454372235701527245e+02
1.481106203148445957e+02
1.507520739306614814e+02
1.534241603828562575e+02
1.562455022875054169e+02
1.590518145219666053e+02
1.618633142100800058e+02
1.648314459439205848e+02
1.678075381825418333e+02
1.707664329603341571e+02
1.738807411891458798e+02
1.770349831617485279e+02
1.801488844507049691e+02
1.834138366727412404e+02
1.867506592918351203e+02
1.900339657162895151e+02
1.934561094048276289e+02
1.969865581752510764e+02
2.004494146570613964e+02
2.040313637543401057e+02
2.077672045068204625e+02
2.114320592384873976e+02
2.151936433833982960e+02
2.191446706668818649e+02
2.230344003021507433e+02
2.269923336170434141e+02
2.311620768182665131e+02
2.353014254318682674e+02
2.394808631409285908e+02
2.438704315341955464e+02
2.482728589168982012e+02
2.526890745735948371e+02
2.573138028914519282e+02
2.619877661756571570e+02
2.666493635863229770e+02
2.715295104467878673e+02
2.764938582875235511e+02
2.814049696282129389e+02
2.865453960869310777e+02
2.918152931914031569e+02
2.969977142390611675e+02
3.023970698938726969e+02
3.079816403869403985e+02
3.134606702605948954e+02
3.191191875110739602e+02
3.250195548074634075e+02
3.308207286019642197e+02
3.367507761645769619e+02
3.429779967760727573e+02
3.491341926337115638e+02
3.553649163155158135e+02
3.619252387715806663e+02
3.684561769860711706e+02
3.750101290170483708e+02
3.819269493337113204e+02
3.888537530969524028e+02
3.957463178675268978e+02
4.030446008314692676e+02
4.103889120533067398e+02
4.176393264297686301e+02
4.253136945339066983e+02
4.331039467289825211e+02
4.407525088960204016e+02
4.488190573261869076e+02
4.570788512070629395e+02
4.651693624948385377e+02
4.736257147029397743e+02
4.823723141718805323e+02
4.909438961668102479e+02
4.998029100315554274e+02
5.090413365537829691e+02
5.181308197400412610e+02
5.274206987465422571e+02
5.371712369022984603e+02
5.468158266995155827e+02
5.565864499133926984e+02
5.668723142263762611e+02
5.771228410979435921e+02
5.874098012923865326e+02
5.982628111638707651e+02
6.091438650466157014e+02
6.199686077374136630e+02
6.314096553149181545e+02
6.429564874808511377e+02
6.543726931412543308e+02
6.664067922792062291e+02
6.786599878946506124e+02
6.907247252156123523e+02
7.033674597984116872e+02
7.163546564474603429e+02
7.291090197407841060e+02
7.423735919043924696e+02
7.561180652770169672e+02
7.696520228777591228e+02
7.835840356457861162e+02
7.980929704332451138e+02
8.124413596969081937e+02
8.270609579477626312e+02
8.423593330871087801e+02
8.575592070235434221e+02
8.729186054432893798e+02
8.890480699776051097e+02
9.051869076421033924e+02
9.213611787268416720e+02
9.383810028143561794e+02
9.555360259273348902e+02
9.725990780779895886e+02
9.905458684216933989e+02
1.008799523886387078e+03
1.026834012541936318e+03
1.045747055846169133e+03
1.065150106056918958e+03
1.084231145386195067e+03
1.104141926504070170e+03
1.124710767831462363e+03
1.144933830563981928e+03
1.165864934808890894e+03
1.187620444804463659e+03
1.209041501095965714e+03
1.231030796799707105e+03
1.253997371131287082e+03
1.276705935099892258e+03
1.299803685699340576e+03
1.324020165442706684e+03
1.348107218123220491e+03
1.372381535285600876e+03
1.397883493664216076e+03
1.423443205757268743e+03
1.449008333274810184e+03
1.475882562027887161e+03
1.503015063715613678e+03
1.529969481492316163e+03
1.558287990885427462e+03
1.587061303971037432e+03
1.615529300187646413e+03
1.645343076681517232e+03
1.675858937176805057e+03
1.705950680491069079e+03
1.737329667029538541e+03
1.769691339863408075e+03
1.801542899787955093e+03
1.834513697677498385e+03
1.868782226725237251e+03
1.902526532514122891e+03
1.937152386496769395e+03
1.973356839167162434e+03
2.009108485410227104e+03
2.045494713526997430e+03
2.083758590436246777e+03
2.121692334379581553e+03
2.160037389207055639e+03
2.200461380790350177e+03
2.240749370552383425e+03
2.281179673290579558e+03
2.323779773821830986e+03
2.366586466893209945e+03
2.409217046131612733e+03
2.454067510709000089e+03
2.499572286524337869e+03
2.544566157556350390e+03
2.591699680143130536e+03
2.639971590902477146e+03
2.687452220065057190e+03
2.736954471019206267e+03
2.788143132895392682e+03
2.838429421926772648e+03
2.890437215758423918e+03
2.944649358609715819e+03
2.997974407697788138e+03
3.052709828871807986e+03
3.110047102683142384e+03
3.166659017111200683e+03
3.224221248948119410e+03
3.284748421303814666e+03
3.344822053573042467e+03
3.405346624415373753e+03
3.469095717301729110e+03
3.532820735376112680e+03
3.596449641150564730e+03
3.663392916311219778e+03
3.730964947893684439e+03
3.798079815583465006e+03
3.868337038042455333e+03
3.939928511310742124e+03
4.010856936780177875e+03
4.084632583334166611e+03
4.160383407318140598e+03
4.235407540522575800e+03
4.312976079013824346e+03
4.393069257571385606e+03
4.472521993781519086e+03
4.553981781745745138e+03
4.638523640466553843e+03
4.722493486603345445e+03
4.808024634464315568e+03
4.897216414795683704e+03
4.985962250278545980e+03
5.075788677612367792e+03
5.169975309458007359e+03
5.263980531131150201e+03
5.358405093840683548e+03
5.457805723496239807e+03
5.557655852139281706e+03
5.657291470248828773e+03
5.762078908243382102e+03
5.868310386233461941e+03
5.973645151711866674e+03
6.084021385609310528e+03
6.196952463327429541e+03
6.308448827427323522e+03
6.424515933120431328e+03
6.544242024020834833e+03
6.662365256380201572e+03
6.784430212472500898e+03
6.911008040178393458e+03
7.036115661410039138e+03
7.164305393022247699e+03
7.298016740218215091e+03
7.430737834993657998e+03
7.565401584256926071e+03
7.706311077086123987e+03
7.847180812145227719e+03
7.988939820872744349e+03
8.137363781454955642e+03
8.286816222800689502e+03
8.436182539767971321e+03
8.592414625103789149e+03
8.751027813833579785e+03
8.908792508762437137e+03
9.073349072038590748e+03
9.241617832973382974e+03
9.408673497177589525e+03
9.582405467328189843e+03
9.760994275126464345e+03
9.938018249174656376e+03
1.012108716833835933e+04
1.031026943626576031e+04
1.049786446980961773e+04
1.069059294310459700e+04
1.089066714705046252e+04
1.108956395988116674e+04
1.129213885910086174e+04
1.150321967269860943e+04
1.171390022988907367e+04
1.192701335989674044e+04
1.214941188810528911e+04
1.237282970161672529e+04
1.259738070487293226e+04
1.283155410446568203e+04
1.306838586293652952e+04
1.330538070052260264e+04
1.355198270188369679e+04
1.380304057240538896e+04
1.405351913137547490e+04
1.431308930725348364e+04
1.457897442461374158e+04
1.484417927342168514e+04
1.511739926952681344e+04
1.539883852240801571e+04
1.567946046754158670e+04
1.596743244129675440e+04
1.626503579751988582e+04
1.656234108479086353e+04
1.686605223246775859e+04
1.718089651685771241e+04
1.749598845527962112e+04
1.781659743859375885e+04
1.814959784413725356e+04
1.848392763994681081e+04
1.882236696924751232e+04
1.917415781214930394e+04
1.952901739191839806e+04
1.988608512453337607e+04
2.025737614332182784e+04
2.063334628046166108e+04
2.100999325455373764e+04
2.140123455142274543e+04
2.179931937190414465e+04
2.219665420694710338e+04
2.260893769990334113e+04
2.303023317163896718e+04
2.344936054390102072e+04
2.388417195566286318e+04
2.433048479707963270e+04
2.477401465757935512e+04
2.523164613848187582e+04
2.570453901055562892e+04
2.617404550772475341e+04
2.665583784969634507e+04
2.715648923642792579e+04
2.765464202475727507e+04
2.816208408408928881e+04
2.869145036792396786e+04
2.922024519881982269e+04
2.975454637410710711e+04
3.031279026611830341e+04
3.087349467239604201e+04
3.143687459163538733e+04
3.202530848084643731e+04
3.262017821306662881e+04
3.321470522799388709e+04
3.383451454757139436e+04
3.446508502970699192e+04
3.509262708862459112e+04
3.574581496564343979e+04
3.641438901115261251e+04
3.707854754064363806e+04
3.776664321005981037e+04
3.847500479586154688e+04
3.917812476939955377e+04
3.990266191573437391e+04
4.065278251425867347e+04
4.139888182138554112e+04
4.216231823329466715e+04
4.295695803252610494e+04
4.374856602145171928e+04
4.455362220368553244e+04
4.539416864777130831e+04
4.623473570667716558e+04
4.708376612573603052e+04
4.797281765671791072e+04
4.886411293857679993e+04
4.975998380574147450e+04
5.069978627123481419e+04
5.164599997358694236e+04
5.259089784212387895e+04
5.358197647116236476e+04
5.458679019436355884e+04
5.558619097399412567e+04
5.662864208321616752e+04
5.769563816909022717e+04
5.875538448045146652e+04
5.985225174159301241e+04
6.098395379004539427e+04
6.210986222955391713e+04
6.326518540019000648e+04
6.446315658382866968e+04
6.565907554706373776e+04
6.687778034219867550e+04
6.814508008463775332e+04
6.941188487830376835e+04
7.069713695038678998e+04
7.203776918185278191e+04
7.337890661521599395e+04
7.473320225907284475e+04
7.615003391805500723e+04
7.757095742803714529e+04
7.899698009005337371e+04
8.049402836353682505e+04
8.200038454886908585e+04
8.350172709680386470e+04
8.508195835000126681e+04
8.668181565058807610e+04
8.826542665263968229e+04
8.993145848771379679e+04
9.162922219077535556e+04
9.330237380395288346e+04
9.505506568577256985e+04
9.685785949832394545e+04
9.862949213075546140e+04
1.004718221253737720e+05
1.023824074273476144e+05
1.042642200465777569e+05
1.062007781062017748e+05
1.082211640939787758e+05
1.102195605365651136e+05
1.122555562776716542e+05
1.143873795680267067e+05
1.165086664908181265e+05
1.186500014786858083e+05
1.208962131213849643e+05
1.231463858812582184e+05
1.254014340491301118e+05
1.277691070141011587e+05
1.301563017461817508e+05
1.325347324128859909e+05
1.350301421270509600e+05
1.375643056414786261e+05
1.400776160678135639e+05
1.427063796434747055e+05
1.453983606464459153e+05
1.480597578106178262e+05
1.508293062958649825e+05
1.536862641127676761e+05
1.565068489581165486e+05
1.594216818466779660e+05
1.624534175645114738e+05
1.654458951286810334e+05
1.685157185353855893e+05
1.717289949684155872e+05
1.749093732672611950e+05
1.781482231338388519e+05
1.815490474426171277e+05
1.849327193416063383e+05
1.883495718705258914e+05
1.919415396781799791e+05
1.955437807556176267e+05
1.991533705170849862e+05
2.029394096735208877e+05
2.067706935841036902e+05
2.105891475346238003e+05
2.145757142747699399e+05
2.186438272395624663e+05
2.226855434447225998e+05
2.268849079315239214e+05
2.311958991385221016e+05
2.354778775340490683e+05
2.398989255037950643e+05
2.444623139681790781e+05
2.489992266888587037e+05
2.536553200175681268e+05
2.584835559855185566e+05
2.632904461845227634e+05
2.681925996871052776e+05
2.732970143531737849e+05
2.783925488302694866e+05
2.835591585741604213e+05
2.889522876428426243e+05
2.943587586486182408e+05
2.998079020403349423e+05
3.055092822170813452e+05
3.112558211937873857e+05
3.170218384824374807e+05
3.230481162141833920e+05
3.291583294451162801e+05
3.352626962721654563e+05
3.416242335501202033e+05
3.481118360378950601e+05
3.545771401088564890e+05
3.612914393355920911e+05
3.681839825681567308e+05
3.750405306512666284e+05
3.821252321944728610e+05
3.894409900767361396e+05
3.967110303839227417e+05
4.041857595426507760e+05
4.119471535502558690e+05
4.196667636172343628e+05
4.275499018512374605e+05
4.357673179644642514e+05
4.439626072862044093e+05
4.522739058005008847e+05
4.609603888073271955e+05
4.696599869022731436e+05
4.784274239764982485e+05
4.875956059222170152e+05
4.968336699329102412e+05
5.060954201751496294e+05
5.157646128699101391e+05
5.255764358173426008e+05
5.353775250962891150e+05
5.455817121995150810e+05
5.560041617867083987e+05
5.663826354663916864e+05
5.771495867294861237e+05
5.882108478885904187e+05
5.992077763741277158e+05
6.105645815425782930e+05
6.222974781054815976e+05
6.339537553998007206e+05
6.459240875846763374e+05
6.583539405883798609e+05
6.707040710023251595e+05
6.833116856826246949e+05
6.964577735056177480e+05
7.095484209241615608e+05
7.228323582185240230e+05
7.367292103531163884e+05
7.506151033676222432e+05
7.646175747546707280e+05
7.792882070992178051e+05
7.940330592709240736e+05
8.088093110569324344e+05
8.242787617313816445e+05
8.399049909601272084e+05
8.554887453782255761e+05
8.717878587830134202e+05
8.883523391533800168e+05
9.047978654820142547e+05
9.219808847116857069e+05
9.395596160068052122e+05
9.569290496785549913e+05
9.750199933798826532e+05
9.936666645738898078e+05
1.012058239574640058e+06
1.031116320582530927e+06
1.050938107930791797e+06
1.070447564579717582e+06
1.090512351810698863e+06
1.111474045450619422e+06
1.132197756126643391e+06
1.153325856014653808e+06
1.175475584167837165e+06
1.197503265631689690e+06
1.219770971700927475e+06
1.243132846023099730e+06
1.266500870417089202e+06
1.289996235402618302e+06
1.314643751707327319e+06
1.339454195936075179e+06
1.364240142848511925e+06
1.390257853584484430e+06
1.416596635885524331e+06
1.442773449456172297e+06
1.470239545148913749e+06
1.498216338999705622e+06
1.525908450829706388e+06
1.554809974606767064e+06
1.584522758800381562e+06
1.613870547052992042e+06
1.644281217633519089e+06
1.675776056127227144e+06
1.706908779463977786e+06
1.738862729686432285e+06
1.772183985186789418e+06
1.805247446870428510e+06
1.838885288499543909e+06
1.874131730175449513e+06
1.909263702979213092e+06
1.944725167471238645e+06
1.982002061234147986e+06
2.019361400313427439e+06
2.056781151844288921e+06
2.096097251274681417e+06
2.135839638925733976e+06
2.175403372828220017e+06
2.216914674394216854e+06
2.259141695041158702e+06
2.301055776643133722e+06
2.344828973825963214e+06
2.389692582687232178e+06
2.434173012894435786e+06
2.480336131599719636e+06
2.527944768109967466e+06
2.575172053855063859e+06
2.623803979808907025e+06
2.674241300855580252e+06
