9.710517579575508318e-01
9.711451471904589683e-01
8.435654539470989199e-01
7.492239879098641087e-01
6.769682301858120921e-01
6.192152814629586777e-01
5.676066027126546176e-01
5.183562866838660188e-01
4.776772054285755020e-01
4.389534786237756503e-01
4.034141766348302571e-01
3.721885402920989683e-01
3.437431839914104614e-01
3.186172233502709283e-01
2.957927123253913382e-01
2.770940596563539748e-01
2.580732006769467235e-01
2.405242720697843561e-01
2.250365345794912431e-01
2.096901270525274863e-01
1.948760722735905782e-01
1.817992272357072114e-01
1.701478804297895109e-01
1.594525367583208564e-01
1.516540337427753626e-01
1.438345177184436330e-01
1.358338737814425157e-01
1.290616140420768332e-01
1.224816251962598662e-01
1.168005168997600374e-01
1.112734664408543961e-01
1.059535946771808096e-01
1.008418867513647399e-01
9.637048022913818901e-02
9.199398978462219878e-02
8.705376934983521942e-02
8.337337614113470019e-02
7.952598681743082432e-02
7.620480670049112337e-02
7.358427685085983105e-02
7.110431288791410620e-02
6.868324504160017163e-02
6.631699380919280074e-02
6.393472616929707364e-02
6.133819662434703696e-02
5.922265955035664609e-02
5.726450159617801905e-02
5.558860491783208790e-02
5.423822452515554560e-02
5.282367899767416441e-02
5.112428002740507932e-02
4.952613407825888492e-02
4.794293236236638750e-02
4.633490029269804467e-02
4.483603341331452580e-02
4.328276880360144158e-02
4.187427288702196687e-02
4.052636754320098483e-02
3.929614073151965759e-02
3.813568659658671256e-02
3.713050573860080666e-02
3.615975426765349887e-02
3.513356471820889421e-02
3.432396137262812286e-02
3.342825417193343723e-02
3.271042078334634312e-02
3.203156152948952173e-02
3.114565473038253748e-02
3.042069073034475712e-02
2.979553901711231439e-02
2.911457320038028651e-02
2.839061755113202884e-02
2.785108224146556205e-02
2.723860640221985666e-02
2.659144033824612993e-02
2.584895676351530933e-02
2.523738650255128238e-02
2.459110733734740442e-02
2.395869855134609080e-02
2.335025030653968894e-02
2.282624804575940705e-02
2.228014271106674993e-02
2.177125695940630018e-02
2.123252559050333582e-02
2.080655934711752447e-02
2.042598350421026554e-02
2.000609097087861429e-02
1.962675788948202785e-02
1.928996222252222364e-02
1.893223676099619820e-02
1.854965110947596335e-02
1.809645225888612333e-02
1.775200630964873100e-02
1.746014101784574418e-02
1.710209951322670327e-02
1.681316284797201854e-02
1.664043308807837407e-02
1.644758427391952368e-02
1.612719597047561695e-02
1.581853270168232309e-02
1.562260174439831714e-02
1.537838959389808795e-02
1.521227920383880043e-02
1.505438662525944091e-02
1.493196001806213966e-02
1.474890891888777471e-02
1.453519803659072789e-02
1.426247316270086440e-02
1.407009927747803618e-02
1.371211829430887472e-02
1.328266003177270942e-02
1.305562955992463185e-02
1.269353755087616539e-02
1.227968110903857393e-02
1.204461441001418269e-02
1.161301056116854045e-02
1.125903550006022991e-02
1.112985832792419763e-02
1.087722345631742492e-02
1.063668825399397867e-02
1.053953154378378144e-02
1.040619249608757887e-02
1.029411823871439514e-02
