9.946367716306850904e-01
9.946234329049988832e-01
9.897761413249639428e-01
9.850874382006068464e-01
9.808462572299689874e-01
9.769215598287773750e-01
9.727235729001368902e-01
9.687523878279273859e-01
9.647167521350136221e-01
9.606079429526368507e-01
9.568615918681644406e-01
9.529357930700959045e-01
9.490981548467831708e-01
9.452263224198732550e-01
9.412830772802865953e-01
9.377787368225810605e-01
9.340979592828857481e-01
9.302478148435537886e-01
9.263437419345713630e-01
9.225657158367193134e-01
9.188327304882253355e-01
9.150454771056861780e-01
9.113465299861380764e-01
9.079332252007540349e-01
9.041432742809436540e-01
9.009123662820266443e-01
8.974274086667379802e-01
8.934754660055258535e-01
8.899632268868075125e-01
8.864377845219827412e-01
8.826487348318754478e-01
8.790233080058097448e-01
8.755061802903038037e-01
8.720665485136817052e-01
8.684888726227670830e-01
8.649031598011696076e-01
8.613915435690968625e-01
8.580263938204688579e-01
8.548571146397128118e-01
8.515877257102356657e-01
8.480168361396122068e-01
8.444326478556111182e-01
8.409756704867307198e-01
8.374129523298732281e-01
8.339642739786706782e-01
8.306284061201660851e-01
8.270661929124156764e-01
8.238305742348430716e-01
8.205074170004111878e-01
8.171148690217020505e-01
8.139468706903806305e-01
8.108125603950117055e-01
8.077792309686228078e-01
8.045764092481534346e-01
8.014873655800092145e-01
7.983610984224236429e-01
7.951260774257251640e-01
7.918740878520195148e-01
7.888639624558337893e-01
7.858440910005453084e-01
7.826767843815491954e-01
7.794346394877358364e-01
7.764199727804799167e-01
7.732673606554452128e-01
7.703683632092518385e-01
7.675872425693395229e-01
7.647616871775135827e-01
7.618983553479491411e-01
7.589236251148832046e-01
7.559966887571326621e-01
7.530135500868959664e-01
7.502345428582345432e-01
7.472901147137783751e-01
7.443083455586866348e-01
7.412239238677139630e-01
7.381540146700686922e-01
7.353718995168792016e-01
7.322380401073913525e-01
7.291933265041331547e-01
7.261607663643075972e-01
7.231384015760278228e-01
7.202946851808919027e-01
7.176887417070588748e-01
7.149033774229984761e-01
7.120714715271746487e-01
7.092745511881208831e-01
7.067110668689309261e-01
7.040762616633474691e-01
7.014586645242821827e-01
6.986324334240789913e-01
6.960078030904631730e-01
6.934919949065033729e-01
6.907553389279765810e-01
6.881928617028277850e-01
6.855705224675560094e-01
6.830228419783721527e-01
6.803260039978754614e-01
6.776598029132528955e-01
6.749787232391202263e-01
6.724071404222220494e-01
6.697191047474905234e-01
6.672589178130291510e-01
6.646387056125707682e-01
6.619251781809646351e-01
6.592600756697609699e-01
6.567167980468049393e-01
6.542458302008411497e-01
6.516682109168253634e-01
6.489535848598441126e-01
6.463060740674446691e-01
6.438404725456939870e-01
6.411627744805271645e-01
6.387183750893336009e-01
6.364513408935336125e-01
6.339030367968819801e-01
6.316340620045916010e-01
6.294943612665819810e-01
6.270575639659963230e-01
6.245934819194052245e-01
6.224037429847053549e-01
6.200213506752124681e-01
6.177394809976929357e-01
6.155344420680204376e-01
6.130660725328658245e-01
6.106923299731240595e-01
6.085109856615608104e-01
6.062230556003550541e-01
6.041974444378822584e-01
6.021798554328108288e-01
5.999462415122497339e-01
5.977670961485705980e-01
5.957075012483351584e-01
5.935397701934613801e-01
5.913044667784183028e-01
5.891016684286540794e-01
5.870476580564339963e-01
5.849973326182650313e-01
5.828467972169084632e-01
5.809056426280374552e-01
5.789351239659042969e-01
5.768539129844418856e-01
5.748006806394798662e-01
5.727534255718301770e-01
5.707649678104519397e-01
5.686391168294095966e-01
5.666158408181023454e-01
5.645685630887753437e-01
5.624350271607095886e-01
5.605534803293211743e-01
5.585113562804729925e-01
5.565342026623146809e-01
5.546461856261838408e-01
5.525305029046024829e-01
5.505885230171799760e-01
5.485859157743763204e-01
5.467127373437901117e-01
5.448703119330186029e-01
5.429315116908670635e-01
5.411447400744109348e-01
5.393159777271454569e-01
5.374670055146976155e-01
5.358436105608003208e-01
5.341807755964761428e-01
5.326690393412847335e-01
5.310217496498327305e-01
5.291783885915608554e-01
5.275510798098135279e-01
5.256999256527467024e-01
5.239114052897952956e-01
5.222590924294335801e-01
5.204173452225885343e-01
5.187739926947102509e-01
5.172210849423256596e-01
5.154962978149087993e-01
5.138865212534080573e-01
5.123035366015304959e-01
5.107074229299901624e-01
5.090311651090724254e-01
5.073439637686749659e-01
5.059156542564835490e-01
5.040922871213474599e-01
5.024207917182105243e-01
5.009419250485056541e-01
4.991668942342201154e-01
4.975820249559858577e-01
4.960682690431788555e-01
4.944191494132162967e-01
4.928597458724849334e-01
4.914652115957285350e-01
4.897676162749890483e-01
4.881789436615887046e-01
4.868767560042701614e-01
4.854176030137261066e-01
4.840125619215747133e-01
4.828091729356348560e-01
4.814701283415252497e-01
4.799893117343170812e-01
4.786901306936600653e-01
4.771993924469796200e-01
4.756592634306716083e-01
4.742887238957541607e-01
4.729446643467310474e-01
4.713943525627403153e-01
4.698985474126612938e-01
4.686912377227478443e-01
4.673620926596357972e-01
4.661183735633205871e-01
4.649337131878373275e-01
4.635869161130040106e-01
4.622676397815629890e-01
4.610980166852036155e-01
4.599190024971732127e-01
4.585582499608382157e-01
4.574285637928188208e-01
4.563168347024331162e-01
4.550963019499958961e-01
4.539234046436467773e-01
4.526565969007179668e-01
4.514538323750448834e-01
4.501696069054960669e-01
4.489026215131341480e-01
4.477414554303915661e-01
4.467120890986794879e-01
4.456802397709644925e-01
4.444547759196270653e-01
4.435436041123204109e-01
4.425044631574407972e-01
4.413351030995609214e-01
4.402520933698008676e-01
4.392630530227314978e-01
4.381883641872237889e-01
4.371222262728668428e-01
4.361705628251083544e-01
4.351978397437649138e-01
4.340406073671123632e-01
4.330545041342215851e-01
4.321915274076792435e-01
4.310457025187959812e-01
4.301069020186724101e-01
4.292411525750219892e-01
4.282288415216854438e-01
4.272697579030826365e-01
4.264572167048118478e-01
4.253929842133212791e-01
4.244977439154953847e-01
4.236686972371342397e-01
4.227585359837623402e-01
4.216947643374222565e-01
4.209308289891516286e-01
4.200238972447575270e-01
4.192009858124953747e-01
4.185815118057665818e-01
4.177416954376760305e-01
4.169452789333083498e-01
4.163436558584372449e-01
4.156903827782580940e-01
4.149519874388348795e-01
4.143116268463488128e-01
4.136256888392339515e-01
4.128142053366396502e-01
4.122402879397307207e-01
4.115720298717783221e-01
4.107753059737249135e-01
4.100998559958113354e-01
4.096439984187706940e-01
4.090515264039449317e-01
4.085873360248202246e-01
4.082653519261349451e-01
4.077153536149552004e-01
4.072283944641421072e-01
4.069404011142086497e-01
4.063738048548817261e-01
4.059340785081675951e-01
4.057868200621264076e-01
4.054158577614131453e-01
4.048997228598527065e-01
4.047508447558673672e-01
4.043301511301168327e-01
4.038832904234347931e-01
4.037711714443765754e-01
4.035425444706528531e-01
4.030959617369008208e-01
4.030433344047290034e-01
4.027542617439645589e-01
4.023081242417047010e-01
4.021818209508857822e-01
4.020703991064832339e-01
4.017281405799496552e-01
4.016200573162341247e-01
4.015228704519159253e-01
4.011360039227433449e-01
4.010139086487563564e-01
4.011157428155535665e-01
4.008613014695965870e-01
4.008069954300393922e-01
4.009890173728440366e-01
4.008036609765829317e-01
4.008507744044642052e-01
4.011112517318061732e-01
4.010183432473977128e-01
4.009927302507150793e-01
4.012933033539242134e-01
4.012859013371338768e-01
4.011887000235921374e-01
4.015850141123162298e-01
4.018248623967856092e-01
4.019743457613039750e-01
4.024763000434210536e-01
4.028635196935057006e-01
4.030377966652311517e-01
4.035094627277309720e-01
4.039909335167444215e-01
4.041050459979582121e-01
4.046053813867232507e-01
4.052072886948572816e-01
4.055431076580900407e-01
4.060564686548027158e-01
4.066137138558057473e-01
4.068675724931817284e-01
4.072540344397588830e-01
4.078780043281105550e-01
4.082010186605662949e-01
4.084932844237688099e-01
4.092508205322336057e-01
4.096702807924746392e-01
4.101003657384571510e-01
4.110140669341347253e-01
4.115733330358398168e-01
4.121590460797890376e-01
4.131879483690268362e-01
4.138051906987079698e-01
4.143506233008149020e-01
4.155116040160484747e-01
4.164445301708359359e-01
4.171349357661855994e-01
4.182271725441213395e-01
4.192646893402582897e-01
4.198456738662308951e-01
4.209449985997700261e-01
4.221001727859786667e-01
4.229120420205692010e-01
4.241774308445652175e-01
4.254421386205129441e-01
4.263350430127292867e-01
4.273934222288417462e-01
4.287687479205490870e-01
4.297408460648510786e-01
4.308353589814075124e-01
4.327246203521013523e-01
4.339678412996812451e-01
4.352607408149221091e-01
4.370804879995469627e-01
4.385279430328734018e-01
4.397793184865529392e-01
4.416877923518011673e-01
4.430963008696404137e-01
4.443760488809648801e-01
4.464102221757527134e-01
4.481051129006040634e-01
4.493337051236936941e-01
4.513206789194925128e-01
4.533166034346839401e-01
4.546556987458056365e-01
4.566408082053369788e-01
4.588536479388418132e-01
4.603793229519850816e-01
4.622402037087816051e-01
4.645013122414693441e-01
4.660004835497740805e-01
4.676812433591787110e-01
4.699250971276483502e-01
4.718254571137565634e-01
4.735803749917157912e-01
4.760770897969078264e-01
4.781663582380495936e-01
4.801450711674893346e-01
4.827327673437518674e-01
4.849457446727412635e-01
4.869295106713556476e-01
4.896137531517231745e-01
4.920394950887955754e-01
4.940705647337400586e-01
4.970946774533228640e-01
4.999981085905538247e-01
5.020960516116068639e-01
5.050967958982545136e-01
5.082116212115320719e-01
5.104144367250078584e-01
5.132546173078768037e-01
5.167710758390379189e-01
5.193943784510922645e-01
5.225498711350488046e-01
5.262771017202075852e-01
5.291272285603965120e-01
5.323298045228167519e-01
5.361160071566511975e-01
5.391567960758207878e-01
5.422516159354288101e-01
5.460968873295647397e-01
5.493605606176253930e-01
5.525311438943547593e-01
5.567939699938664333e-01
5.603829835373698165e-01
5.634744750639164579e-01
5.674535536878843045e-01
5.713012447496258472e-01
5.747799442146823701e-01
5.792434084682693829e-01
5.837093163962387976e-01
5.873415522624757523e-01
5.918364806729220495e-01
5.964490144723669784e-01
6.002272939739783375e-01
6.045807063929051761e-01
6.095179357971889367e-01
6.134760283167459693e-01
6.178964849356376465e-01
6.232062522956444139e-01
6.276504989794955414e-01
6.323493296789769458e-01
6.380128791461673332e-01
6.431126924617256435e-01
6.478364483222003312e-01
6.536506660053111872e-01
6.587958329955546644e-01
6.634176018221900062e-01
6.693423979052077755e-01
6.747945314315507703e-01
6.795023167135213482e-01
6.855900166205257662e-01
6.913003234419379250e-01
6.962952257448129512e-01
7.024647554213570011e-01
7.086744013696404387e-01
7.140171588991564011e-01
7.201767479549829876e-01
7.267332899899823229e-01
7.322674034411135180e-01
7.386919733928376530e-01
7.459305040484729421e-01
7.520549786280553706e-01
7.585606762529943925e-01
7.658779150400697455e-01
7.724329629869159941e-01
7.789300486916567179e-01
7.864290238784561460e-01
7.932006632778044741e-01
7.998280652451558170e-01
8.079822949199128024e-01
8.151281056976521500e-01
8.218697485692273430e-01
8.302844587144415645e-01
8.383161473664603180e-01
8.453317745120091375e-01
8.541528951473278397e-01
8.628161684465995851e-01
8.702871162776445457e-01
8.787416380407068184e-01
8.875047895353320726e-01
8.949540833375059234e-01
9.038888511470908327e-01
9.131416198496427050e-01
9.212107381149677865e-01
9.299868449225318079e-01
9.397341461127023399e-01
9.477069323837669090e-01
9.561998998129712657e-01
9.665328759533555747e-01
9.756128855353604079e-01
9.849941703049223118e-01
9.963552362644855220e-01
1.006429736229761396e+00
1.016373095101247515e+00
1.028012715029084090e+00
1.038952882011461076e+00
1.049632332258765954e+00
1.061570246812972185e+00
1.073111520903785365e+00
1.084025166920619343e+00
1.096365616263258014e+00
1.108370425866049613e+00
1.119404067016839255e+00
1.131742542047927680e+00
1.144449651781304311e+00
1.155734835765269475e+00
1.168704203980097667e+00
1.182222685287439345e+00
1.194870477034007061e+00
1.208072978737505077e+00
1.222098736554861231e+00
1.235234778931081578e+00
1.248609114818314714e+00
1.263205738225029906e+00
1.277055783142412526e+00
1.290698721746187605e+00
1.306210995768338101e+00
1.320466898351222440e+00
1.334403522653883067e+00
1.350397953135842988e+00
1.366205103821442890e+00
1.380904781544857629e+00
1.397457878973727086e+00
1.413886947711463282e+00
1.429601414144397342e+00
1.446714174044101631e+00
1.463915795822151367e+00
1.479350308948396808e+00
1.496884781804605824e+00
1.515141201536559290e+00
1.531684756740019804e+00
1.549100113770730314e+00
1.567725443847024058e+00
1.585515936259686232e+00
1.603963456936976284e+00
1.623581634400749429e+00
1.642337939355013043e+00
1.660638586271432571e+00
1.679808690814643679e+00
1.699438026407503521e+00
1.718388880882529834e+00
1.739023897011682473e+00
1.759698585093243173e+00
1.779453151930244781e+00
1.801778609310354273e+00
1.824344535357480535e+00
1.845667688999679035e+00
1.868901047198003429e+00
1.892707340335192834e+00
1.914935343946938762e+00
1.939071646160663631e+00
1.963491374521558530e+00
1.986167584628426575e+00
2.010175487282571005e+00
2.036050526624036738e+00
2.061226695562582201e+00
2.087123569203383600e+00
2.114391339011785664e+00
2.139688705358623544e+00
2.166407758922364479e+00
2.194603448033751736e+00
2.221103005636795302e+00
2.247841146240115329e+00
2.276980412466564463e+00
2.306135907039895017e+00
2.334519610715182214e+00
2.366044475699977667e+00
2.396787531490485623e+00
2.426652181606853365e+00
2.460457674124130190e+00
2.491357554138957653e+00
2.520006517008713143e+00
2.552672057313859266e+00
2.586069887135578949e+00
2.617470193815711443e+00
2.650228696514996596e+00
2.684408860002449160e+00
2.716360553685372103e+00
2.750297387971067486e+00
2.786805182103808676e+00
2.820254057275279003e+00
2.856044979825540509e+00
2.894814046257851992e+00
2.930405619740488188e+00
2.967399028880806089e+00
3.006922899720480213e+00
3.043754541646430667e+00
3.079783022013025562e+00
3.119317881426297401e+00
3.156322114950086632e+00
3.194481816275289265e+00
3.238288722840191980e+00
3.281426920375249967e+00
3.321899616781760045e+00
3.366608839259785491e+00
3.410290761671773474e+00
3.451155546235714411e+00
3.498034303105447052e+00
3.543670293631435708e+00
3.587641755406201227e+00
3.631714702907408832e+00
3.679950426103444805e+00
3.727598996677355281e+00
3.772633500429923625e+00
3.821102143974050680e+00
3.870382587501056015e+00
3.918244224631445949e+00
3.970315556493393405e+00
4.022527914799367110e+00
4.072904019459029357e+00
4.126858446069724629e+00
4.181094105652834791e+00
4.233298437360976330e+00
4.291527737976624124e+00
4.347108751259657566e+00
4.401839634897305231e+00
4.461899915691392771e+00
4.519860602184762932e+00
4.575613679696838076e+00
4.636598445862651019e+00
4.699180287688715651e+00
4.757751847440067294e+00
4.819577520493401934e+00
4.885397444626378594e+00
4.948106739975088431e+00
5.012268610311347850e+00
5.078274805822060145e+00
5.142431745606571347e+00
5.208554249530971347e+00
5.280036897151009434e+00
5.348235434339734695e+00
5.418761639749082981e+00
5.495536279703767235e+00
5.570055241894936948e+00
5.644590720403516393e+00
5.724420896397882430e+00
5.804899278837534204e+00
5.880548572758450554e+00
5.961816485101769203e+00
6.044437667363532718e+00
6.123476310879334861e+00
6.209678004738922397e+00
6.297739717589063702e+00
6.379878448068969199e+00
6.466019674911865245e+00
6.555378882235148197e+00
6.639443825135971977e+00
6.731806087365963975e+00
6.822875970545204893e+00
6.909984248915811200e+00
7.004511958325320364e+00
7.101772006291874995e+00
7.194135448032680458e+00
7.289581999981455951e+00
7.389181132514456962e+00
7.485649455136616837e+00
7.586548958261126963e+00
7.695044987390949665e+00
7.798974114912716971e+00
7.899407706560484854e+00
8.005835226779616676e+00
8.112028686081528051e+00
8.211715115221631223e+00
8.323636554516562924e+00
8.438329609757822425e+00
8.545148553940807190e+00
8.660481849353544703e+00
8.774691197748584415e+00
8.882327864603494660e+00
9.003709707447992372e+00
9.123626910048898253e+00
9.235978901002491526e+00
9.363557179451792223e+00
9.496940965602009399e+00
9.621985080065083906e+00
9.752201744492193569e+00
9.892551559180931875e+00
1.002670028059590734e+01
1.016614479879372368e+01
1.031549088794463920e+01
1.045749760594282840e+01
1.060204501950115308e+01
1.075650901043972674e+01
1.090754410151857101e+01
1.105582998259107974e+01
1.121017295897603816e+01
1.136413157246659367e+01
1.151318064498505755e+01
1.167274693410467634e+01
1.183435371570534045e+01
1.199330201045069799e+01
1.216880434509573661e+01
1.234174736911664993e+01
1.250673125675917241e+01
1.267655833877892313e+01
1.285628847177836853e+01
1.302966316837733629e+01
1.320515627152752991e+01
1.339748972907343827e+01
1.357840076490943559e+01
1.376604370665891075e+01
1.396443975116332226e+01
1.414534296623796372e+01
1.434136502148900050e+01
1.454882922572890003e+01
1.474568632402772117e+01
1.494815839346953013e+01
1.516167180926356828e+01
1.536110359262822911e+01
1.556702542497436781e+01
1.578589223350428128e+01
1.600702372728318323e+01
1.622401074745958738e+01
1.645760373421250122e+01
1.669246533527563869e+01
1.692082652866457693e+01
1.716998548536215097e+01
1.741725089948475258e+01
1.765995162895886139e+01
1.792236709512054915e+01
1.818619070688933448e+01
1.844842708505279560e+01
1.871273045044369354e+01
1.899077253712371416e+01
1.925668885194281188e+01
1.952400695127469277e+01
1.980217588945577134e+01
2.008057363630678438e+01
2.034150348042573597e+01
2.061579336717493405e+01
2.090321420840623290e+01
2.117283602266232734e+01
2.145428150098772591e+01
2.174307930331967853e+01
2.203762298616416260e+01
2.235205287262855478e+01
2.266431506518750538e+01
2.296720716009250651e+01
2.329408186732202424e+01
2.360894758091155055e+01
2.390909553511948005e+01
2.423739215245109690e+01
2.457087476702639961e+01
2.489884021072609954e+01
2.522512795586628087e+01
2.557585428337699440e+01
2.592100198774513231e+01
2.625547771144320564e+01
2.661826421883067795e+01
2.698260252921796365e+01
2.735340941312857055e+01
2.773985346781187644e+01
2.811451040478302943e+01
2.849336107226922010e+01
2.889870006458396290e+01
2.931097921096667491e+01
2.972250673356893458e+01
3.015955431407783749e+01
3.058038006240294493e+01
3.100786162921859912e+01
3.145455174802756915e+01
3.188660329850672071e+01
3.232469201878708276e+01
3.280436204485344120e+01
3.327399384949601568e+01
3.371775990936824030e+01
3.418186345401929316e+01
3.466233559554561339e+01
3.512760927710022685e+01
3.561422880923696255e+01
3.613406015234245672e+01
3.663880289925537426e+01
3.713984285301700083e+01
3.767812417176213557e+01
3.819570471546916934e+01
3.872621129027763942e+01
3.927862119849731215e+01
3.981972582343350098e+01
4.036357565515803003e+01
4.093158692882182237e+01
4.149015701298979764e+01
4.201374773953438790e+01
4.259813122722977852e+01
4.321405269959070239e+01
4.380492297039978666e+01
4.442498543853756132e+01
4.501540319393546241e+01
4.560016420657704828e+01
4.623771033184759460e+01
4.688218992824940301e+01
4.751385444792285995e+01
4.818447494522030183e+01
4.886618599294730814e+01
4.954048373360104307e+01
5.023675878889005730e+01
5.095473266756711439e+01
5.163992461423467972e+01
5.234233018165979701e+01
5.308354152051352770e+01
5.379224940531881316e+01
5.452301913061651106e+01
5.528896862702065818e+01
5.599717496883037882e+01
5.674003714524531716e+01
5.751984660428453822e+01
5.826983913639697477e+01
5.906227323685887853e+01
5.991679000037633784e+01
6.074073943298179046e+01
6.157083243179393151e+01
6.246964649650315948e+01
6.336943251660324705e+01
6.427075597423153397e+01
6.521428516327428326e+01
6.615883937491474853e+01
6.706947229366780050e+01
6.800033545059551443e+01
6.896023826993977934e+01
6.987078280713643608e+01
7.084123517376649204e+01
7.184435948306868625e+01
7.281114014717365990e+01
7.377747107883104150e+01
7.481406371205757466e+01
7.584457624533285980e+01
7.687146816173478214e+01
7.798360867680210617e+01
7.909024992521096920e+01
8.019054817690226855e+01
8.135601908355029366e+01
8.250104529680561427e+01
8.360614711047962544e+01
8.479989855050750691e+01
8.600877875090667146e+01
8.718917230628579773e+01
8.844785035121883254e+01
8.969661535029568711e+01
9.087929418986085750e+01
9.212787973937720665e+01
9.342397224046933957e+01
9.469785639768102214e+01
9.606879811023667060e+01
9.745197804472813630e+01
9.876464066571234923e+01
1.001499409015109308e+02
1.015616169194683351e+02
1.029183967180691752e+02
1.043994920969531108e+02
1.059199636898770649e+02
1.073434114602266476e+02
1.088865555052788068e+02
1.104543208781447703e+02
1.119752831268923075e+02
1.135204909342648989e+02
1.151870479005549868e+02
1.168234195713161228e+02
1.184935698759061893e+02
1.202650318732122798e+02
1.220318929668927552e+02
1.237313905044032225e+02
1.254919710736334224e+02
1.273257217640536112e+02
1.290882531841592140e+02
1.309577639398883662e+02
1.327797669687791711e+02
1.345845082319255255e+02
1.364536824631221634e+02
1.383432300765093430e+02
1.402455561614191311e+02
1.421987793242778935e+02
1.443101320147801800e+02
1.463717666433070974e+02
1.484311615996361695e+02
1.505968772745841306e+02
1.526364568835719808e+02
1.547378293002138037e+02
1.569858487028298271e+02
1.591812236493263981e+02
1.613718561820941773e+02
1.637304007080629162e+02
1.660841411039421018e+02
1.683770164555941165e+02
1.708967022790950239e+02
1.733470027590491043e+02
1.757934251507617773e+02
1.783402288722394644e+02
1.808384258980973982e+02
1.833162003366345516e+02
1.859304847859210952e+02
1.885754786220895767e+02
1.911961648101568017e+02
1.939854565582718351e+02
1.967670063621054908e+02
1.994180519821428845e+02
2.022611008029806783e+02
2.051682583133221272e+02
2.079204051308302326e+02
2.107304576234521960e+02
2.137296950768937904e+02
2.167006451234301210e+02
2.197131258611307203e+02
2.229000442380937272e+02
2.260542204714565742e+02
2.291395423250345402e+02
2.323177548067950795e+02
2.355740665190260756e+02
2.387266458635415063e+02
2.420547666991793960e+02
2.455099591452881214e+02
2.487911190487418764e+02
2.521972478133011748e+02
2.557034595447315439e+02
2.590518230783326317e+02
2.626304047634666858e+02
2.664114883418247359e+02
2.700653249526095010e+02
2.739560466383142625e+02
2.778851869249119773e+02
2.817475568708605351e+02
2.856990454153461769e+02
2.899402916654995011e+02
2.939545792842361038e+02
2.977364069039453511e+02
3.021372238506389749e+02
3.064571831305204341e+02
3.109078993228657168e+02
3.155346590408566954e+02
3.201166982133469787e+02
3.245912116230491051e+02
3.293860659201837962e+02
3.340307315059616826e+02
3.387917844648770256e+02
3.438069174476743228e+02
3.488441134660537841e+02
3.537427964097242352e+02
3.589530679239574624e+02
3.642549731937317006e+02
3.691031048045426814e+02
3.741490766320500256e+02
3.794779946951323382e+02
3.847203337116158650e+02
3.903557660427302380e+02
3.959626670433988238e+02
4.014405739682037506e+02
4.071623097902352697e+02
4.131602134295739006e+02
4.189168393035797635e+02
4.248247559972367640e+02
4.312620161821541842e+02
4.373793755341110909e+02
4.435901958084966736e+02
4.500672251504572046e+02
4.563248247521254939e+02
4.626932642201146564e+02
4.694055953627618010e+02
4.760781490174578039e+02
4.826828887979389151e+02
4.897743771817396805e+02
4.970983207051276054e+02
5.040732760168484106e+02
5.114033638305991190e+02
5.188867428566475155e+02
5.262014018368570305e+02
5.335489763066979094e+02
5.412880960457724768e+02
5.487270391974315089e+02
5.564480884601788375e+02
5.642809048683096762e+02
5.719075498067045373e+02
5.801219453933738350e+02
5.884629929494943781e+02
5.966285620745620690e+02
6.043048294172319856e+02
6.126429651048418918e+02
6.213246018924712644e+02
6.296357038998737607e+02
6.383108767445802414e+02
6.471327941315149701e+02
6.561629347199361746e+02
6.653147787168456944e+02
6.741730815509116610e+02
6.835822230577138043e+02
6.929488080160360823e+02
7.025852744496737614e+02
7.121913747539477981e+02
7.222224382540014176e+02
7.325782023861726202e+02
7.425329765882571564e+02
7.529949819456878686e+02
7.641119099543975608e+02
7.750217533894852977e+02
7.862185765812901082e+02
7.976348271769355733e+02
8.087980770871417917e+02
8.199422802185358705e+02
8.317400149725640404e+02
8.432856925552033545e+02
8.547439519566947865e+02
8.673166138324750136e+02
8.794969311769264095e+02
8.918330100760663299e+02
9.046789335101286724e+02
9.175355515998619467e+02
9.307107478984498812e+02
9.446366131526319805e+02
9.582173665561035705e+02
9.715694177651885184e+02
9.860435720126955630e+02
1.000373842582482553e+03
1.014337023237293351e+03
1.028927406704406621e+03
1.043814984262068265e+03
1.058293744795522798e+03
1.073760513066695239e+03
1.089427893248939199e+03
1.104900712950735397e+03
1.120607628241522434e+03
1.137499688572554987e+03
1.153423093049088038e+03
1.169585283683789385e+03
1.186320947791112530e+03
1.202597239457958267e+03
1.219160141463695936e+03
1.236308572572706453e+03
1.253351390182312571e+03
1.270710760653220404e+03
1.288646695185650742e+03
1.306349776762307556e+03
1.324256360845787185e+03
1.343055206327414908e+03
1.362404242837720403e+03
1.380560634967199348e+03
1.399443454950319619e+03
1.419784920211875487e+03
1.439031287887648887e+03
1.459435842215126513e+03
1.479718389610037548e+03
1.499909997098322719e+03
1.521230877495273717e+03
1.542784662099225443e+03
1.563728964164799891e+03
1.584788869702052125e+03
1.607085051198277597e+03
1.628671350169370498e+03
1.652127690748998020e+03
1.675663985290236496e+03
1.698197906679563630e+03
1.721926393249890680e+03
1.747061722223543711e+03
1.771364589254598286e+03
1.796236596794359002e+03
1.822265441180123617e+03
1.848320785144424917e+03
1.874170756154992660e+03
1.900734495935002769e+03
1.928134536455750549e+03
1.955870347114554988e+03
1.984860465601816713e+03
2.014443366136840950e+03
2.042652850924455379e+03
2.071990199090701481e+03
2.101448455934975755e+03
2.130491339075622818e+03
2.159802073924700835e+03
2.191041310541218536e+03
2.221258033006047299e+03
2.252229707222072648e+03
2.284999645520886588e+03
2.318230953778107505e+03
2.351724601861394149e+03
2.386356562042793485e+03
2.419437143965766154e+03
2.453874145906577269e+03
2.487268923552849174e+03
2.520005072700457731e+03
2.554504630097942936e+03
2.590640342313045949e+03
2.626804795413755528e+03
2.663271660100877853e+03
2.699995880470280554e+03
2.737203504570334644e+03
2.773639241700677758e+03
2.811381903384294674e+03
2.851623680503279502e+03
2.891888417915707123e+03
2.934102765640419875e+03
2.976654118152136107e+03
3.019522149104220262e+03
3.062483639141963977e+03
3.107401560506777059e+03
3.152297291906639202e+03
3.198738659774113330e+03
3.245663075546860455e+03
3.291906806069002414e+03
3.339979854383505426e+03
3.389900298459976966e+03
3.438558315621901329e+03
3.487353290958909838e+03
3.537941787054504402e+03
3.590554724555249777e+03
3.642847211863692792e+03
3.696462955415012857e+03
3.748642679719914213e+03
3.801768740041946330e+03
3.856565919051472974e+03
3.911764161467681333e+03
3.964180511814145575e+03
4.018657109412445152e+03
4.075133042896108691e+03
4.131726606568508032e+03
4.192404587680327495e+03
4.252940446176902697e+03
4.312727134429681428e+03
4.374013450742053465e+03
4.436685908176948942e+03
4.498430898170297951e+03
4.561497746065136198e+03
4.626878837022562948e+03
4.693992795167998338e+03
4.758906228221528181e+03
4.827099731904198961e+03
4.895347687990889426e+03
4.964835343923449727e+03
5.034938498562883069e+03
5.106240343911386844e+03
5.179623671427579211e+03
5.254888181338523282e+03
5.327755623665030726e+03
5.402168538212336898e+03
5.482955228377916683e+03
5.560493713196237877e+03
5.637647400393251701e+03
5.720549834500632642e+03
5.802297822437627474e+03
5.883173857829391636e+03
5.969390040561685055e+03
6.052590354375399329e+03
6.136740253075341570e+03
6.224107798884994736e+03
6.310212914332899345e+03
6.395956811541577736e+03
6.482084024784609028e+03
6.572625050921099501e+03
6.665762723525866932e+03
6.760823784183102362e+03
6.859032096870374517e+03
6.956672120362431997e+03
7.053810394163840101e+03
7.154591150126464527e+03
7.254662121176681467e+03
7.356141352136453861e+03
7.462696277460150668e+03
7.568019838149220959e+03
7.678746968600579748e+03
7.793197903216888335e+03
7.907431094739126820e+03
8.020790727286662332e+03
8.136194911286693241e+03
8.255771258260750983e+03
8.370670802935906977e+03
8.489308648054326113e+03
8.605761860093729410e+03
8.724847543932473855e+03
8.849812648089846334e+03
8.976199941681556083e+03
9.104955006706884888e+03
9.234455274804327928e+03
9.368967162633403859e+03
9.501584292150397232e+03
9.634794001769092574e+03
9.775061502437063609e+03
9.915689715733791672e+03
1.006071948777870057e+04
1.020779122373055907e+04
1.035190605771094488e+04
1.049471236503686850e+04
1.064195263518076354e+04
1.079291561247669597e+04
1.094157299079231052e+04
1.109327931059188631e+04
1.125148411283335918e+04
1.140640490199988926e+04
1.156888932659181773e+04
1.173444425971254896e+04
1.189428415963080261e+04
1.205503897532304109e+04
1.222347566207115051e+04
1.239226745832364941e+04
1.257227117366475795e+04
1.275175640113397458e+04
1.293459061264249613e+04
1.312343232496446217e+04
1.331647081976099616e+04
1.350469211655025538e+04
1.369257732081276663e+04
1.388697205149611182e+04
1.408141685345305996e+04
1.428101639695616541e+04
1.448403248564546629e+04
1.468678658883370190e+04
1.489536896820629772e+04
1.510475991758641976e+04
1.531834580782201556e+04
1.552940184522290656e+04
1.575173148985795342e+04
1.598038749956108040e+04
1.620349049721524170e+04
1.643240401140129688e+04
1.666526170662252116e+04
1.690142993129489332e+04
1.714764940589582693e+04
1.739500222170476991e+04
1.763826116258786715e+04
1.787987055196243455e+04
1.813076967361455172e+04
1.837195896116981385e+04
1.861805918396440757e+04
1.887490788189154409e+04
1.913300589184878481e+04
1.939137255164483213e+04
1.966643375888478840e+04
1.994846309040230699e+04
2.023302383509306310e+04
2.052329357507014720e+04
