9.972543023452922206e-01
9.972485044271872656e-01
9.871476656824791363e-01
9.777843337426314063e-01
9.697893930577988764e-01
9.619153468773329330e-01
9.543404755231913450e-01
9.462982186492071568e-01
9.382313087585562039e-01
9.305969518500970539e-01
9.228912349261462200e-01
9.151240209459039487e-01
9.074103011547094422e-01
8.993007050616325104e-01
8.916647927263438023e-01
8.846966152890095580e-01
8.777773323390266613e-01
8.709489737058896397e-01
8.638846835376353672e-01
8.560347121466777010e-01
8.481695944208563764e-01
8.409448499166231050e-01
8.338440901298841412e-01
8.276515565588032919e-01
8.202871589635623018e-01
8.140789240607241295e-01
8.080615107891070403e-01
8.012564785256335309e-01
7.949905305298041736e-01
7.888633828932913872e-01
7.822847478907672958e-01
7.759161564311271020e-01
7.703330582990343123e-01
7.648691669861548137e-01
7.587945918644243282e-01
7.526896554328637023e-01
7.471187747074955476e-01
7.416651024166837081e-01
7.364604591643305609e-01
7.309493762899706981e-01
7.249508517017074771e-01
7.195446679075387930e-01
7.148476204565276104e-01
7.098441146022493875e-01
7.044213265026499915e-01
6.990504415153625528e-01
6.931474119931476663e-01
6.878239664445104928e-01
6.823563139585078208e-01
6.768459491325847788e-01
6.712531169662832031e-01
6.661865565293614289e-01
6.612117689242490437e-01
6.560532375140126771e-01
6.513438386720801221e-01
6.466936306383299637e-01
6.417248878407189050e-01
6.368436491187727810e-01
6.321608417401227697e-01
6.272791680366394118e-01
6.223834331384638929e-01
6.173431458711762243e-01
6.128102872459869621e-01
6.079041792638736341e-01
6.033446042272906373e-01
5.988950371179256882e-01
5.942462475113573506e-01
5.895763024200928459e-01
5.850996466014607433e-01
5.805045011917059350e-01
5.763264785199238016e-01
5.722072681956728024e-01
5.679082096950455183e-01
5.633280461650685966e-01
5.587735600859334850e-01
5.543745380752588270e-01
5.498923640635480226e-01
5.453561220274466548e-01
5.412745598804471481e-01
5.373611798080518698e-01
5.329985685323821443e-01
5.292777115114830622e-01
5.252932083539176844e-01
5.209700091844839953e-01
5.170750586452914632e-01
5.131438191767095924e-01
5.092321519142716246e-01
5.053612302129281142e-01
5.013861149303624476e-01
4.976979899241756322e-01
4.937814712085663582e-01
4.903457688990640606e-01
4.868299973424370375e-01
4.829498925715960955e-01
4.795151295909805267e-01
4.761192671351744399e-01
4.725344312219261211e-01
4.691337984691400509e-01
4.655994338131543842e-01
4.621329309344880953e-01
4.585936207488078842e-01
4.551490464975279648e-01
4.517405862578193210e-01
4.483672950818700653e-01
4.450175826232650178e-01
4.417356494001421496e-01
4.387967681715287949e-01
4.356251884383034456e-01
4.323130520289425460e-01
4.291566860598662325e-01
4.259821713103414953e-01
4.227470802357071178e-01
4.195147758517034364e-01
4.165176091058566121e-01
4.132455090323260971e-01
4.102969199008991708e-01
4.077578201028267957e-01
4.048266402904836525e-01
4.020068334975074320e-01
3.991605250721200204e-01
3.964440500890351604e-01
3.939285573912471028e-01
3.914166599730688478e-01
3.887309061753970174e-01
3.859915646710407877e-01
3.835378251654693593e-01
3.808096650394966476e-01
3.783748989663430207e-01
3.760120591032808379e-01
3.734626704982662027e-01
3.711299726820585509e-01
3.686410066545293684e-01
3.660444569275669857e-01
3.634920751943390149e-01
3.610369284069644413e-01
3.585910955004782963e-01
3.563113590802653996e-01
3.539116475401953843e-01
3.513455782490422230e-01
3.490141569159693757e-01
3.468664849903717595e-01
3.446314098936181236e-01
3.420522551976604153e-01
3.395888598997310881e-01
3.372366698403503893e-01
3.347799932153073255e-01
3.325981410732379850e-01
3.301663894880171868e-01
3.278701109727775176e-01
3.257313433202920772e-01
3.236926614216891207e-01
3.214805191784530503e-01
3.191236249062610053e-01
3.172148420815499859e-01
3.150744954264182995e-01
3.131567283321826101e-01
3.113324686896424276e-01
3.091918592055613590e-01
3.073303189761179555e-01
3.054755270377496612e-01
3.035984791889575485e-01
3.016932244138121888e-01
2.996873594744091651e-01
2.978311621439843626e-01
2.960334458650613620e-01
2.941018058315358341e-01
2.922651491814651226e-01
2.903512676898771794e-01
2.885316167616276961e-01
2.868496452981118550e-01
2.849188327174667634e-01
2.831846648727047722e-01
2.814937648232824774e-01
2.795227588339783686e-01
2.778804046155323726e-01
2.762675553999051625e-01
2.745289599273625925e-01
2.730932401137117216e-01
2.715065839914737045e-01
2.698091190415879415e-01
2.681352843078764758e-01
2.665110601520326861e-01
2.649093637515001487e-01
2.632241507819229609e-01
2.617584968657518663e-01
2.602333984460628025e-01
2.586328695825453883e-01
2.572328401580215029e-01
2.557438336779797594e-01
2.542186599536170322e-01
2.528420014421206008e-01
2.515014659018010024e-01
2.499818891626649775e-01
2.487306104818781671e-01
2.475553063631977246e-01
2.461011469156521025e-01
2.447141360720184178e-01
2.435931844215660502e-01
2.423259845058290396e-01
2.411282460358280533e-01
2.399418839043833962e-01
2.387571918976008623e-01
2.374841020446324391e-01
2.362070803924108398e-01
2.350030883051388020e-01
2.339073675473385683e-01
2.327057411898057204e-01
2.315150456201472418e-01
2.304229682913959409e-01
2.293158440988300462e-01
2.281705824016811157e-01
2.271908018878330271e-01
2.261349715251548265e-01
2.250088289380599571e-01
2.240085610986760345e-01
2.231467674189158978e-01
2.221143037140648480e-01
2.210681713709471974e-01
2.200751787364877698e-01
2.190015489262147341e-01
2.178912978981289716e-01
2.169520910253097679e-01
2.161344659528070811e-01
2.152515890301854584e-01
2.143350374689619309e-01
2.135293617959823087e-01
2.125776769220359685e-01
2.116839326751236150e-01
2.107689072886688442e-01
2.099180227395235077e-01
2.091405882260163052e-01
2.082732706830290881e-01
2.074461300715277623e-01
2.069096593827818298e-01
2.060891352506903917e-01
2.052611057467008393e-01
2.046972193766624648e-01
2.040039685322099505e-01
2.032782098480196420e-01
2.026115289892231330e-01
2.019550531358309253e-01
2.012575314550833494e-01
2.005588407703774168e-01
1.998883764813483843e-01
1.991859569297436405e-01
1.984809245886958173e-01
1.979409072545028347e-01
1.972213407954443165e-01
1.965358130255360491e-01
1.960554485402766500e-01
1.955315003034641674e-01
1.950353809105599967e-01
1.946515016168149925e-01
1.942839677673478538e-01
1.937975722648274945e-01
1.934669769965753350e-01
1.930253036440339465e-01
1.925565177229699165e-01
1.921219265972765045e-01
1.916347796160422501e-01
1.911967696479123791e-01
1.907111622156274500e-01
1.902099428980779938e-01
1.897081383753357886e-01
1.893988755225523013e-01
1.890721139843415111e-01
1.886660705760626888e-01
1.884616216643427988e-01
1.882107219403434117e-01
1.878777102807616117e-01
1.875644745416041037e-01
1.873952242899171450e-01
1.871052926303017894e-01
1.868393109340119318e-01
1.867586173141060624e-01
1.864890667965581061e-01
1.863082450369699938e-01
1.861852497317946498e-01
1.859937812999591933e-01
1.857652468065683626e-01
1.855553805425128322e-01
1.852308109740229691e-01
1.850407029372057865e-01
1.847917462662736765e-01
1.846205464043519651e-01
1.844562311864778592e-01
1.843893726950854017e-01
1.843794563634264805e-01
1.842291461984557621e-01
1.839895021953303900e-01
1.839777222284294800e-01
1.837567071533261487e-01
1.836405169569403084e-01
1.837529230374852218e-01
1.836501765566444511e-01
1.836021173995251166e-01
1.836191213135899281e-01
1.835230035113132874e-01
1.835758275118343497e-01
1.835336962875901146e-01
1.834861426920036953e-01
1.833739008915110658e-01
1.833843672214340303e-01
1.834357171382385021e-01
1.834478317521984758e-01
1.837414718975164118e-01
1.838311589433144211e-01
1.838737204447392637e-01
1.841667271295324149e-01
1.843388484715270392e-01
1.844639635750002504e-01
1.846651227693642261e-01
1.847848638845683567e-01
1.848244217681451751e-01
1.849299629365751263e-01
1.852067862743887738e-01
1.852081009606733331e-01
1.854076645180936511e-01
1.857866537597291368e-01
1.859383043847585848e-01
1.862084388533838675e-01
1.864846361087288962e-01
1.865177624045305793e-01
1.866065020145493691e-01
1.868938950256609222e-01
1.870418240900256490e-01
1.873666914408181616e-01
1.878597350094048657e-01
1.881551966316541147e-01
1.884784551641426609e-01
1.889415072209285340e-01
1.895261046838045693e-01
1.898379664107117670e-01
1.904615887067910851e-01
1.911506352893878047e-01
1.915942776172374074e-01
1.922326877539715928e-01
1.926492379921740383e-01
1.930534611923445942e-01
1.936930850998702380e-01
1.942888866932051817e-01
1.946981926048610145e-01
1.952729986106983839e-01
1.960276397343328758e-01
1.963085599174926588e-01
1.966776023851835864e-01
1.973417352955416926e-01
1.978293699111835502e-01
1.985271667112890326e-01
1.992459978226300554e-01
1.998415928843466083e-01
2.004865650263696342e-01
2.011481745019463308e-01
2.017033228030044589e-01
2.024492986629604085e-01
2.033393651121433721e-01
2.042835416649935731e-01
2.050308445031144844e-01
2.059748882192891928e-01
2.066789093082808948e-01
2.073017226243701050e-01
2.081128867472470390e-01
2.088645326283481429e-01
2.096282183287273559e-01
2.105550683512024679e-01
2.116001318403474274e-01
2.122650724953693280e-01
2.131265872076275047e-01
2.140930822074217088e-01
2.148588660487492086e-01
2.157520781094158235e-01
2.168280442643577277e-01
2.176338445256308374e-01
2.185879346472448803e-01
2.197922119910781513e-01
2.206145066348551009e-01
2.215189095233881800e-01
2.226061421784117922e-01
2.234986014250486819e-01
2.244607242551489579e-01
2.257113877403051083e-01
2.267670164587884951e-01
2.278057221739835936e-01
2.290908649038174150e-01
2.303044898727534817e-01
2.311632362202685753e-01
2.322978748176650898e-01
2.336371807987707161e-01
2.346300399796582004e-01
2.360831617672235760e-01
2.375022095844632752e-01
2.387242890513578131e-01
2.401696186614418194e-01
2.414154193305458052e-01
2.426035204265108436e-01
2.439733748716347572e-01
2.455539361716079227e-01
2.468588680419241677e-01
2.483042416769074279e-01
2.500728401414101243e-01
2.514444728240722293e-01
2.528956317418756261e-01
2.546557302076141727e-01
2.558626870173444368e-01
2.570520550337276888e-01
2.586686257809576173e-01
2.601376230465071715e-01
2.615611885255059166e-01
2.634920068530859916e-01
2.651437828035544397e-01
2.667538107300021499e-01
2.687421029261968242e-01
2.704478828601821760e-01
2.721667957445053632e-01
2.742131260363842582e-01
2.760205546339055682e-01
2.776244152205257221e-01
2.796291964839026645e-01
2.814982551581474146e-01
2.831484881771645368e-01
2.852544935145935323e-01
2.873869473380610273e-01
2.890949624288504660e-01
2.912528678813808836e-01
2.935103523423137073e-01
2.952084685484026028e-01
2.972974726476743101e-01
2.995584617686494755e-01
3.011518165753428455e-01
3.030161849778948979e-01
3.053022462011176774e-01
3.070737179262532646e-01
3.086164410362183808e-01
3.107464983847601503e-01
3.128429195191361201e-01
3.146019214489378379e-01
3.169790493740731741e-01
3.192837255248492379e-01
3.213501787444594249e-01
3.242649870587662186e-01
3.269840747192918062e-01
3.292242262832754118e-01
3.317686594064110372e-01
3.343215086239717526e-01
3.364141282786194953e-01
3.386858461564598577e-01
3.412262700174480967e-01
3.436070508762384401e-01
3.462243066779830403e-01
3.492506597223478670e-01
3.515202554682355096e-01
3.539744571478347090e-01
3.569262531424996499e-01
3.594147783664840001e-01
3.620481570593304110e-01
3.651300381435744202e-01
3.675577411326639843e-01
3.699742465228040289e-01
3.728634422506252322e-01
3.752879661439385561e-01
3.779680745832122990e-01
3.814253936294949576e-01
3.844729779721763330e-01
3.871406653035184275e-01
3.904579880830723604e-01
3.930552721107375969e-01
3.952064067393913915e-01
3.983355881239295515e-01
4.014474942711225847e-01
4.044401094652387285e-01
4.083117761775471588e-01
4.119336447272413104e-01
4.150039152919809959e-01
4.183988629159333117e-01
4.221269076941218668e-01
4.257070858054879947e-01
4.293971367801913130e-01
4.334815585724373643e-01
4.369940021130476193e-01
4.408124525895018020e-01
4.448062302930521072e-01
4.482586502019307861e-01
4.519870659456377560e-01
4.562953713694822833e-01
4.601335404232427262e-01
4.641617208991806187e-01
4.685400606370421772e-01
4.722957749369054437e-01
4.758048702146238651e-01
4.800161977056213725e-01
4.844197214266820484e-01
4.884160427254490289e-01
4.932548729114704655e-01
4.978652720326356973e-01
5.018308428665134713e-01
5.061619626747163592e-01
5.107666419754677278e-01
5.145573098247336885e-01
5.188519547795705789e-01
5.235255511575057641e-01
5.270938532146789424e-01
5.315412789631183132e-01
5.361427747806709609e-01
5.402385335760119256e-01
5.452089429358418782e-01
5.507380115369417961e-01
5.550146927270859232e-01
5.598822892589584432e-01
5.655281373989051730e-01
5.701677131734914639e-01
5.744881064431887063e-01
5.795595857775256432e-01
5.841850262855354803e-01
5.889083126895906517e-01
5.941916062787587771e-01
5.996563050447168974e-01
6.040483101838739488e-01
6.092224342178276242e-01
6.142302059847887241e-01
6.184986571834790725e-01
6.239684059342290867e-01
6.285577834508877526e-01
6.331818709743545215e-01
6.389170886154963425e-01
6.453274710073226839e-01
6.506868753319999810e-01
6.563625790476472766e-01
6.628519711155406169e-01
6.682068803520782030e-01
6.732200490932152004e-01
6.796900209721568054e-01
6.855854985768313758e-01
6.913962504778645712e-01
6.978406564517497523e-01
7.040990443149015565e-01
7.103904338568490795e-01
7.176434965511100383e-01
7.236185763686630024e-01
7.295835265127303959e-01
7.365017864335993147e-01
7.429456931766731387e-01
7.485626995578704701e-01
7.545824080518435117e-01
7.617472140534823355e-01
7.678878162952721409e-01
7.749371361435702932e-01
7.827133015700340479e-01
7.889960887797974332e-01
7.969120800111121339e-01
8.048349124001933363e-01
8.111363574749337335e-01
8.177369726492461632e-01
8.249889576427518190e-01
8.319572242604184042e-01
8.372030506208569811e-01
8.440933987873170397e-01
8.514764611535523553e-01
8.578697005897740757e-01
8.651597695090231799e-01
8.722628984776573668e-01
8.791060057300494890e-01
8.873326311571794189e-01
8.957956252083595361e-01
9.029900595945778985e-01
9.112021764233073640e-01
9.195582534035356970e-01
9.270984344829314994e-01
9.351559630358096120e-01
9.425580368804074016e-01
9.497494200787104379e-01
9.569134241410910402e-01
9.659586489009301946e-01
9.743240433629252184e-01
9.815954591134665730e-01
9.914478999556533001e-01
9.997690663584358761e-01
1.007379820622510191e+00
1.016721912892790680e+00
1.025339223147005763e+00
1.031897288872364093e+00
1.041412118498939776e+00
1.052003223807749910e+00
1.060644633137186377e+00
1.070937165275112957e+00
1.082076348947546673e+00
1.090753450366980903e+00
1.100827361430292584e+00
1.112095680616372428e+00
1.122495351294584554e+00
1.133720867809984822e+00
1.145492374180389294e+00
1.155660086352622740e+00
1.166628854290384654e+00
1.179056326709299274e+00
1.189632049655188650e+00
1.200298836125003099e+00
1.212978592398965549e+00
1.224180310666152405e+00
1.235022872982443287e+00
1.247641926159330117e+00
1.258904279922625769e+00
1.270710009388882122e+00
1.282924605919068872e+00
