9.710517579575508318e-01
9.711451471904589683e-01
8.786162290295941313e-01
8.043874198555437394e-01
7.423748098891536085e-01
6.909249894008606674e-01
6.448854916075116295e-01
5.995707085071285691e-01
5.617395176150909997e-01
5.244132279738940028e-01
4.895002115029496448e-01
4.573356183922356322e-01
4.273908443891829001e-01
4.004524771653167892e-01
3.751217536409154896e-01
3.537008840755949679e-01
3.322360606445886044e-01
3.109312868713519640e-01
2.920789346571475709e-01
2.740213263759311846e-01
2.565596411886477690e-01
2.397296725879156098e-01
2.250634334533938852e-01
2.114688775519143193e-01
2.007800644819878466e-01
1.900979110358369806e-01
1.791597998318088247e-01
1.697639657163844962e-01
1.605589839156881804e-01
1.521948639448326701e-01
1.448075431467806817e-01
1.373136133930823177e-01
1.301594762675764017e-01
1.240179709044777340e-01
1.179583103296022589e-01
1.114505932086216622e-01
1.064166998631030508e-01
1.007965816360771871e-01
9.583712610032488199e-02
9.192006037784940242e-02
8.796278810817891036e-02
8.432826359628413371e-02
8.111291092461955787e-02
7.793380286912814092e-02
7.455839208959853803e-02
7.168204542499023724e-02
6.900645315174007421e-02
6.643771205060884644e-02
6.424570653589664615e-02
6.218535261934328429e-02
5.974667278795398051e-02
5.759949633327954982e-02
5.551330321061897360e-02
5.334050105744547049e-02
5.121387773509220032e-02
4.942136587498826422e-02
4.771392855653958098e-02
4.583668845024174016e-02
4.435309592562255293e-02
4.289037986236957090e-02
4.153167148218946114e-02
4.030145643646085296e-02
3.899627488663765656e-02
3.771138446940108802e-02
3.657969674513236041e-02
3.558922321451502002e-02
3.454237039705228274e-02
3.354958655729207290e-02
3.260663756559353116e-02
3.162297550916635253e-02
3.074420750788064982e-02
2.984252832657040971e-02
2.893095840467608745e-02
2.814603539575635804e-02
2.738800284894592207e-02
2.649146656637201350e-02
2.573958875291301740e-02
2.502313391471100434e-02
2.422344156261948406e-02
2.348237475755083833e-02
2.294187899967336033e-02
2.234852376828596124e-02
2.175151364068098753e-02
2.119856154308885632e-02
2.067920360873470170e-02
2.015939550798092131e-02
1.969574533345260989e-02
1.924796587629459821e-02
1.874743405204461894e-02
1.835314435105865616e-02
1.788197625765902340e-02
1.737101472757858825e-02
1.702600768002539983e-02
1.663329834988576394e-02
1.620506058380862674e-02
1.586269921616717885e-02
1.557578057040467749e-02
1.525586199633623997e-02
1.492090474824823987e-02
1.461338212005834809e-02
1.432584592713585098e-02
1.402758870184580252e-02
1.380873729265049213e-02
1.352314984903637066e-02
1.330194602658259229e-02
1.309017243228294269e-02
1.280769090572825633e-02
1.253540078156722797e-02
1.233041243336762023e-02
1.202414384958703369e-02
1.169350129442646609e-02
1.148861215617482875e-02
1.121205295108470071e-02
1.091904835613216260e-02
1.073212109042090238e-02
1.047977214081904397e-02
1.023515650170817547e-02
1.009716949933515788e-02
9.895965212918763840e-03
9.681978878345562020e-03
9.540494707189567380e-03
9.382721411812188633e-03
9.237563854597818577e-03
