9.983083306044260308e-01
9.983142299649857554e-01
9.916636044258932969e-01
9.861714190726069695e-01
9.814483417477301019e-01
9.769683182906724328e-01
9.726556452545668252e-01
9.684863554584722811e-01
9.643819440131915499e-01
9.607501362143855417e-01
9.572951675572026753e-01
9.532792237387486267e-01
9.495073886318677880e-01
9.460627587970275032e-01
9.422131967218624338e-01
9.390334671098626851e-01
9.353671599311502716e-01
9.318971324013571866e-01
9.286092289466691962e-01
9.253853563068856758e-01
9.221873700812903696e-01
9.192111581070799842e-01
9.164517709773847276e-01
9.135896934948617432e-01
9.105946940552912539e-01
9.078931973302554193e-01
9.048055801742472815e-01
9.019541263421283483e-01
8.991814699670349631e-01
8.964145886393722895e-01
8.939447125469055511e-01
8.916408226615661903e-01
8.891154971303018018e-01
8.866173293620495111e-01
8.843572752569383022e-01
8.819259653580819869e-01
8.797629073285683221e-01
8.780410964314490085e-01
8.762199903470043738e-01
8.743980330819397517e-01
8.730184726844069099e-01
8.715480245553568484e-01
8.703113234070017912e-01
8.688554325920608834e-01
8.679695977257115835e-01
8.667786682906862827e-01
8.661522860286731129e-01
8.658872107916446570e-01
8.651799622762668118e-01
8.647398580086513853e-01
8.648601514840734694e-01
8.650485200784800988e-01
8.655504459345305657e-01
8.663037968722732129e-01
8.669121615247924462e-01
8.676504503928264000e-01
8.692792033000220631e-01
8.705770727649296825e-01
8.719664858627883541e-01
8.743391113217885424e-01
8.764039158240155558e-01
8.788809735835986237e-01
8.824395596898515493e-01
8.857732617280893450e-01
8.893640455322051608e-01
8.945014770037060803e-01
8.994285700567188346e-01
9.044063748941982839e-01
9.108149795558674322e-01
9.176213374624763164e-01
9.243322924878154545e-01
9.325692042259260406e-01
9.415400063149135246e-01
9.502805946644551360e-01
9.606223194397474074e-01
9.721896224546386911e-01
9.830866893446849053e-01
9.957711151714514486e-01
1.009983928893684046e+00
1.023959808224089274e+00
1.039753372509377494e+00
1.057487871436250781e+00
1.074776555714158643e+00
1.094116012129972448e+00
1.115670913044920942e+00
1.137646830897684813e+00
1.161325361852129756e+00
1.188095849589193786e+00
1.215107992901673928e+00
1.243641252634097416e+00
1.276148593860640723e+00
1.309623219632569002e+00
1.345197256358185767e+00
1.385123449739754653e+00
1.425871356315060012e+00
1.468849176137135393e+00
1.516475286004071110e+00
1.566164131583345442e+00
1.618591247457951132e+00
1.676854620241786220e+00
1.737778017195113156e+00
1.801568218397693766e+00
1.871894651959188582e+00
1.945080183403613994e+00
2.021717847682974245e+00
2.106582219917277676e+00
2.195358243478047644e+00
2.289220370460874232e+00
2.391147640227881510e+00
2.499872117958505502e+00
2.614428152334889788e+00
2.739863236781661548e+00
2.872572398448492770e+00
3.011146255316502263e+00
3.163323999281061116e+00
3.324416664036695668e+00
3.490876360104911758e+00
3.672329643221964979e+00
3.865479399457182552e+00
4.066109058858479841e+00
4.285177258994821159e+00
4.519603790210021010e+00
4.763510975709466244e+00
5.031818748538713137e+00
5.317485352111259722e+00
5.613274514473506116e+00
5.934868460527048306e+00
6.283302674524947840e+00
6.646509782467487248e+00
7.037565393492403842e+00
7.461001177933678008e+00
7.899089448064793295e+00
8.369520630312885956e+00
8.881512408797689773e+00
9.411394057070962660e+00
9.978166328129082885e+00
1.059871318491715364e+01
1.124518416655114272e+01
1.193211815226523953e+01
1.268454311812061874e+01
1.346965821599823698e+01
1.429957974743758875e+01
1.521660094546894371e+01
1.617852029635641031e+01
1.718611725435635407e+01
1.828850588313794034e+01
1.946436616423753208e+01
2.068462432552458097e+01
2.202508347032315683e+01
2.345422241206075498e+01
2.493751019665536361e+01
2.655008579944344049e+01
2.829162584335219321e+01
3.010397386945621179e+01
3.207988351221831635e+01
3.419504173424694216e+01
3.638414625207125397e+01
3.874075737810827036e+01
4.131210950222565259e+01
4.397936988464507380e+01
4.685862236972165107e+01
4.997591268963350331e+01
5.322081583660868631e+01
5.666550660979944354e+01
6.047524321854526619e+01
6.445549339951345758e+01
6.868870446414327091e+01
7.330366555787077232e+01
7.817236704550812476e+01
8.325912268093807711e+01
8.886642801986774032e+01
9.477680576688554481e+01
1.009958509160923512e+02
1.078101343349514849e+02
1.150171403689889047e+02
1.225916302000632498e+02
1.308413485023679357e+02
1.396159677633659157e+02
1.488212961656269897e+02
1.587658158732267850e+02
1.695740942730827499e+02
1.808509065342871622e+02
1.929934819836441022e+02
2.061401758535018587e+02
2.198407158154703325e+02
2.343773260968636407e+02
2.503438213335295757e+02
2.669215609662045381e+02
2.845038614611469256e+02
3.039188052379601572e+02
3.243292923621552291e+02
3.457120054737417263e+02
3.693640021707261667e+02
3.943372828911890906e+02
4.206561336295822571e+02
4.495494684340106915e+02
4.799479505462816178e+02
5.120683796290466034e+02
5.471150768986351522e+02
5.846826081878186869e+02
6.241144618314922354e+02
6.668916644358781696e+02
7.129690101217676101e+02
7.611447318231375903e+02
8.128000509515181875e+02
8.690484012200008692e+02
9.277546037781258974e+02
9.908234180168418561e+02
1.059214557648371510e+03
1.131141736965083737e+03
1.207337625989133585e+03
1.290697541533206049e+03
1.378867068789776340e+03
1.471673820473242131e+03
1.573109101689472709e+03
1.681685508814534160e+03
1.795767448437681651e+03
1.920842873210884591e+03
2.053957132000409729e+03
2.193716954390880801e+03
2.345254731466404337e+03
2.506716838793246097e+03
2.676644748586405967e+03
2.859750010610606751e+03
3.057519195878249775e+03
3.266495803303493176e+03
3.491010695297570237e+03
3.734899305019549502e+03
3.990343149591610199e+03
4.264998037340434166e+03
4.562939594648845741e+03
4.877571315576177767e+03
5.213190665095762597e+03
5.575552685441339236e+03
5.956280741725725420e+03
6.363411551311809490e+03
6.805842324284279130e+03
7.273755831508275151e+03
7.773902093342104308e+03
8.318515804256951014e+03
8.894994108109385706e+03
9.497824990854443968e+03
1.015699818922365739e+04
1.086445248392532994e+04
1.161024062773589139e+04
1.241897308309832988e+04
1.328102504335535377e+04
1.419191773353579629e+04
1.518200190764187391e+04
1.624887444239671277e+04
1.737858262828236184e+04
1.858416826979069447e+04
1.989492824975293115e+04
2.127006851968637056e+04
2.274910220972320531e+04
2.434675233361437859e+04
2.603317690938251326e+04
2.784558657994464011e+04
2.979163371064184321e+04
3.186497557455087008e+04
3.404426311232413718e+04
3.642036955123060761e+04
3.895584380499485997e+04
4.164701138759167952e+04
4.458885238932386710e+04
4.770859404833606095e+04
5.101193917089685419e+04
5.458949335894676187e+04
5.843738722567886725e+04
6.250085293728362012e+04
6.687229125810813275e+04
7.159851287294426584e+04
7.658261873948732682e+04
8.193226366164986393e+04
8.774383792746439576e+04
9.386114470566336240e+04
1.003914326352440403e+05
1.074991800961861736e+05
1.150285967638500588e+05
1.230711357292674511e+05
1.318295590347021061e+05
1.410669129752417793e+05
1.508501021999061340e+05
1.614871205532296153e+05
1.728656776186785137e+05
1.849910502519076690e+05
1.981575958116691618e+05
2.121206033634824271e+05
2.268294397477688326e+05
2.428036515403086960e+05
2.598861836597473302e+05
2.780101940405613277e+05
2.976710488305366016e+05
3.188500163125522085e+05
3.411582897704560310e+05
3.653615935870963731e+05
3.914387595999634941e+05
4.188217001393621322e+05
4.483169205039716908e+05
4.803289839745882782e+05
5.139496185575603740e+05
5.496627511663923506e+05
5.886395062526088441e+05
6.298273244837857783e+05
6.743117125090679619e+05
7.225260082767109852e+05
7.736560234658627305e+05
8.278337724387360504e+05
8.869688514203031082e+05
9.502008794359561289e+05
1.017096618727055495e+06
1.089660242237365339e+06
1.167277727585096611e+06
1.249827513598873513e+06
1.338652571760956664e+06
1.434380270316103939e+06
1.535654111481947592e+06
1.644621235178799834e+06
1.761659755668156547e+06
1.885759416654744651e+06
2.019615818391688867e+06
2.165418194773029070e+06
2.318909265899259597e+06
2.484426122668323573e+06
2.662547592946002260e+06
2.850492968721266836e+06
3.050992209340264555e+06
3.269698674510678742e+06
3.500613257212700322e+06
3.744982791222506203e+06
4.009825248900275677e+06
4.295088310921671800e+06
4.595058601013395004e+06
4.918008488828211091e+06
5.266997301358243451e+06
5.638030400645725429e+06
6.033164827916750684e+06
6.463341317720365711e+06
6.913368233326296322e+06
7.397898250832789578e+06
7.928917221246548928e+06
8.489562076995326206e+06
9.090436722330249846e+06
9.741009155364165083e+06
1.042941472012795880e+07
1.116857365959581360e+07
1.197392306287328899e+07
1.282498114718152583e+07
1.373474034163683839e+07
1.469584101716750115e+07
1.573606162919297628e+07
1.684405090661020204e+07
1.804431953461958095e+07
1.933007725662344694e+07
2.068828243333053961e+07
2.216205930486470833e+07
2.374949312381082773e+07
2.544056524374171719e+07
2.724287908760011569e+07
2.918475799928640574e+07
3.124430255772249028e+07
3.346397695232122391e+07
3.586131773523695022e+07
3.840545859285449237e+07
4.112864193373572826e+07
4.409353069552339613e+07
4.723949406430859119e+07
5.058892789375717938e+07
5.421513138351499289e+07
5.806035006606235355e+07
6.211200015252931416e+07
6.653766784290888160e+07
7.127680042437542975e+07
7.630624297575527430e+07
8.178529505969472229e+07
8.768018306418128312e+07
9.385480606062182784e+07
1.005278338150702268e+08
1.077902762848684043e+08
1.154222000433451384e+08
1.236989790973842144e+08
1.327122712681245208e+08
1.421008225832763910e+08
1.522012852232965231e+08
1.632027213380444944e+08
1.746949211923131645e+08
1.870537455472691059e+08
2.004637939433612823e+08
2.147373965715984106e+08
2.299409592802031934e+08
2.464791678326099813e+08
2.641200855365514755e+08
2.828483095159760118e+08
3.030622336784411073e+08
3.246162838432295918e+08
3.475005330907397866e+08
3.722623831805986762e+08
3.991066048441634178e+08
4.274417229910590649e+08
4.580413890033435822e+08
4.910110360437785387e+08
5.257942407408776283e+08
5.631630370906528234e+08
6.036179961891168356e+08
6.463729861298702955e+08
6.924082731743128300e+08
7.420890825966548920e+08
7.952950230334386826e+08
8.512642107037475109e+08
9.120742182165499926e+08
9.769363400627834797e+08
1.045672719034121752e+09
1.120721067531286240e+09
1.200575133006707191e+09
1.285993059781766415e+09
1.377922953316680193e+09
1.476576422008029461e+09
1.580571621216724634e+09
1.694280625825586319e+09
1.816320383532977104e+09
1.944133068013131142e+09
2.082640457104883909e+09
2.233080407580554962e+09
2.392621463031570911e+09
2.564533245316988468e+09
2.750677385246049404e+09
2.948064265168341637e+09
3.159890601733674526e+09
3.388367784264251232e+09
3.629959471893738270e+09
3.885423189767496109e+09
4.163780460496722221e+09
4.459999533953168869e+09
4.774690219380852699e+09
5.116777921937784195e+09
5.481469139376235962e+09
5.868951690452322006e+09
6.284719775474413872e+09
6.731961994636160851e+09
7.209429651302563667e+09
7.726021046082050323e+09
8.281001987330471039e+09
8.865082156878822327e+09
9.495877490179628372e+09
1.017066889397243690e+10
1.088738205256150436e+10
1.166262497705959702e+10
1.250268216375301170e+10
1.338876256642940521e+10
1.434653344297372055e+10
1.537366029262952232e+10
1.646499428706230164e+10
1.763415337672063828e+10
1.890049181026100540e+10
2.023680517299172592e+10
2.166869134326759720e+10
2.322524103991110611e+10
2.488355121918037033e+10
2.666088725863863373e+10
2.857099903921458054e+10
3.062202943179553223e+10
3.281087714016237640e+10
3.517018289844987488e+10
3.769459279273851013e+10
4.040891310789904785e+10
4.332265098080287933e+10
4.643678643953021240e+10
4.977746516835369110e+10
5.335242423711334229e+10
5.719861761266311646e+10
6.129869808428724670e+10
6.570953294093049622e+10
7.044674403907272339e+10
7.549281546477497864e+10
8.094839642996073914e+10
8.673851228353746033e+10
9.294317235902484131e+10
9.969404828913754272e+10
1.068966440128045197e+11
1.146042727800687408e+11
1.228482708376654968e+11
1.317042614484381256e+11
1.411721856001688843e+11
1.513640870861545105e+11
1.623594652045208130e+11
1.739254788551744385e+11
1.864115325928718872e+11
1.998149628365904236e+11
2.141186091539190369e+11
2.296453326080444336e+11
2.465023278400277100e+11
2.643420580843870544e+11
2.834367079178582764e+11
3.040172964332456665e+11
3.259260353033228149e+11
3.495519102967267456e+11
3.748201355507180176e+11
4.018223996049752197e+11
4.305818149108409424e+11
4.614448837051123047e+11
4.945378967653175659e+11
5.299279332961660156e+11
5.679708013264442139e+11
