9.946367716306850904e-01
9.946234329049988832e-01
9.875813196779625880e-01
9.809431374922804592e-01
9.750471338632228369e-01
9.696735823617077532e-01
9.639469667208449000e-01
9.585357149659804454e-01
9.530633194935455021e-01
9.475135767296858358e-01
9.424702664364985605e-01
9.371829035973064936e-01
9.320294005753472222e-01
9.268603324214808037e-01
9.216007329409122706e-01
9.169285101187544251e-01
9.120357663091387401e-01
9.069542781771436912e-01
9.017602526061625490e-01
8.967953255149412328e-01
8.918780066825552355e-01
8.868568335838906691e-01
8.819788502719958512e-01
8.774786571715610384e-01
8.724842108159519549e-01
8.682836389632861973e-01
8.636960502499982928e-01
8.585115356812721421e-01
8.539383156959474697e-01
8.493860217080118069e-01
8.444964639406243867e-01
8.398217696638020646e-01
8.353101091133863232e-01
8.309526963824493961e-01
8.264003414012671689e-01
8.218186339346443825e-01
8.173480214247366149e-01
8.130637295238904994e-01
8.090985297313342262e-01
8.049416490707860250e-01
8.004129348666237931e-01
7.959074801823553535e-01
7.915604279507553187e-01
7.870582160087312706e-01
7.827892431351558544e-01
7.786383324134557027e-01
7.741957713230717131e-01
7.701820069589919715e-01
7.660495885463655119e-01
7.618088248751699876e-01
7.579184412728267040e-01
7.540525424993738124e-01
7.503204081222760724e-01
7.464198352941479042e-01
7.426828908247242733e-01
7.388010231240988990e-01
7.348681596147413897e-01
7.309516483849920476e-01
7.273194926210616584e-01
7.237055771434549589e-01
7.199384873519499850e-01
7.159829476576122786e-01
7.124195119563123679e-01
7.086739763556187954e-01
7.052544933810597216e-01
7.019315806402680602e-01
6.985994072452074155e-01
6.951605593194142285e-01
6.915774617368807275e-01
6.881489494070345270e-01
6.846523793693677362e-01
6.813417499490115326e-01
6.779217152891722220e-01
6.744641434573453997e-01
6.708141751329314006e-01
6.673035599652953342e-01
6.641209044165841124e-01
6.604352804853959036e-01
6.569970413078556337e-01
6.535722265597669889e-01
6.501374987640352598e-01
6.469143716321680282e-01
6.440425068107897832e-01
6.408692314226129838e-01
6.376752122634792297e-01
6.345979939649890600e-01
6.317172239549686541e-01
6.288470584102975325e-01
6.260090943822448351e-01
6.229012989711437687e-01
6.199827322123127038e-01
6.173052769601443668e-01
6.143609802879654858e-01
6.115283062811375236e-01
6.087448202476209991e-01
6.059825834516230358e-01
6.030070872220879563e-01
6.002022452293448440e-01
5.973936193129036898e-01
5.946066826975815456e-01
5.918155647471003977e-01
5.893148243042403145e-01
5.865002342119607359e-01
5.836847930551575248e-01
5.809303002314814002e-01
5.782299179732596217e-01
5.756992471254532839e-01
5.731108656055361461e-01
5.702871486657867806e-01
5.675942502330328931e-01
5.652104308788949982e-01
5.624398904927636611e-01
5.600047042617818382e-01
5.579277865452824114e-01
5.554132762876344831e-01
5.531473995769099483e-01
5.512133961747300859e-01
5.489071466594931392e-01
5.465108214270157916e-01
5.445774360928218316e-01
5.423752626375861752e-01
5.402393124856780249e-01
5.383002690886877772e-01
5.360338281191822096e-01
5.337440683471039726e-01
5.318761145384742761e-01
5.299482850924521760e-01
5.281650341467124532e-01
5.264844134220596494e-01
5.246741028781696237e-01
5.227516529147004931e-01
5.209813506001459427e-01
5.192927788356460628e-01
5.173611457165327998e-01
5.154073161471282027e-01
5.138173612337350038e-01
5.121130351605128750e-01
5.102179122375464226e-01
5.088173169576305499e-01
5.072799046530599432e-01
5.055485225844318364e-01
5.041383198712305891e-01
5.026347234874075642e-01
5.010418374936659314e-01
4.995314967188478894e-01
4.981594645114971187e-01
4.965344942177212229e-01
4.951320906318614212e-01
4.940485167938562516e-01
4.924840054348110785e-01
4.911604594489875075e-01
4.901451394563934305e-01
4.886125026608696964e-01
4.873801569657714161e-01
4.863280288643802574e-01
4.851774434996377616e-01
4.841041574396989788e-01
4.832611342230399010e-01
4.823343938818926979e-01
4.812748354218873703e-01
4.805468480736846404e-01
4.798568138941153305e-01
4.789826176081040665e-01
4.786847088052273436e-01
4.781163967936380987e-01
4.770767223711847582e-01
4.766402068341372700e-01
4.760006114905268038e-01
4.750313371434228826e-01
4.745314727964388690e-01
4.740689909482592723e-01
4.734774893306830656e-01
4.731415239696974973e-01
4.728563614988707808e-01
4.723353034450640808e-01
4.718784800015561887e-01
4.719028040792363488e-01
4.713972025991217119e-01
4.709175764723355084e-01
4.712702015343996909e-01
4.707708647532576896e-01
4.703493043175826505e-01
4.706902163347478352e-01
4.704665463811206205e-01
4.702402232638334678e-01
4.706662347291807325e-01
4.708220301335585556e-01
4.705633374469778141e-01
4.710620894732133190e-01
4.713562198347184817e-01
4.711595134407319252e-01
4.718628911581313479e-01
4.726482209655899491e-01
4.728352732616207810e-01
4.736670531777831816e-01
4.748624165253836904e-01
4.752130004076355330e-01
4.759525752112730990e-01
4.770564515181651699e-01
4.775045724887529430e-01
4.781563285712207012e-01
4.794275840468615324e-01
4.799964241511254781e-01
4.805908917918821355e-01
4.822587941976312909e-01
4.834121744265809095e-01
4.842904202126096513e-01
4.861203379720920315e-01
4.875454218619690305e-01
4.885644027883073726e-01
4.905483334935407669e-01
4.924645148110476933e-01
4.935430049659561558e-01
4.956230631937418862e-01
4.978802097492815437e-01
4.992823044844674207e-01
5.013299733620367737e-01
5.038168618058056492e-01
5.053767823481977173e-01
5.074497053890387743e-01
5.102672609368161805e-01
5.121193752570640800e-01
5.144257080071366062e-01
5.175625417527685013e-01
5.194802151499509080e-01
5.220421036792590730e-01
5.255976525593312187e-01
5.282958316497774476e-01
5.306635645341275520e-01
5.342532197101527158e-01
5.374028517459842336e-01
5.399505765166910942e-01
5.438291994027509846e-01
5.476520872569561327e-01
5.502024882471497902e-01
5.541030363842306405e-01
5.584222514049361763e-01
5.611859731034647414e-01
5.652434774467562928e-01
5.698876565692064800e-01
5.733257302221766993e-01
5.776155181714329734e-01
5.829492669313444120e-01
5.868336471786383957e-01
5.913225560000178183e-01
5.969601237013201223e-01
6.015159549009876372e-01
6.059200949227774302e-01
6.120312228233587559e-01
6.169137507386077690e-01
6.219341854500136657e-01
6.287856181295047309e-01
6.344436048147973350e-01
6.396401262291934176e-01
6.468853276760210269e-01
6.534970539708859771e-01
6.590361623089743270e-01
6.662168587688896970e-01
6.734076205634620393e-01
6.791487412505138321e-01
6.868155331219958359e-01
6.948439912552284436e-01
7.009722991814951731e-01
7.085632672429118539e-01
7.174090910668134979e-01
7.246700575023546920e-01
7.331437513414978957e-01
7.432622144890804750e-01
7.513613662871249099e-01
7.603341676738226695e-01
7.708097660114140437e-01
7.797805904764775198e-01
7.888843153052368384e-01
8.003194041460903740e-01
8.103735759690366969e-01
8.193656071018797782e-01
8.312051044399892952e-01
8.419340085238450344e-01
8.518246479878536226e-01
8.644984786166591828e-01
8.768381374793147165e-01
8.873500142350934095e-01
9.003803436070343391e-01
9.133583552107793491e-01
9.239058692848196586e-01
9.373565319391865547e-01
9.513854674831803138e-01
9.633907272446483594e-01
9.776903798642628818e-01
9.927498486504298114e-01
1.005371943005474611e+00
1.019700924430861910e+00
1.036253462332712871e+00
1.050515719865233066e+00
1.065843572652277249e+00
1.083221479168068990e+00
1.098533446574309069e+00
1.114620984774320478e+00
1.133400977157580369e+00
1.150199600452034288e+00
1.166831887923589717e+00
1.186567451858976607e+00
1.205175839614758715e+00
1.222755038483567702e+00
1.244057935172794060e+00
1.265138151579960457e+00
1.284511138686185161e+00
1.307139892745040610e+00
1.330033263872797411e+00
1.350611193862338411e+00
1.374351066258761911e+00
1.398603657937864231e+00
1.420141117040877088e+00
1.444870516853843823e+00
1.471392958724242916e+00
1.495131538292362450e+00
1.520672044988016225e+00
1.547861705150222145e+00
1.572492305331944396e+00
1.598308168501525017e+00
1.627471335138629405e+00
1.654215085295154486e+00
1.681339343570554146e+00
1.711620285053885970e+00
1.740564922614737942e+00
1.768593258276731417e+00
1.801750945260940151e+00
1.833854999311751888e+00
1.865249139896463237e+00
1.899882776619115088e+00
1.933834844406906672e+00
1.966140927239140135e+00
2.003697917905663761e+00
2.042621483184565712e+00
2.078671851365935908e+00
2.117894135863615190e+00
2.158884505714084856e+00
2.194863844210653614e+00
2.235587924724494080e+00
2.279731692186226510e+00
2.319882025682065585e+00
2.362834203126841004e+00
2.408049935452024393e+00
2.452407664079853333e+00
2.496674930111384860e+00
2.543502827657961429e+00
2.590803200152857588e+00
2.637809168445146568e+00
2.691287344902455470e+00
2.743146967583881324e+00
2.795341294817570876e+00
2.851749523065985503e+00
2.907159418862167666e+00
2.961124211854213151e+00
3.019764809213317136e+00
3.078961794861784895e+00
3.136080258322021752e+00
3.199998714900786023e+00
3.262677150793037661e+00
3.319815454729925452e+00
3.385433692124114824e+00
3.453043225450469933e+00
3.515304554385483282e+00
3.583488480905637097e+00
3.656848014642807954e+00
3.726400651434155442e+00
3.799112755458211144e+00
3.876578255101992276e+00
3.948612802826001023e+00
4.020487885531128569e+00
4.100040557290583365e+00
4.180499682773071157e+00
4.258534728751701692e+00
4.342976452782822960e+00
4.426279453518962903e+00
4.508479748569468093e+00
4.595516340147572265e+00
4.685239503969877539e+00
4.773601196242402089e+00
4.870287542117371693e+00
4.969491983920190314e+00
5.063355456968889889e+00
5.169753058789461342e+00
5.278078983713909267e+00
5.377985727443146402e+00
5.487356223310103864e+00
5.600764970904068107e+00
5.708775852017005548e+00
5.822723229500997633e+00
5.947581402567869269e+00
6.067276038985909281e+00
6.190626331336264165e+00
6.323043182888250513e+00
6.451961565683546951e+00
6.580347465143680630e+00
6.717962309504429186e+00
6.852711738406710218e+00
6.987122754431642768e+00
7.131023037575294765e+00
7.277819111091740290e+00
7.420899455791822419e+00
7.580105800252832537e+00
7.734043766113393836e+00
7.885896119868068155e+00
8.047152498234259710e+00
8.213108468445467381e+00
8.378334284741479010e+00
8.556144903696262460e+00
8.740177948540519992e+00
8.917037672088124367e+00
9.102325645269377929e+00
9.294412867036577097e+00
9.480630134429379297e+00
9.670594008648290441e+00
9.874001027708533940e+00
1.007132859816290882e+01
1.027351606279057705e+01
1.049835878561154701e+01
1.072112870823842634e+01
1.094720756798438011e+01
1.118645906294374726e+01
1.143054408114975296e+01
1.166558957379869277e+01
1.191523633855387132e+01
1.216768801769103625e+01
1.240946411559435525e+01
1.267425142542933614e+01
1.294354297097054207e+01
1.320162429107660351e+01
1.348054409000703835e+01
1.376395956219140260e+01
1.404541397481872700e+01
1.433816572847474724e+01
1.464266329777442621e+01
1.494059302989648685e+01
1.524951303759592491e+01
1.557489006793515429e+01
1.589252332000373436e+01
1.622416961240885769e+01
1.657731098399970904e+01
1.692470913819828482e+01
1.727596150001206965e+01
1.763720800869926109e+01
1.800234222154723440e+01
1.836710166172309044e+01
1.875562754612685978e+01
1.914545846623930458e+01
1.953336166891947201e+01
1.995778139675798712e+01
2.037252302227485501e+01
2.078070318570607355e+01
2.122550180738662107e+01
2.168732901379538802e+01
2.213063520432040931e+01
2.260971670721295368e+01
2.310072951296591981e+01
2.357678567296484928e+01
2.406457994583659143e+01
2.457148926592478588e+01
2.506457277897019864e+01
2.560182209836504796e+01
2.614863789988741516e+01
2.667910460439081888e+01
2.722425475387672122e+01
2.780593413926407820e+01
2.835886472251707247e+01
2.892269307573205595e+01
2.954403342793489529e+01
3.015033333507383162e+01
3.076689433955422359e+01
3.144793371847197250e+01
3.211683930679267007e+01
3.278389925906041924e+01
3.350794532288432492e+01
3.423901662722570904e+01
3.497590644722603059e+01
3.573599872533858246e+01
3.650906646884437379e+01
3.727892246493405537e+01
3.808019199166326985e+01
3.889327829113163659e+01
3.972295738038423707e+01
4.058159176120514644e+01
4.147937053061684765e+01
4.234710069044827208e+01
4.327899649256512760e+01
4.422808194149597938e+01
4.518673754387442187e+01
4.615427003373862647e+01
4.714092178623333496e+01
4.815262881374312798e+01
4.918476217822472307e+01
5.025149039545932084e+01
5.134195642041265017e+01
5.241912565445843342e+01
5.357842974119747481e+01
5.471474493664180017e+01
5.586413271619280607e+01
5.710097876851146736e+01
5.837343298818054649e+01
5.961838233498530570e+01
6.093202085598569795e+01
6.227216369136636587e+01
6.362060013648883228e+01
6.503611765235832820e+01
6.646983069853840220e+01
6.783442801458896554e+01
6.931124264091552334e+01
7.082811632818504677e+01
7.231861892008036818e+01
7.383657676537407610e+01
7.541709321557910073e+01
7.704639402060502107e+01
7.869933804196234917e+01
8.042508349903563669e+01
8.217868637627522332e+01
8.390050084773812955e+01
8.559448785145080763e+01
8.743833244345943001e+01
8.928201441293830953e+01
9.119562478337297762e+01
9.317970391204833902e+01
9.515490217599719358e+01
9.723875283548538562e+01
9.938276760590954950e+01
1.015401875789292063e+02
1.037568834417906345e+02
1.060582266114557797e+02
1.083610931925390730e+02
1.107630529137422144e+02
1.131878916391349605e+02
1.156018037889833749e+02
1.180488792327765566e+02
1.206160354145557108e+02
1.232963313648789807e+02
1.260201592155335391e+02
1.287950259114613800e+02
1.315417506934404912e+02
1.344390764347683387e+02
1.374615588600346712e+02
1.404377791962648985e+02
1.434558111662495321e+02
1.466084033939979463e+02
1.498899072273857485e+02
1.531895743961544269e+02
1.567071523170516230e+02
1.602074490865582277e+02
1.637088264084122500e+02
1.675507816063420989e+02
1.712281399351197706e+02
1.747448217540157032e+02
1.785681603527043819e+02
1.825342609313759681e+02
1.864773645458492695e+02
1.904565262037089610e+02
1.945626385715641220e+02
1.986029315053922630e+02
2.028146220557011077e+02
2.073195736442689565e+02
2.116792370095918727e+02
2.162432936586710639e+02
2.211855540053709888e+02
2.259784099017849144e+02
2.309149677402122336e+02
2.360096233625115758e+02
2.410748891864573409e+02
2.460309477933901974e+02
2.512782487238272040e+02
2.565698994095152443e+02
2.619371130452680063e+02
2.678612295832866721e+02
2.739053822065656050e+02
2.797692472000090902e+02
2.859540088964303663e+02
2.922665933219060435e+02
2.983164580577197285e+02
3.049884715873620280e+02
3.116502007047990901e+02
3.183994855154779771e+02
3.250391799883662429e+02
3.321112976314921070e+02
3.394765036955066648e+02
3.464935491553894167e+02
3.537166975568741805e+02
3.614704921304517597e+02
3.690671157916028164e+02
3.770143942711677596e+02
3.852907522154414437e+02
3.934026656256272645e+02
4.018598596256443898e+02
4.106042204454623743e+02
4.192812193236566713e+02
4.286631680967642524e+02
4.380156130375921180e+02
4.472741139075362184e+02
4.571799779979368168e+02
4.670875342829075976e+02
4.768438714305340795e+02
4.872519011062242384e+02
4.981381890084235806e+02
5.087338586060240004e+02
5.196333070264965954e+02
5.311677520600753724e+02
5.427127776006267368e+02
5.542683213420449420e+02
5.660159218621730588e+02
5.779378919923327658e+02
5.902328191206020165e+02
6.032648553266853924e+02
6.164249696769153388e+02
6.299132265904660244e+02
6.441651800239342265e+02
6.586895897050346775e+02
6.732203388864470526e+02
6.882943330089968867e+02
7.041143102276155332e+02
7.193938897526355731e+02
7.352641661239954374e+02
7.519378832166713664e+02
7.684725359182236843e+02
7.859300047313494133e+02
8.040093719244960084e+02
8.212637874607880804e+02
8.389635204738369794e+02
8.575434754929442533e+02
8.759615140476422539e+02
8.956640318707437700e+02
9.155909410799154102e+02
9.350456349217431580e+02
9.558493565129397211e+02
9.772483802274126674e+02
9.984584018881682823e+02
1.020109205649263572e+03
1.042785883183144961e+03
1.065286184731205822e+03
1.088927047517796154e+03
1.114087791911143995e+03
1.138990826861577489e+03
1.163311582656288238e+03
1.188056507885601377e+03
1.214050846755897510e+03
1.239014735159476686e+03
1.266105632653549947e+03
1.294388508300597323e+03
1.321772161793765235e+03
1.349877038862624659e+03
1.378768692111640348e+03
1.406751504761532487e+03
1.437259077074778133e+03
1.468389169498906995e+03
1.498217466227404429e+03
1.531169652959624500e+03
1.565756552490194281e+03
1.599905837669338553e+03
1.634625625642211389e+03
1.671893700986048771e+03
1.708963162751683512e+03
1.746847305934787983e+03
1.787127243839522635e+03
1.827498637229035694e+03
1.868208569602570378e+03
1.911023167601381829e+03
1.954370957722359208e+03
1.997271804524667004e+03
2.041368002660288312e+03
2.086752158631615657e+03
2.131653031760072281e+03
2.178201631568347693e+03
2.226767772559603600e+03
2.275263358801235427e+03
2.328451389667488002e+03
2.381611745800334120e+03
2.433266288099555368e+03
2.486333829669185889e+03
2.542072188960574294e+03
2.598423889140085066e+03
2.655059797911322676e+03
2.716154414846228974e+03
2.776656788431046607e+03
2.838157869711660169e+03
2.903685108428491731e+03
2.965557768618019054e+03
3.031392881452181882e+03
3.100962491753941322e+03
3.169415314693044820e+03
3.239272058119871872e+03
3.313542281353520593e+03
3.384262500641063980e+03
3.457169260235657475e+03
3.533706334935740415e+03
3.614023857069083533e+03
3.693948452060622003e+03
3.777446790528679230e+03
3.863946100158676472e+03
3.949835720671745094e+03
4.040967530409350729e+03
4.134143175486443397e+03
4.226363018778460173e+03
4.326354098848453759e+03
4.427462242800431341e+03
4.530651399150515317e+03
4.634747150626139046e+03
4.742753808799332546e+03
4.849534116020107831e+03
4.957692425885825287e+03
5.068636865692982610e+03
5.183186799524652997e+03
5.291757528070303124e+03
5.400961925963616522e+03
5.519824978019280934e+03
5.634094653837987607e+03
5.751196636426395344e+03
5.873849451383093765e+03
6.000849226236933646e+03
6.137538225028299166e+03
6.275889728446633853e+03
6.411561870469963651e+03
6.555532443943973703e+03
6.700212836355007312e+03
6.839460591862683941e+03
6.989498809373256336e+03
7.144085690447796878e+03
7.300217720996095522e+03
7.454095848715982356e+03
7.618502940448991467e+03
7.784607560746953823e+03
7.945071265507031057e+03
8.117246773005969771e+03
8.295298486906209291e+03
8.476887176866304799e+03
8.665931204781407359e+03
8.854336033954932645e+03
9.045292736431489175e+03
9.247116607308316816e+03
9.457895475314833675e+03
9.668389653148580692e+03
9.890829123926398097e+03
1.011130751764934757e+04
1.033543601115729871e+04
1.057229263134971188e+04
1.080607759071159671e+04
1.104282291615964459e+04
1.130438469577151591e+04
1.156526114340770437e+04
1.181468915544680749e+04
1.206373130344618039e+04
1.232669644723133206e+04
1.259058842413891398e+04
1.286064103599146620e+04
1.315075847363605681e+04
1.344552200653820182e+04
1.373379299431824438e+04
1.404326550762002989e+04
1.435208476702267762e+04
1.466523888312777308e+04
1.499414176329150905e+04
1.532728493256723777e+04
1.566230094413543156e+04
1.600209147610593936e+04
1.635837718848941040e+04
1.669721801485929609e+04
1.705942015303195512e+04
1.745744150704732238e+04
1.784280111110235157e+04
1.823943243232945315e+04
1.862884062475569954e+04
1.901485139427818649e+04
1.943574506956721598e+04
1.986926103491733738e+04
2.029675961522125726e+04
2.074660442889386104e+04
2.120931001701954301e+04
2.167408159492850609e+04
2.215208404220849479e+04
2.264840141120666158e+04
2.313714656570133593e+04
2.363682247607354293e+04
2.416493063400554092e+04
2.469300092574614973e+04
2.523064646448125131e+04
2.579743599419493694e+04
2.633331699156751347e+04
2.688885221413397812e+04
2.748374264895484521e+04
2.806725250382496597e+04
2.867477594477527600e+04
2.933485068598667567e+04
2.998175103668134034e+04
3.063630685160088615e+04
3.133556624623817333e+04
3.204532739889013465e+04
3.276346892118141477e+04
3.351913147269639740e+04
3.428251750521642680e+04
3.502938780749403668e+04
3.579914570842061221e+04
3.659250563981891901e+04
3.736411300535552436e+04
3.818053263485658681e+04
3.903426011594546435e+04
3.988104470225307159e+04
4.072767772010120098e+04
4.162308802851854125e+04
4.255290638437143207e+04
4.347770401936248527e+04
4.446699461442988104e+04
4.547811938816083421e+04
4.648068126287574705e+04
4.753076883450208697e+04
4.859844732033020409e+04
4.963219846656026493e+04
5.072356772816279408e+04
5.186963186409645277e+04
5.301835852525528026e+04
5.421641329343026155e+04
5.543049034977178235e+04
5.659898841555765830e+04
5.781466243154522817e+04
5.910932835262607841e+04
6.040890324370872258e+04
6.175240367583463376e+04
6.315872684320381813e+04
6.451595885416315286e+04
6.593868668020638870e+04
6.741531476441559789e+04
6.888809015368203109e+04
7.043941883450302703e+04
7.206950012465738109e+04
7.362098067543315119e+04
7.525831857211617171e+04
7.695445446625295153e+04
7.867314228979045583e+04
8.039764770806615707e+04
8.225050726283826225e+04
8.412362077641145152e+04
8.600596458736360364e+04
8.799358438262224081e+04
9.002964111631142441e+04
9.201969677834460163e+04
9.406121788886449940e+04
9.623394425970820885e+04
9.836795712704627658e+04
1.006335239513415581e+05
1.028698294466264779e+05
1.050890514796269417e+05
1.074306482875902584e+05
1.098110504213146924e+05
1.122579565392937511e+05
1.147253688890215126e+05
1.173638894993089634e+05
1.200448520468119677e+05
1.226880218543530063e+05
1.254422873838343949e+05
1.281764240738644003e+05
1.309371303782606701e+05
1.339136395869154658e+05
1.369195983952247188e+05
1.399059197582060297e+05
1.430526583101386786e+05
1.463389893768842740e+05
1.495566059158735152e+05
1.530400237863021030e+05
1.565282546929019445e+05
1.600187612398178899e+05
1.636547596147730073e+05
1.673061863677821530e+05
1.709203206716798886e+05
1.747665100994486420e+05
1.787283471884134342e+05
1.826352243797173142e+05
1.867618745405079389e+05
1.910049428527984128e+05
1.951065971973982523e+05
1.994200636244111811e+05
2.039232147404548305e+05
2.082765413695246680e+05
2.126169806743453955e+05
2.173450489060196269e+05
2.222215033461058338e+05
2.271059524764239904e+05
2.322014304305380792e+05
2.374306586541135039e+05
2.425536346400207840e+05
2.478495915887306037e+05
2.533744963690357981e+05
2.588239706872752286e+05
2.644789486076781759e+05
2.704056812268965296e+05
2.761433395969885169e+05
2.820104798144806991e+05
2.881710380195956095e+05
2.941773433917332441e+05
3.004437383066805778e+05
3.072666132411046419e+05
3.139565175894810818e+05
3.209659929386735312e+05
3.282354808142197435e+05
3.354836142967614578e+05
3.428185832003453979e+05
3.506403633946265909e+05
3.585845393933305168e+05
3.658018548087385134e+05
3.739596957435848308e+05
3.824262637149507646e+05
3.910871782348090201e+05
4.001194698765318608e+05
4.092409230523339356e+05
4.181068806898703915e+05
4.277166029982399778e+05
4.373572448752462515e+05
4.471744461518591852e+05
4.574804157000412815e+05
4.681636842370125814e+05
4.786896109174829908e+05
4.896281428464205819e+05
5.009444296707041212e+05
5.117469225885678898e+05
5.225563952679678332e+05
5.342000620545349084e+05
5.460485202590107219e+05
5.584324388987923739e+05
5.710785880442392081e+05
5.835956356000048108e+05
5.966164261001101695e+05
6.103943350792677375e+05
6.241666910829973640e+05
6.379313107535846066e+05
6.529138635202111909e+05
6.676101879385772627e+05
6.822668714640269754e+05
6.975436855027724523e+05
7.130320276814766694e+05
7.284370412481157109e+05
7.449125428326983238e+05
7.617121279330861289e+05
7.781714422635866795e+05
7.954284360847023781e+05
8.140025428124860628e+05
8.320550985854904866e+05
8.504312622856006492e+05
8.697615661340900697e+05
8.889768896087583853e+05
9.082953147398647852e+05
9.286374524194058031e+05
9.488908983782844152e+05
9.698332035974267637e+05
9.915931493880769704e+05
1.013114249183200998e+06
1.035775767788224155e+06
1.058983887836367358e+06
1.082555605050765211e+06
1.104766258643934503e+06
1.128207848697819747e+06
1.153550953664961737e+06
1.177742053909502458e+06
1.202773084955321625e+06
1.228709443715871312e+06
1.255511507723499322e+06
1.283613551058521727e+06
1.310501624762850348e+06
1.338975248384683626e+06
1.367684576163996011e+06
1.397439370039888890e+06
1.427101424311538925e+06
1.458375317959830398e+06
1.491250692073649028e+06
1.523793236048537306e+06
1.556601237608860247e+06
1.592120156456090277e+06
1.628064694772709394e+06
1.664282183653644286e+06
1.701369634012819733e+06
1.739166021740861703e+06
1.776169244026664877e+06
1.815384483242398361e+06
1.855722289110584883e+06
1.895050071024603909e+06
1.937912886089317733e+06
1.981818520920715062e+06
2.024915006477134768e+06
2.070327637802086771e+06
2.116725270052498672e+06
2.163681985916433390e+06
2.213601898575872649e+06
2.264328932493750937e+06
2.313815664166730829e+06
2.367032654502447229e+06
2.421601392341810744e+06
2.474498147525600158e+06
2.528885925948678516e+06
2.586327507818018086e+06
2.643185475923646241e+06
2.702898773229782470e+06
2.764684546394443139e+06
2.827064084350788500e+06
2.888763729917877819e+06
2.955228842746158596e+06
3.021653282957000192e+06
3.087413973987626843e+06
3.156193027162561193e+06
3.224942862167455722e+06
3.293834298169568647e+06
3.365768852234087884e+06
3.440207008827834856e+06
3.514316310192923527e+06
3.591835564989858773e+06
3.670154565874199849e+06
3.748975658392419107e+06
3.831321980563655496e+06
3.918388295703317039e+06
4.000859847702533472e+06
4.083711060607145075e+06
4.176027035023976583e+06
4.266824891855047084e+06
4.360685874445313588e+06
4.457383147276625969e+06
4.552027754929907620e+06
4.653573902627912350e+06
4.757588942710062489e+06
4.861220391572560184e+06
4.962060748072036542e+06
5.070808173085166141e+06
5.178681352648307569e+06
5.292561300111375749e+06
5.413434444357237779e+06
5.528062838811879046e+06
5.645471034113291651e+06
5.773813505014784634e+06
5.901976325686152093e+06
6.030262911820854992e+06
6.166569309762882069e+06
6.306165944812000729e+06
6.444121116897083819e+06
6.588388421384222806e+06
6.738088523275419138e+06
6.889187966729233973e+06
7.045180077543456107e+06
7.208854814401941374e+06
7.367761926744231023e+06
7.530754184994818643e+06
7.696919760541848838e+06
7.861273208923714235e+06
8.027080549830280244e+06
8.205281398227751255e+06
8.384371627091475762e+06
8.565727269313763827e+06
8.760492532437972724e+06
8.960114332125846297e+06
9.162307823363209143e+06
9.374000681600147858e+06
9.579558068427905440e+06
9.788217906863423064e+06
1.000050880133370310e+07
1.020680481247852370e+07
1.041942005921753868e+07
1.064828247368734702e+07
1.088426425745888427e+07
1.111596328741702810e+07
1.135223846782953292e+07
1.159654105812908337e+07
1.184005932860180549e+07
1.208669712657347694e+07
1.235903750214853697e+07
1.263052707821878418e+07
1.291506567622851767e+07
1.320831118708187342e+07
1.350562644379519299e+07
1.380523054838533141e+07
1.411536574851392582e+07
1.443305737455387786e+07
1.476032345791654289e+07
1.510122492424514517e+07
1.543666237655317970e+07
1.577980381106022745e+07
1.614681427325655334e+07
1.651124366297856718e+07
1.687233817254208773e+07
1.724532198568621278e+07
1.764184588147790730e+07
1.803870547922169417e+07
1.845378828107666969e+07
1.886491076841241866e+07
1.927270698027887195e+07
1.970090180480689183e+07
2.014665222780629620e+07
2.056981390781139955e+07
2.100140380359191075e+07
2.146614592901358381e+07
2.193044327098651975e+07
2.242640353025091067e+07
2.293621024994270504e+07
2.343089206842473894e+07
2.394770292559653148e+07
2.449077402938688919e+07
2.503009464681493491e+07
2.558271607506406307e+07
2.615281445142447948e+07
2.674018362075008452e+07
2.731309477644694969e+07
2.791385606308877096e+07
2.853327093263816088e+07
2.916365184647265077e+07
2.982038035418679193e+07
3.047759942315560579e+07
3.115139906796759367e+07
3.185445589378602058e+07
3.256500381771343946e+07
3.325934939730098099e+07
3.403311601333004981e+07
3.480507164347136766e+07
3.554533998098461330e+07
3.634544655618035793e+07
3.717659541138824821e+07
3.798398669792775810e+07
3.884786845617662370e+07
3.971075918332205713e+07
4.055055896807663888e+07
4.145486366115517914e+07
4.236900060385334492e+07
4.328318709641166776e+07
4.419506585443275422e+07
4.516093721571974456e+07
4.616253940679569542e+07
4.718486309771100432e+07
4.825479044216264784e+07
4.933172619222399592e+07
5.038951668293091655e+07
5.150533744508167356e+07
5.264227990196023881e+07
5.377088559229310602e+07
5.499424507028257847e+07
5.621064089350693673e+07
5.745621281583660841e+07
5.878220682494889200e+07
6.010874069171911478e+07
6.144495526882407069e+07
6.278723892746514082e+07
6.419749982858012617e+07
6.557263350806459785e+07
6.701951348070612550e+07
6.847676418834845722e+07
6.993153413297396898e+07
7.149209527097263932e+07
7.311263415930494666e+07
7.475368066939555109e+07
7.641017553008134663e+07
7.811652070195291936e+07
7.985567406571559608e+07
8.158092901450948417e+07
8.342726335331729054e+07
8.531710406899580359e+07
8.722587275920304656e+07
8.922304082438208163e+07
9.121751743730543554e+07
9.316341207725125551e+07
9.521164453054443002e+07
9.733136862845522165e+07
9.943422437021079659e+07
1.015306354506372660e+08
1.038224859245739728e+08
1.060633660301748812e+08
1.083972324398562908e+08
1.108365470072403252e+08
1.132218222996347249e+08
1.155645258409247994e+08
1.180847677110163718e+08
1.205953000855246931e+08
1.232688473150040358e+08
1.260533108662606180e+08
1.288696975299455225e+08
1.317383452311582714e+08
1.347396607723401487e+08
1.377475653593875766e+08
1.406812223745750487e+08
1.437895309662543833e+08
1.469802829417704940e+08
1.501924223859606981e+08
1.535561036993370652e+08
1.568805262134090960e+08
1.602975193000730574e+08
1.638276137624154389e+08
1.674798388798342645e+08
1.711202482966876328e+08
1.748681156154578030e+08
1.788288807295210660e+08
1.827189575409660041e+08
1.866211545346996188e+08
1.907344908194090128e+08
1.949347141692717671e+08
1.993312561931617558e+08
2.037851602078634501e+08
2.082363901970925629e+08
2.126522312030779421e+08
2.173060949847431779e+08
2.219312646345157921e+08
2.264483105560552180e+08
2.313718903515208960e+08
2.364144958222767115e+08
2.413052531942901015e+08
2.465581375204947591e+08
2.521916022844742537e+08
2.577207921376754940e+08
2.633640096912279129e+08
