9.983083306044260308e-01
9.983142299649857554e-01
9.953369298092247242e-01
9.926435196380769543e-01
9.900762070389321767e-01
9.875873220266793151e-01
9.851452878642611433e-01
9.827203232895985741e-01
9.803672210396614517e-01
9.782576388052288685e-01
9.762026256525271339e-01
9.738985423477579673e-01
9.717279892702811450e-01
9.696699321975720265e-01
9.673529913384844026e-01
9.653564608919197321e-01
9.630943491003335355e-01
9.608756179366281236e-01
9.587848053200889176e-01
9.566793804338068474e-01
9.546025315009671885e-01
9.526351121720183501e-01
9.507409063665880344e-01
9.488604363432699973e-01
9.468394454176757291e-01
9.448921537636255641e-01
9.427245118123931400e-01
9.406416639765231569e-01
9.385796634981499187e-01
9.365121975599428605e-01
9.345787717630962277e-01
9.326246875059959196e-01
9.305761495640961778e-01
9.285098096263197931e-01
9.264665355465485641e-01
9.244065180799049264e-01
9.223856670297476690e-01
9.204765167032946671e-01
9.185252937317515132e-01
9.165908433012345258e-01
9.146520153698645128e-01
9.126525513422915070e-01
9.108126490365007211e-01
9.087489178275275359e-01
9.068595251957101144e-01
9.048679250678002273e-01
9.029103106495623976e-01
9.010860597894141399e-01
8.991743137319910817e-01
8.972597234151920009e-01
8.954861546675587647e-01
8.937758286626221738e-01
8.919519308130934299e-01
8.900251605952437250e-01
8.881570971043958318e-01
8.862563628798567628e-01
8.844626540022058059e-01
8.827195317735543334e-01
8.807500831971576405e-01
8.789426837778562263e-01
8.769798272913617021e-01
8.751069376775395536e-01
8.733168870762229030e-01
8.715227089228400059e-01
8.697652005043721157e-01
8.680823855679645762e-01
8.662489554072774212e-01
8.645648139098287555e-01
8.629256011321937425e-01
8.611842903785447145e-01
8.595144849906636297e-01
8.579428290438377847e-01
8.561547940163880543e-01
8.544179880311597586e-01
8.527074969212529165e-01
8.509368774135736002e-01
8.492416195965885040e-01
8.475572542650124941e-01
8.458727484494430460e-01
8.442681794694496533e-01
8.425839830410793985e-01
8.408830687683676031e-01
8.392264018389534730e-01
8.375685590595183250e-01
8.360636382494395225e-01
8.346059201433821961e-01
8.329825581586975947e-01
8.314615100989786178e-01
8.299393894357154355e-01
8.282653515617796058e-01
8.267199749318113744e-01
8.251374125792726444e-01
8.234629644069904053e-01
8.219240031543452174e-01
8.203640370537701454e-01
8.188706401297360937e-01
8.173793686983733542e-01
8.158710956421051375e-01
8.144310117812516570e-01
8.130420330568276510e-01
8.116498763559603091e-01
8.101825627206019620e-01
8.088982338180472631e-01
8.074584469811459941e-01
8.059786296271802541e-01
8.046238156620837412e-01
8.033753699656885905e-01
8.019554415283906001e-01
8.005783958657564092e-01
7.993364371862191620e-01
7.979807677239252328e-01
7.965946467022254618e-01
7.954370259804395271e-01
7.941882274358719185e-01
7.928816620888506916e-01
7.917396962195483168e-01
7.905945547939939866e-01
7.894964509950853637e-01
7.883317805583370808e-01
7.871181287147284156e-01
7.857744311004088988e-01
7.846806399168250179e-01
7.835974521408106686e-01
7.823924231105602312e-01
7.813658460810680717e-01
7.803993413255838618e-01
7.792288623909816581e-01
7.782635109045661359e-01
7.773431628948306304e-01
7.761476082614382488e-01
7.752069145548785567e-01
7.743467065897050583e-01
7.733136733748781078e-01
7.723647245063979261e-01
7.715401025395709489e-01
7.705580429966996103e-01
7.695510249443742179e-01
7.686424468563761714e-01
7.677268551252699469e-01
7.668588535429510245e-01
7.660523199362200275e-01
7.651639722714933534e-01
7.644188176261538237e-01
7.635336231822658082e-01
7.625618273149298298e-01
7.618029511265482778e-01
7.611176473055620839e-01
7.603463829123520146e-01
7.595574326382906749e-01
7.587229409524983703e-01
7.580183638100072008e-01
7.573116052708903645e-01
7.566804278030349051e-01
7.560741932076938676e-01
7.554304088857077826e-01
7.550174513088652173e-01
7.545971590268079066e-01
7.539625812013691641e-01
7.534973524861141581e-01
7.530658399749828869e-01
7.525258256411611058e-01
7.520751562729210971e-01
7.517776088176695293e-01
7.514054002615013772e-01
7.512330457688519703e-01
7.510595273394744531e-01
7.507954489925131591e-01
7.506949926378838622e-01
7.506882359157249773e-01
7.505019832245647393e-01
7.502444964913290715e-01
7.502459649967779809e-01
7.502372398781449458e-01
7.501833066911868242e-01
7.501999038082857174e-01
7.503234999162272656e-01
7.503121784265786021e-01
7.504021609802085102e-01
7.506368471817640442e-01
7.507787797512747163e-01
7.510039621636334095e-01
7.512228107104468311e-01
7.514659766404746533e-01
7.517958834942013446e-01
7.522539105684959981e-01
7.525452841448934116e-01
7.529429954745650022e-01
7.534101911889435899e-01
7.539543344909369615e-01
7.545012092233901457e-01
7.550799468392719316e-01
7.558597231090338209e-01
7.564923660952698192e-01
7.571393716429686283e-01
7.580041216374481250e-01
7.588360420973299103e-01
7.596984385628330338e-01
7.607160847958699401e-01
7.617526934786920112e-01
7.626338805438459545e-01
7.636582399494230566e-01
7.647096744624221065e-01
7.658194105742327507e-01
7.669199239011005309e-01
7.683740266691638787e-01
7.699482235117700579e-01
7.714558978276412349e-01
7.731066847268539544e-01
7.746591819920745081e-01
7.761546021756769997e-01
7.778116211060445151e-01
7.796644930262813800e-01
7.813649865782691384e-01
7.833412915994788506e-01
7.855035458910684110e-01
7.875807315589564706e-01
7.898101081223608544e-01
7.922204384355850948e-01
7.945343428079862935e-01
7.969292353430513787e-01
7.995445182227438607e-01
8.021518978592453442e-01
8.047472370357265925e-01
8.076290376877559574e-01
8.105404865485580368e-01
8.133763721402244018e-01
8.164360249576581019e-01
8.195710369960922392e-01
8.225960621658334748e-01
8.260508044777061798e-01
8.296050807843965424e-01
8.329049174749013629e-01
8.367642367257906999e-01
8.406002037259420190e-01
8.442949956870140493e-01
8.484718297815984078e-01
8.528010787969999562e-01
8.570359210080156220e-01
8.616790876288986656e-01
8.665507167718146109e-01
8.711063437624475547e-01
8.758277688749366297e-01
8.810322131025825065e-01
8.859134589576350693e-01
8.910005872688174788e-01
8.967622496989341441e-01
9.021799191818575814e-01
9.075737127673582094e-01
9.135829878747905308e-01
9.194782845758715517e-01
9.255229212719892073e-01
9.321807756283343460e-01
9.386273601860254390e-01
9.451251779311219403e-01
9.523580535402869085e-01
9.595871065275410894e-01
9.665389976879473766e-01
9.742681288971557496e-01
9.821826910129712873e-01
9.898938117826616701e-01
9.982888316599325407e-01
1.006800494640358368e+00
1.014859242831897879e+00
1.023500405339342612e+00
1.032760108701283874e+00
1.041745160627888911e+00
1.051332466653193798e+00
1.061485431849209293e+00
1.071393383888157746e+00
1.081729779203078889e+00
1.092973147880628826e+00
1.103924609140432445e+00
1.114957190985219393e+00
1.127208465185594477e+00
1.139017524292929906e+00
1.150459147037020013e+00
1.163455359068366501e+00
1.176469692186002280e+00
1.189076555732353935e+00
1.203040759346651445e+00
1.217218555713977857e+00
1.230605834932555931e+00
1.245507369576283496e+00
1.260586986941127696e+00
1.275003634235906347e+00
1.290949750683508590e+00
1.307416869341803345e+00
1.323162968694133079e+00
1.340004676566948660e+00
1.358385005713599325e+00
1.375201676286551766e+00
1.393268232054899025e+00
1.413022299024637718e+00
1.431724037029959762e+00
1.451167929959556346e+00
1.472466138375853939e+00
1.492789697866966359e+00
1.513476830990575950e+00
1.535897000874010265e+00
1.557981632331035149e+00
1.579785911530713349e+00
1.603680849678784881e+00
1.627782664765914822e+00
1.651224532500347397e+00
1.677460891010164046e+00
1.703835347785837673e+00
1.729056975935898910e+00
1.756907458483856876e+00
1.785338955233289671e+00
1.812574358652937700e+00
1.842458020887579373e+00
1.873871475077223847e+00
1.903512286557935473e+00
1.935285462511891152e+00
1.969325725738019450e+00
2.000985558518522112e+00
2.034301811704316787e+00
2.070972399986892754e+00
2.106278755877062370e+00
2.142260151487819453e+00
2.181485233889039144e+00
2.219379954944101119e+00
2.256749355405615276e+00
2.298165424609189156e+00
2.339449739371686210e+00
2.379194147625741440e+00
2.424016046308605343e+00
2.468614428615881984e+00
2.511210466013706011e+00
2.559059473525062245e+00
2.607780916994340448e+00
2.654505939319101060e+00
2.705491487024942021e+00
2.758558890760722360e+00
2.809030002754872246e+00
2.862731736699945628e+00
2.919957835617903896e+00
2.973530855937183581e+00
3.030320887287516918e+00
3.092284547420558027e+00
3.152069243465648540e+00
3.214371834660074700e+00
3.280955495612969397e+00
3.346058940997035602e+00
3.412138374798538543e+00
3.484421807555308170e+00
3.554514119836692743e+00
3.624714764167256131e+00
3.701761396374549040e+00
3.778223946178888681e+00
3.854267387598668382e+00
3.936360462162419527e+00
4.019034039773014655e+00
4.100830141066333923e+00
4.188991461841677477e+00
4.279547088644176434e+00
4.368068677638591524e+00
4.462427315843442877e+00
4.561052000916959059e+00
4.656172270652476186e+00
4.757908270515113003e+00
4.865498137757568564e+00
4.969450993225236424e+00
5.076549320136614973e+00
5.189690705166624340e+00
5.300615903072455559e+00
5.413305258139735621e+00
5.536806750100920382e+00
5.657859731580730411e+00
5.778368335678332635e+00
5.909198373272238847e+00
6.040510822492362486e+00
6.170543078414855387e+00
6.311309111949637618e+00
6.454110203817814195e+00
6.593957368312033829e+00
6.743821006270371399e+00
6.897994239214327195e+00
7.049392927288344879e+00
7.211172246810903630e+00
7.378787262595831287e+00
7.542938223888431715e+00
7.716852726393435447e+00
7.899339695959211483e+00
8.075366832674742312e+00
8.260340902901202043e+00
8.455720208427660367e+00
8.646300263481036197e+00
8.842348651537598414e+00
9.055115467126148232e+00
9.263715187431547093e+00
9.476137012604384680e+00
9.704959144716674757e+00
9.931345338252594246e+00
1.015419829493727200e+01
1.039821371826873531e+01
1.064491754780367572e+01
1.088895258566942026e+01
1.114936273058290261e+01
1.141608432964470943e+01
1.168119408739953613e+01
1.195869436621457993e+01
1.224451761801724281e+01
1.253023894382027947e+01
1.282188013347072264e+01
1.312840011712285815e+01
1.343374129611218315e+01
1.374960023036681633e+01
1.408616077714552972e+01
1.441823693013173369e+01
1.476080462037048768e+01
1.512135369600976098e+01
1.548119773998769233e+01
1.584648540722108301e+01
1.623369332772357865e+01
1.662249218877595425e+01
1.701527672458540863e+01
1.743189650344818276e+01
1.785691252262410700e+01
1.827806445614844577e+01
1.872067601177287699e+01
1.917455709693136612e+01
1.962374120759082530e+01
2.010332247311283638e+01
2.059953142177672447e+01
2.108692675906287306e+01
2.159955920268433616e+01
2.213333108144656336e+01
2.265869308837194751e+01
2.320534882486656159e+01
2.377878456654561035e+01
2.434733273716860324e+01
2.493963544429467660e+01
2.556572973182938568e+01
2.618334995725554393e+01
2.681423613802386541e+01
2.748185270207289932e+01
2.815202585293980064e+01
2.882818669241921938e+01
2.954512756059377665e+01
3.027321244381500520e+01
3.100506810867101848e+01
3.176610298122063725e+01
3.254682759753061561e+01
3.332961659179593283e+01
3.414031331604088848e+01
3.498213401010610113e+01
3.582738348798359596e+01
3.671253402274701472e+01
3.763086303165419366e+01
3.853998775209127814e+01
3.948586764012352290e+01
4.046728345264715898e+01
4.145526046359712069e+01
4.247393060262155018e+01
4.353426408181266538e+01
4.459353587799670748e+01
4.568114753746372969e+01
4.683051672082785188e+01
4.796928859403636380e+01
4.914384014585987615e+01
5.039716215085481110e+01
5.164331665701546825e+01
5.291396372450819996e+01
5.425530654528134988e+01
5.559874990442471443e+01
5.696945709532585767e+01
5.841128223591978497e+01
5.987285763198159572e+01
6.136156505411113926e+01
6.291607589705034087e+01
6.450402065076856672e+01
6.611760145918357523e+01
6.780528558385383064e+01
6.954278280665769785e+01
7.128352961365037288e+01
7.309534906145185573e+01
7.496471145047649998e+01
7.684657313322350092e+01
7.877331970757721535e+01
8.074766205733334345e+01
8.274010850278659746e+01
8.480128180876917554e+01
8.696113354910545468e+01
8.914298390140446315e+01
9.138861729646713172e+01
9.372646722204113701e+01
9.606785819870516718e+01
9.847426545563173761e+01
1.010243834608524196e+02
1.035805348991376462e+02
1.061682516534830540e+02
1.088690666602757773e+02
1.116233922960049938e+02
1.144207541531579153e+02
1.173520367042547718e+02
1.203297120086748038e+02
1.233143625857840533e+02
1.264217523970651911e+02
1.295926229191292691e+02
1.327494523999421858e+02
1.360492983016788742e+02
1.394946239904550964e+02
1.429554797298060009e+02
1.465580250450518918e+02
1.502829865661321094e+02
1.540145414232188159e+02
1.578443015701518561e+02
1.618331404178721584e+02
1.658491603752613344e+02
1.699646930877347870e+02
1.742269277361803006e+02
1.786348059529556451e+02
1.831281498985249812e+02
1.877807633075401839e+02
1.925305061707253458e+02
1.973344763057354783e+02
2.023452450737970310e+02
2.075065825964071848e+02
2.127099417861083168e+02
2.180700515461870737e+02
2.235786946815459260e+02
2.291461648955155681e+02
2.349589349245275400e+02
2.409812366055352300e+02
2.470772033833732166e+02
2.533891196833502590e+02
2.599154744155865728e+02
2.664716010740602883e+02
2.732175358545456447e+02
2.802557348672663124e+02
2.873689255633425432e+02
2.945944198432747498e+02
3.020635664957196127e+02
3.096608770531603909e+02
3.172815421226077319e+02
3.252938015731696169e+02
3.335280201532236219e+02
3.418965740572318168e+02
3.506665564076261035e+02
3.596792423109561696e+02
3.687873837261169570e+02
3.783092860955051151e+02
3.880452822120239489e+02
3.979834387259696769e+02
4.081282136853915858e+02
4.185847106809475235e+02
4.291934918323582338e+02
4.401886920450845082e+02
4.515137665722834868e+02
4.628020144108364775e+02
4.745837326262113152e+02
4.869245821413643398e+02
4.992225755006268173e+02
5.118109851631607512e+02
5.250417766628100935e+02
5.383558016167795586e+02
5.518879931208737162e+02
5.660158440863976921e+02
5.806175848403680675e+02
5.953229319214457291e+02
6.106765597103542405e+02
6.262971550327282557e+02
6.420224008512500404e+02
6.584600383156174530e+02
6.753441579777864945e+02
6.924169634711585104e+02
7.102151079486873186e+02
7.285358760970311778e+02
7.470263454904670652e+02
7.661827400609431606e+02
7.858941966390570997e+02
8.058916370321924205e+02
8.266051444339102545e+02
8.478520003227109783e+02
8.695337096217496082e+02
8.919605100726797673e+02
9.149990855516371084e+02
9.384680944367760276e+02
9.623506894178923403e+02
9.871845190175802145e+02
1.012393140599991739e+03
1.037954044553818676e+03
1.064673321662340641e+03
1.091956587304332743e+03
1.119725502881305601e+03
1.148474466278478758e+03
1.177854811026840025e+03
1.207444683662149373e+03
1.238817350888748479e+03
1.270693738833504085e+03
1.302893205183190275e+03
1.336490822318905430e+03
1.371058544342920641e+03
1.405944826934727416e+03
1.441922130675996868e+03
1.479469148253151161e+03
1.516946894969892128e+03
1.555589155382375111e+03
1.595705354566300230e+03
1.636111375420923423e+03
1.677569489954604933e+03
1.721249495615860724e+03
1.765376979692680379e+03
1.810835453379062074e+03
1.858028417807785900e+03
1.905546654160371645e+03
1.953834750092340983e+03
2.004727254665697046e+03
2.056241598728066947e+03
2.108879195623866053e+03
2.162613644682988252e+03
2.218248635935601214e+03
2.275136283378621101e+03
2.333464248536298783e+03
2.393958142529329962e+03
2.455465807446294093e+03
2.518236884800248845e+03
2.583269278936541923e+03
2.649489476670678869e+03
2.717764819345586147e+03
2.788683039730980909e+03
2.860423416754081245e+03
2.933318756704371481e+03
3.009051566953530255e+03
3.085709289741585053e+03
3.164457139415042548e+03
3.246886975730568793e+03
3.329144237442233589e+03
3.413210037555915278e+03
3.500441621247806779e+03
3.590196935388425572e+03
3.681210346662783195e+03
3.775042914886814287e+03
3.871931346251436025e+03
3.970933112521813200e+03
4.074054235919528310e+03
4.178583507786536757e+03
4.284298301651526344e+03
4.393805696827183965e+03
4.506749645602813871e+03
4.621274204288069086e+03
4.739099490604293351e+03
4.861797091512593397e+03
4.987568759026339649e+03
5.115467217325955062e+03
5.248375934142752158e+03
5.383606090926490651e+03
5.520330226582206706e+03
5.662841771939498358e+03
5.809725439334894872e+03
5.957806250832930345e+03
6.112334805723628051e+03
6.270234644644101536e+03
6.430536154421487481e+03
6.595893415727538923e+03
6.766452983799950744e+03
6.940029346246411478e+03
7.121343329415731205e+03
7.305195415418909761e+03
7.491532977336984914e+03
7.685240834695530793e+03
7.883483021923196247e+03
8.084377834617241206e+03
8.292067500933851989e+03
8.508875277095119600e+03
8.727137432778916263e+03
8.949602232573713991e+03
9.183166476188449451e+03
9.419369521552052902e+03
9.661264140626024528e+03
9.914162554898481176e+03
1.016956219783652523e+04
1.042887014400378939e+04
1.070080318931861257e+04
1.097762857583311052e+04
1.125838764713527053e+04
1.155053728180629332e+04
1.185131711363354043e+04
1.215607831035464551e+04
1.246907228072988255e+04
1.279287130337016970e+04
1.312281352587903348e+04
1.346186097712386254e+04
1.380992697058735939e+04
1.416659498662567785e+04
1.453499152837361908e+04
1.491395349416351746e+04
1.529890524192397424e+04
1.569371280814970669e+04
1.610082155467662960e+04
1.651604925578030816e+04
1.694105226266497266e+04
1.738105312179148314e+04
1.783333100849878610e+04
1.829727642842358182e+04
1.877265252075996250e+04
1.926127717813508934e+04
1.975743206318634475e+04
2.027084097449111141e+04
2.079979454896157404e+04
2.133280642725705547e+04
2.188638352762643262e+04
2.245973299830113683e+04
2.303981088278095558e+04
2.363824328208434235e+04
2.426146866007505741e+04
2.488955741251341897e+04
2.553685024763021283e+04
2.620382862155410112e+04
2.687502984391246355e+04
2.755833709862035175e+04
2.826778682032944926e+04
2.899283158173579432e+04
2.973803259514399178e+04
3.050433412318443516e+04
3.128898502222455500e+04
3.209108164406141077e+04
3.292814196576333052e+04
3.377273329952756467e+04
3.463406359485728899e+04
3.553872835446624958e+04
3.645933517344689608e+04
3.739295520971754013e+04
3.835930366939511441e+04
3.935839277049931115e+04
4.035628750741998374e+04
4.140807976107516151e+04
4.249196732088869612e+04
4.358938721838092169e+04
4.471196880932764179e+04
4.587291825305144448e+04
4.704910016346255725e+04
4.827050786187873746e+04
4.952567593962823594e+04
5.081249357267867163e+04
5.212732228751060029e+04
5.348418126786334324e+04
5.485768917105576838e+04
5.629277097763562051e+04
5.776959031525332830e+04
5.926392252396814001e+04
6.080913930448301835e+04
6.240822520727525989e+04
6.402899403371801600e+04
6.568840215783705935e+04
6.741250695360312238e+04
6.914720328794099623e+04
7.092926232095349405e+04
7.276418502579942287e+04
7.464661071776504104e+04
7.655653475053532748e+04
7.853935291327098093e+04
8.057049568771313352e+04
8.265120680057097343e+04
8.481141439660810283e+04
8.702092044741773861e+04
8.924954008291830542e+04
9.156977678361015569e+04
9.396538077598533710e+04
9.636898229105485370e+04
9.886183424525182636e+04
1.014305545250216965e+05
1.040429965283033816e+05
1.067434294995709788e+05
1.095303418933525827e+05
1.123661615657817310e+05
1.152439343907258008e+05
1.182561276703044568e+05
1.213073893121678557e+05
1.244237591074077791e+05
1.276669889079829736e+05
1.310079083423184638e+05
1.344083698543992650e+05
1.379296597286587348e+05
1.415171439067055762e+05
1.451818160572395718e+05
1.489674420801333326e+05
1.528676129846880795e+05
1.567509648385212058e+05
1.608168381350487471e+05
1.650467648387005320e+05
1.693073728806609870e+05
1.737465105627963785e+05
1.783516856931874936e+05
1.829864736712814774e+05
1.877474125072537281e+05
1.926173760044904484e+05
1.975981220172917529e+05
2.026745939907814027e+05
2.079390211667474941e+05
2.133098038643802574e+05
2.188192018155417172e+05
2.245474670773641556e+05
2.303954074754366593e+05
2.363243911077320226e+05
2.424555494227196614e+05
2.487526224169003544e+05
2.551552716874055332e+05
2.617642926467054931e+05
2.685974794886872987e+05
2.754584919929955504e+05
2.826256925929750432e+05
2.899965365281603881e+05
2.975358817305836710e+05
3.052746559313963517e+05
3.132886779285356752e+05
3.213982083988969098e+05
3.297336882526903064e+05
3.383623713839425473e+05
3.471669877830678015e+05
3.562109097876333399e+05
3.655179419241733849e+05
3.750362742758565582e+05
3.846758803118488286e+05
3.946698192217107862e+05
4.049064659529852797e+05
4.152812068607552792e+05
4.260097297374230111e+05
4.370437347663277760e+05
4.482979882840773207e+05
4.599055364706667024e+05
4.719883531922203256e+05
4.841595677197372424e+05
4.967465611606407329e+05
5.099391285791512346e+05
5.232225113239155035e+05
5.369487677407476585e+05
5.511027597876244690e+05
5.653405683031729423e+05
5.799358770493272459e+05
5.952090808592325775e+05
6.104435930252384860e+05
6.262905588126815856e+05
6.428778290202225326e+05
6.597206977506598923e+05
6.768139773882902227e+05
6.946331779406105634e+05
7.129284350607162341e+05
7.316493985351208830e+05
7.509904433066460770e+05
7.708368859839193756e+05
7.910008928648072761e+05
8.117015565829431871e+05
8.329314507077535382e+05
8.544532113615103299e+05
8.764834927030581748e+05
8.993541151531459764e+05
9.228613606354451040e+05
9.471186322237250861e+05
9.718904548018272035e+05
9.969521730770447757e+05
1.022411247346368502e+06
1.049208380727618467e+06
1.076431480640382506e+06
1.104478935129365185e+06
1.133606851689939853e+06
1.163402886946341954e+06
1.193131171934077051e+06
1.223973514460512903e+06
1.255753725629283348e+06
1.288193146794704488e+06
1.321690809651298914e+06
1.356077467612841167e+06
1.391182980205842992e+06
1.427457311063749483e+06
1.464277340214765398e+06
1.502119351184693631e+06
1.541093395917621208e+06
1.580752506210643565e+06
1.621263997251051478e+06
1.663289349239259725e+06
1.706806012664717855e+06
1.751069184780780692e+06
1.797041503951691324e+06
1.844362063378717983e+06
1.892448041979441186e+06
1.941902957495837938e+06
1.993135817946286174e+06
2.045025163200521376e+06
2.098363181312318426e+06
2.153814582161248196e+06
2.210156529662886634e+06
2.267528819878062699e+06
2.327098639570582658e+06
2.387606037864095997e+06
2.449688586842959747e+06
2.513692746887614019e+06
2.578651473643153440e+06
2.645303636256076861e+06
2.714815705009668600e+06
2.785650418292348739e+06
2.857549583596226294e+06
2.932104978099571541e+06
3.008796531880571041e+06
3.087511901063514408e+06
3.169371399348366540e+06
3.252863705311218277e+06
3.337621088294326328e+06
3.424082729844104964e+06
3.514101375865075272e+06
3.604713998118961230e+06
3.698726008478416596e+06
3.796407554113326129e+06
3.896148291670780163e+06
3.999495326714219060e+06
4.105222041635996196e+06
4.212590002080500126e+06
4.322093846259381622e+06
4.435534384950849228e+06
4.550437933227043599e+06
4.668196076882356778e+06
4.791442031595818698e+06
4.916179468936893158e+06
5.044728538708927110e+06
5.178657696502447128e+06
5.314441773970334791e+06
5.450094637378427200e+06
5.591949070011883043e+06
5.738008039051994681e+06
5.884862437664214522e+06
6.038489497920591384e+06
6.198629034822313115e+06
6.359438665462370962e+06
6.524809431980312802e+06
6.697604706526449881e+06
6.871779855290426873e+06
7.051956901998051442e+06
7.236365160352490842e+06
7.423661153816882521e+06
7.615637917669404298e+06
7.814261660944688134e+06
8.019202454616379924e+06
8.228392880766017362e+06
8.443636061550294980e+06
8.667367217811157927e+06
8.893589456945627928e+06
9.128586404230209067e+06
9.367784761046672240e+06
9.611514666872555390e+06
9.861609448011217639e+06
1.012277316089849919e+07
1.038831394399875775e+07
1.066130596710916795e+07
1.094086469362171739e+07
1.122516225458064489e+07
1.151635447115815617e+07
1.181637713318753615e+07
1.212393178292831033e+07
1.243892751042779349e+07
1.276708994268173352e+07
1.309934369357646629e+07
1.344009064907046966e+07
1.379275606353258900e+07
1.415156328867476247e+07
1.451829198970534094e+07
1.489874894034215622e+07
1.529281635839653574e+07
1.569631007866499573e+07
1.610928120321428590e+07
1.653121974249798991e+07
1.695833570873340219e+07
1.740363946582629904e+07
1.785779233397584409e+07
1.832097310301751643e+07
1.880308347242768109e+07
1.930104899987314269e+07
1.980138379947452992e+07
2.032226572880980372e+07
2.085458618409595639e+07
2.139743617980241403e+07
2.195165243453928083e+07
2.252303104352943599e+07
2.310705079536082223e+07
2.370817433432118595e+07
2.433092587200923637e+07
2.496340222312422842e+07
2.560817293570635840e+07
2.628219430696093664e+07
2.696959870397672430e+07
2.766905140893785283e+07
2.839426585017745942e+07
2.913487095845637470e+07
2.988675880578587577e+07
3.066155118101662025e+07
3.146285402850138396e+07
3.228716509439663589e+07
3.313556238237308338e+07
3.399889928667209297e+07
3.487294369256103039e+07
3.578444671457971632e+07
3.671827507981686294e+07
3.767028999463808537e+07
3.866012412801738828e+07
3.967021828702761978e+07
4.069623518045677990e+07
4.175999160388135165e+07
4.286029346448983252e+07
4.396950790788365901e+07
4.510988959234224260e+07
4.629032345345743746e+07
4.747969831953683496e+07
4.871999982178936154e+07
4.999076935374690592e+07
5.129571409309188277e+07
5.263959051597761363e+07
5.401954475453511626e+07
5.542423483762027323e+07
5.689070797360150516e+07
5.839570223707836121e+07
5.993113296118903160e+07
6.149990433766483516e+07
6.311569472092613578e+07
6.476603017129994184e+07
6.644144292514463514e+07
6.817296604886765778e+07
6.998082417862799764e+07
7.181197009076425433e+07
7.369971124030128121e+07
7.566838808887828887e+07
7.768398521130463481e+07
7.975247953644475341e+07
8.186752538421252370e+07
8.401359464978644252e+07
8.623042417542065680e+07
8.850933532517486811e+07
9.083548167710636556e+07
9.319147870853509009e+07
9.565953731625357270e+07
9.814300936327612400e+07
1.006851460876044333e+08
1.033240689167401344e+08
1.060290071329683959e+08
1.087818827588612139e+08
1.116478757534866929e+08
1.145909699387049079e+08
1.175929861372598261e+08
1.206911678370115310e+08
1.238451186907866001e+08
1.270719380856232941e+08
1.303512480275297165e+08
1.337567498143620789e+08
1.372178265269346833e+08
1.408080646866967380e+08
1.445417434152019918e+08
1.483312145185728967e+08
1.522332378183231354e+08
1.562643579436080754e+08
1.604116476240381598e+08
1.646428597652395666e+08
1.690356601462149918e+08
1.734973114770366549e+08
1.780482733507100642e+08
1.827458703333790004e+08
1.875351132189338207e+08
1.924190858780592084e+08
1.975156388971219361e+08
2.027682547988627851e+08
2.080227541323060691e+08
2.135438295561602116e+08
2.191945471068906188e+08
2.248798288217516541e+08
2.308454979324617982e+08
2.369882378354590535e+08
2.431738672119888961e+08
2.494721241887013018e+08
2.560331276300087273e+08
2.627082637256341577e+08
2.695916577101650834e+08
2.767034797034257054e+08
2.839531855212025642e+08
2.913383062900253534e+08
2.990111342927162051e+08
3.067540004449760914e+08
3.146796265155533552e+08
3.230128098049309850e+08
3.314963498413785100e+08
3.400803142887485623e+08
3.490676570082414746e+08
3.583172594853888154e+08
3.676940771142107248e+08
3.773242904335811138e+08
3.873060759902544022e+08
3.974124483878291249e+08
4.079470666603589654e+08
4.187621055385321975e+08
4.295340866035178900e+08
4.407221417832681537e+08
4.523504021927741766e+08
4.642630520426369905e+08
4.763710346113023162e+08
4.889149941791106462e+08
5.016699610030016303e+08
5.147528843575304151e+08
5.282614415179808140e+08
5.419635538613797426e+08
5.558357652409178019e+08
5.703779032264398336e+08
5.851286885003376007e+08
6.000591282155749798e+08
6.156881062997790575e+08
6.318300843104910851e+08
6.482190048776689768e+08
6.653528155218095779e+08
6.828061516957815886e+08
7.006081829268321991e+08
7.189182396447488070e+08
7.377266525073238611e+08
7.570942904048424959e+08
7.770402411733502150e+08
7.975708597659484148e+08
8.183715114070646763e+08
8.394741104546092749e+08
8.614717531846650839e+08
8.838473230798426867e+08
9.065441484581317902e+08
9.302153499561325312e+08
9.544933456556798220e+08
9.795167145336452723e+08
1.005150414384147286e+09
1.031109495326126575e+09
1.057904571515040994e+09
1.085633944665331841e+09
1.114149883783739567e+09
1.143515855486909628e+09
1.173519725593237638e+09
1.204525998507242441e+09
1.236147424956472874e+09
1.268865802923153162e+09
1.302194602123859167e+09
1.336524992978242159e+09
1.371870659655937433e+09
1.408277842583264351e+09
1.445177360724301815e+09
1.483358600546246290e+09
1.522797324250667810e+09
1.563084478152237177e+09
1.604885922960801363e+09
1.647586077497998476e+09
1.690862670254334688e+09
1.734907141257054090e+09
1.780979954386759281e+09
1.827859314516579151e+09
1.875623518445156097e+09
1.925682040237133503e+09
1.975960679705236197e+09
2.026797444879780054e+09
2.080520521535758972e+09
2.135743955667070150e+09
2.192195689288871288e+09
2.250175501341809273e+09
2.309841243071184635e+09
2.369972146698188305e+09
2.432261269255074501e+09
2.495957980890235901e+09
2.561450013853061199e+09
2.628533372877623558e+09
2.697532125853645325e+09
2.768829240989764690e+09
2.842130178955149174e+09
2.917121321419883251e+09
2.993040426138852596e+09
3.071969852808365822e+09
3.153122706300745010e+09
3.235184425378524780e+09
3.320359982562991619e+09
3.407832431544055462e+09
3.498537850821552753e+09
3.591707002538882256e+09
3.687104824511716843e+09
3.785232795026244164e+09
3.884878373198614597e+09
3.988304340215102196e+09
4.093372047029982567e+09
4.199208602599547863e+09
4.309345227304946899e+09
4.421746548740101814e+09
4.534433621053022385e+09
4.651370838857336998e+09
4.773336025045629501e+09
4.897749553001244545e+09
5.025321123811738014e+09
5.158451073670816422e+09
5.293002144723360062e+09
5.432976290022064209e+09
5.577363807961109161e+09
5.723296024711249352e+09
5.873375672520087242e+09
6.030324322787497520e+09
6.189621665606896400e+09
6.352105938168647766e+09
6.521542995431639671e+09
6.694132899817086220e+09
6.870215421434296608e+09
7.051764726006476402e+09
7.237790411597770691e+09
7.428329555623468399e+09
7.624387112542933464e+09
7.824404874059284210e+09
8.027207282968135834e+09
8.238352805130042076e+09
8.455467690976280212e+09
8.676967234708972931e+09
8.907067336937234879e+09
9.142750777683788300e+09
9.380543084702026367e+09
9.628832609568862915e+09
9.884826063180320740e+09
1.014443878454616165e+10
1.041283555308751106e+10
1.068866317766673660e+10
1.096860336843185616e+10
1.125709718595771217e+10
1.155761315156367874e+10
1.186076508887809944e+10
1.217089180343003273e+10
1.249310270173650169e+10
1.282239149445392609e+10
1.315863981965102386e+10
1.350731326720853996e+10
1.386123084052918434e+10
1.422096784887844658e+10
1.459942039979905701e+10
1.498561173382591629e+10
1.538069107985413742e+10
1.578576997778128815e+10
1.620226625146632576e+10
1.662617400761892700e+10
1.706572745776412964e+10
1.751799946310549927e+10
1.796977919521317291e+10
1.844059768397979355e+10
1.893158378886587524e+10
1.943082248115960312e+10
1.994235905731905365e+10
2.047359786339973831e+10
2.100921197177455139e+10
2.155814500393747330e+10
2.212944815016461945e+10
2.271138014344485092e+10
2.330645403975677872e+10
2.392568001566267014e+10
2.455297920920114136e+10
2.519357907421397018e+10
2.585715318399865723e+10
2.653566432533924103e+10
2.723232267321006393e+10
2.795704494990919876e+10
2.869693604279590225e+10
2.944156455189316940e+10
3.021483658818603897e+10
3.101526274887703705e+10
3.182752355228168106e+10
3.266654185683382416e+10
3.351667993264549637e+10
3.439074984033747864e+10
3.530592126089832306e+10
3.625500382449031067e+10
3.722195265009989166e+10
3.820688114716832733e+10
3.922458592286619568e+10
4.027159330191120148e+10
4.133550498482305908e+10
4.243745957337904358e+10
4.355767535924877930e+10
4.469622140674810791e+10
4.587377901198435211e+10
4.709469375332900238e+10
4.833310681568801117e+10
4.960274639004229736e+10
5.091233671345664215e+10
5.225069899391333008e+10
5.364747912013117218e+10
5.507589733525379944e+10
5.651694638630213165e+10
5.800456396565460205e+10
5.953176747660690308e+10
6.107012752918202972e+10
6.267324674031487274e+10
6.434375979944671631e+10
6.602358043673908997e+10
6.776647256148678589e+10
6.955877681076913452e+10
7.138793179098558044e+10
7.326938889250166321e+10
7.522824872362860107e+10
7.723070914182615662e+10
7.926386284461238098e+10
8.137594813548973083e+10
8.349939487048417664e+10
8.564803060955419922e+10
8.792147321057830811e+10
9.023261134860864258e+10
9.255974078974838257e+10
9.499575017776406860e+10
9.749854620593878174e+10
1.000269310028076782e+11
1.026674795482112579e+11
1.053798957703022461e+11
1.081167129390042572e+11
1.109601477770580444e+11
1.138708026953898315e+11
1.168315400700196075e+11
1.198898275721844330e+11
1.230828691936151123e+11
1.263037977510889893e+11
1.296033114927438507e+11
1.330281397036892700e+11
1.365467876164899139e+11
1.401687815094812927e+11
1.438929262713294983e+11
1.476686694718766174e+11
1.515172558842369995e+11
1.555524763443282166e+11
1.596554731106693726e+11
1.638599593353238220e+11
1.681828510540751038e+11
1.726162519740837402e+11
1.771878833529915466e+11
1.818551015096442566e+11
1.866725652046152954e+11
1.916299813421444702e+11
1.967204431865773926e+11
2.019545270339826965e+11
2.072804509706656799e+11
2.127625675588821106e+11
2.184377588127094116e+11
2.242303755721888428e+11
2.302469348878293457e+11
2.364034020822412720e+11
2.426090185665495300e+11
2.489930538008991089e+11
2.555908154455920105e+11
2.623072411660748596e+11
2.691154946711212769e+11
2.762879558755408325e+11
2.835859410107478027e+11
2.910877753435350342e+11
2.987991224877214355e+11
3.066285972043015137e+11
3.146707814069251099e+11
3.229560894194577637e+11
3.314479132301840210e+11
3.400555156316873779e+11
3.490228607296970825e+11
3.582417943544727173e+11
3.677014328713237305e+11
3.774705833964511719e+11
3.874977089061347656e+11
3.977021535108129883e+11
4.082412467209418945e+11
4.190769027917662964e+11
4.300859672486687622e+11
4.414680636200810547e+11
4.532573195681117554e+11
4.652031356653444824e+11
4.774985719599618530e+11
4.902257172347449951e+11
5.031249090013166504e+11
5.163528820194730225e+11
5.301120080140133667e+11
5.440165174623921509e+11
5.583648701800404053e+11
5.732447011564259033e+11
5.883539726856540527e+11
6.039436300590614014e+11
6.199930750317792969e+11
6.364770430261357422e+11
6.531039662445854492e+11
6.705115474442318115e+11
6.880380980906257324e+11
7.059467303733886719e+11
7.246336133664185791e+11
7.437337410615928955e+11
7.633552961117290039e+11
7.833933367437126465e+11
8.039749338492684326e+11
8.251506589204598389e+11
8.470115326662545166e+11
8.692923028154007568e+11
8.921012932673674316e+11
9.156776015717382812e+11
9.400232360830485840e+11
9.648877626392457275e+11
9.903645229098601074e+11
1.016700236639719727e+12
1.043419255723893799e+12
1.070667347443330444e+12
1.099104999419604980e+12
1.128028748815626709e+12
1.157580787485028076e+12
1.188258651108904053e+12
1.219988466742708252e+12
1.251904290022270996e+12
1.284830981811990479e+12
1.318509025177954102e+12
1.353071559174404785e+12
1.388614959069116699e+12
1.425335009121276855e+12
1.462982682227955811e+12
1.501383949635844482e+12
1.540899916194454590e+12
1.581427983353185303e+12
1.622729669251811768e+12
1.665322800668343262e+12
1.708740097966240234e+12
1.753121530346061279e+12
1.799973661693321045e+12
1.847149949680020264e+12
1.895786234817925537e+12
1.946518505297833740e+12
1.997852588498236084e+12
2.050575831310113770e+12
2.105172000143568604e+12
2.161174466239452148e+12
2.217722790850606445e+12
2.275358325507510254e+12
2.335168045710590820e+12
2.396673792722478516e+12
2.459496058832311523e+12
2.524716572674389160e+12
2.591421844076148438e+12
2.659724307747948242e+12
2.730180445731045898e+12
2.803157125688643066e+12
2.877584959046210938e+12
2.954504380854358398e+12
3.033583011315512207e+12
3.114041018754007324e+12
3.196990995397459961e+12
3.281599256319811523e+12
3.367916565249011719e+12
3.457121106336314941e+12
3.547888189879443359e+12
3.640300610540065430e+12
3.736576497427488281e+12
3.834713750299327148e+12
3.934465832729559570e+12
4.037987275119354492e+12
4.144046299710137207e+12
4.251711185031930176e+12
4.364193254975956055e+12
4.479883355346234375e+12
4.597747158638270508e+12
4.720447451683046875e+12
4.846504471078345703e+12
4.973097678119424805e+12
5.103863397317335938e+12
5.239654242762404297e+12
5.377690536225186523e+12
5.518212810078702148e+12
5.665099586968026367e+12
5.814608649080958008e+12
5.966565267364463867e+12
6.124468738975120117e+12
6.283398285567085938e+12
6.448757902513830078e+12
6.620018315877451172e+12
6.795634102249639648e+12
6.976388413769641602e+12
7.162758397340693359e+12
7.351618289020057617e+12
7.543149402325913086e+12
7.744120109347362305e+12
7.946137833247963867e+12
8.151564066224321289e+12
8.367866221764282227e+12
8.587772092994152344e+12
8.811092248446273438e+12
9.045086820990378906e+12
9.283962035915076172e+12
9.526643021124207031e+12
9.777846492134712891e+12
1.003763586624780664e+13
1.030387717309391602e+13
1.057654222170930469e+13
1.085750139373632812e+13
1.114178159394058789e+13
1.143709672548384766e+13
1.174168288156929883e+13
1.205611985707008789e+13
1.237578523442281641e+13
1.270332240015245703e+13
1.303632575300888086e+13
1.337852716164885742e+13
1.373414703916542188e+13
1.409812036574939648e+13
1.446582072090594531e+13
1.484906253996751367e+13
1.524662005701133594e+13
1.564650973077474219e+13
1.606212662077628711e+13
1.648675289229030078e+13
1.691465624272736914e+13
1.736290727854384766e+13
1.782292135269590234e+13
1.828831998790005078e+13
1.876799154082933203e+13
1.926594236402932812e+13
1.977705968058771094e+13
2.030151212393028516e+13
2.084167483491495312e+13
2.139804655551779297e+13
2.196939427610522266e+13
2.255357031192923828e+13
2.314964904658085547e+13
2.376168352325438672e+13
2.439185965428628906e+13
2.504287832192722266e+13
2.570504628907033203e+13
2.638380801445100000e+13
2.708980296965817578e+13
2.780342286834760547e+13
2.854059227947908203e+13
2.929826031776525781e+13
3.006969976383012109e+13
3.086419490996706641e+13
3.167831928504359766e+13
3.250535407012702344e+13
3.336063483044565625e+13
3.424080752414755078e+13
3.514489625144787891e+13
3.607058796200883594e+13
3.703070058293366406e+13
3.801672076895885156e+13
3.901635440236689062e+13
4.004234113166788281e+13
4.110202926540916406e+13
4.217302176162610938e+13
4.329491247121136719e+13
4.444803078030755469e+13
4.562643927888505469e+13
4.685037717492819531e+13
4.808947335141641406e+13
4.935789105449163281e+13
5.066404058316489844e+13
5.199975608991296094e+13
5.336539231080171094e+13
5.478484868708085156e+13
5.624760591414649219e+13
5.772366019839466406e+13
5.923811946776847656e+13
6.080518036169535156e+13
6.240217516381507812e+13
6.404997044364234375e+13
6.573889807234259375e+13
6.744532852419051562e+13
6.921004792936564062e+13
7.103994129220732812e+13
7.291389297230295312e+13
7.482378787986378125e+13
7.679986677679867188e+13
7.880528368750523438e+13
8.085371594933464062e+13
8.297087879400440625e+13
8.510294745052595312e+13
8.730637964177637500e+13
8.961972903582467188e+13
9.199087958407225000e+13
9.438893932412410938e+13
9.689275879012093750e+13
9.946844115219590625e+13
1.020846100986646562e+14
1.047923188378279375e+14
1.075525923974636562e+14
1.103399378191280156e+14
1.132457966033117812e+14
1.162062635429436094e+14
1.192461604341020781e+14
1.223738667454215000e+14
1.255804519540270000e+14
1.288364241738897031e+14
1.322065002911617812e+14
1.357002083294304844e+14
1.392460820806717500e+14
1.429132046828193438e+14
1.467083467338004062e+14
1.505656385810159688e+14
1.544704575268996250e+14
1.585448536291575000e+14
1.626228337562364688e+14
1.668082327919710312e+14
1.712091480454190312e+14
1.757124274032724375e+14
1.802682733924142812e+14
1.850370327038912188e+14
1.899440866002209688e+14
1.949153070777290625e+14
2.000959956107118750e+14
2.054379194689625000e+14
2.108005974792965938e+14
2.163758155540645000e+14
2.221363959498582500e+14
2.279359842004794688e+14
2.339243771442964375e+14
2.401899424174597500e+14
2.464698075665911562e+14
2.529452727659208125e+14
2.596833505200942500e+14
2.665409423794778125e+14
2.735777214685543750e+14
2.808713660352281250e+14
2.882135496730823125e+14
2.956954636742285625e+14
3.034402601308063750e+14
3.114142091595696875e+14
3.195179968396350625e+14
3.280497269173383125e+14
3.367670256406031875e+14
3.456907477461100625e+14
3.549142155388376875e+14
3.644247698282885625e+14
3.741090152015643125e+14
3.841029574229738750e+14
3.943588111760697500e+14
4.046942315757012500e+14
4.153910792157488125e+14
4.264445810685863125e+14
4.376353413018363750e+14
4.491744912587246875e+14
4.611766661611775000e+14
4.731385974309087500e+14
4.856063158921651250e+14
4.985636379948545000e+14
5.117381889733613125e+14
5.251442540355441875e+14
5.390939746825961250e+14
5.533802329196345000e+14
5.678870282035278750e+14
5.828998608715696250e+14
5.981630019416666250e+14
6.137261793470702500e+14
6.299827605241358750e+14
6.466065412415406250e+14
6.636278695787106250e+14
6.812175104150488750e+14
6.994499790605096250e+14
7.178890975030387500e+14
7.367463986586386250e+14
7.563195756459111250e+14
7.760096690023708750e+14
7.964508621782920000e+14
8.173386896466325000e+14
8.385572095575816250e+14
8.603318508278172500e+14
8.828616760603026250e+14
9.057918622689292500e+14
9.292882386263786250e+14
9.534647574000598750e+14
9.782121621863251250e+14
1.003502544727875500e+15
1.029806593344943500e+15
1.056438862904803875e+15
1.083948643189630375e+15
1.112765967491122125e+15
1.141810459249686500e+15
1.171460702569830000e+15
1.202455978246895500e+15
1.234268375174944000e+15
1.266617701913980250e+15
1.299899800980947500e+15
1.333844705227434750e+15
1.368539000887568750e+15
1.404354750519607250e+15
1.441266342738937750e+15
1.478723201737928750e+15
1.517963273009220750e+15
1.558179445022843250e+15
1.598900194566315000e+15
1.640714927294246000e+15
1.683948158658730750e+15
1.727702739637138250e+15
1.772727598036735500e+15
1.819372749837531000e+15
1.866575566889825000e+15
1.915479793356107000e+15
1.966022523812593250e+15
2.017971689608231000e+15
2.070871779282888750e+15
2.125845671151338750e+15
2.181895728708999500e+15
2.238902140919905500e+15
2.298189399703177000e+15
2.359247296854931500e+15
2.421307132645688000e+15
2.485383632452139500e+15
2.550768622515145500e+15
2.617275117321431500e+15
2.686042803904281500e+15
2.757300008178847500e+15
2.828891091134370500e+15
2.902796642784274500e+15
2.979820394074882500e+15
3.056737807420012000e+15
3.136733383366607500e+15
3.219826647395087000e+15
3.304128024554631000e+15
3.390644331592545500e+15
3.480575042372989500e+15
3.571852077058237500e+15
3.664571081483687000e+15
3.761261743364979500e+15
3.859271257826584500e+15
3.959849277601518500e+15
4.065267146733891000e+15
4.171803270184052000e+15
4.279857164991915500e+15
4.392782669724928500e+15
4.506318909021238000e+15
4.621684431994002000e+15
4.744572351093109000e+15
4.868522888301962000e+15
4.995125340129634000e+15
5.126713697742214000e+15
5.261758041364424000e+15
5.399624719992880000e+15
5.542139461623000000e+15
5.688607943794165000e+15
5.837571996533345000e+15
5.990897037262197000e+15
6.149840688158996000e+15
6.311702150839690000e+15
6.478260505654774000e+15
6.650096200470708000e+15
6.826515819063742000e+15
7.005864064988611000e+15
7.191023274528820000e+15
7.379048671199621000e+15
7.570661506549366000e+15
7.769086747048958000e+15
7.971787785811499000e+15
8.178203554055738000e+15
8.393538764605720000e+15
8.616407011217307000e+15
8.843642021571424000e+15
9.077968609160298000e+15
9.317499730961628000e+15
9.561546747208478000e+15
9.812957191038684000e+15
1.007214090673040800e+16
1.033666701074658000e+16
1.060776783956738200e+16
1.088880514060156800e+16
1.117937684932403000e+16
1.147662893668073200e+16
1.178252680534933200e+16
1.209223864441662600e+16
1.240609163331696600e+16
1.273122478020368600e+16
1.306152068036141000e+16
1.340067729292092800e+16
1.375473052924008600e+16
1.411316418918900200e+16
1.448098401529882800e+16
1.486318533611838400e+16
1.525259708062312600e+16
1.565166828829894800e+16
1.606741675716469200e+16
1.649234554236867000e+16
1.692146631308161600e+16
1.736613558936387800e+16
1.782302556920714000e+16
1.829591718776426800e+16
1.877986675825494000e+16
1.927624352749981600e+16
1.978462555957528800e+16
2.030249085074418400e+16
2.083778786012059600e+16
2.137886347688180800e+16
2.193999737350968000e+16
2.252211998361536800e+16
2.311596598661886000e+16
2.372711762691463200e+16
2.435662781114801200e+16
2.499501849015964000e+16
2.564555155665668800e+16
2.631589309638354400e+16
2.700329308728498000e+16
2.770956050406005600e+16
2.844348143108719200e+16
2.919698072149583600e+16
2.996793024679170400e+16
3.076758556953872000e+16
3.158665327509886000e+16
3.242049835891618400e+16
3.327742297478354800e+16
3.416438460597328000e+16
3.505813929300160400e+16
3.598313396068039200e+16
3.693762195902417600e+16
3.791255217485731200e+16
3.891128383657733600e+16
3.993884150776482400e+16
4.099175819559324000e+16
4.207073495865078400e+16
4.318445077337190400e+16
4.431818823471210400e+16
4.548277052342342400e+16
4.668742166973123200e+16
4.792143337603715200e+16
4.917200288329453600e+16
5.046638626761396800e+16
5.178943517001052800e+16
5.314844401096842400e+16
5.455462744637004000e+16
5.599211400984469600e+16
5.744992821072529600e+16
5.896344558901490400e+16
6.054270369552200000e+16
6.213722861535734400e+16
6.378303766647812000e+16
6.547409575192052800e+16
6.717625112286718400e+16
6.895136159110874400e+16
7.078055865731712800e+16
7.261709462753592000e+16
7.453261427196328000e+16
7.651499436097632000e+16
7.852378895349248000e+16
8.056166906102452800e+16
8.269401070225596800e+16
8.488118953697118400e+16
8.710815133444024000e+16
8.942446208721344000e+16
9.178058511381393600e+16
9.417210212539899200e+16
9.666264237229259200e+16
9.922857091544403200e+16
1.018669415698520800e+17
1.045861950743688320e+17
1.073570893796876000e+17
1.101727158102314240e+17
1.130707184738772640e+17
1.160714033686171360e+17
1.191127533953308160e+17
1.222516305675881920e+17
1.254890190159553600e+17
1.287921048759929440e+17
1.322095277918101120e+17
1.357392949678948640e+17
1.393094958885413440e+17
1.429909963053703200e+17
1.468394521249989120e+17
1.507550967479314240e+17
1.547821283739671360e+17
1.589325982817267840e+17
1.631511744837501760e+17
1.674619202385544000e+17
1.719346825095096320e+17
1.765074961980741440e+17
1.811703597315018560e+17
1.859730150787734400e+17
1.908310021567434240e+17
1.958021225572439360e+17
2.009949255642086400e+17
2.063098893272389760e+17
2.117078570834474560e+17
2.173551842896839360e+17
2.230366033375950400e+17
2.287938880339167680e+17
2.348487857308083200e+17
2.410312725561072320e+17
2.473408444580964800e+17
2.538822194332223680e+17
2.606340577922486400e+17
2.674334525376329920e+17
2.745187604870713920e+17
2.817754336177862080e+17
2.892814422548115200e+17
2.969274111750846720e+17
3.048403878953399680e+17
3.128272745171960320e+17
3.209377615782572160e+17
3.294349122516469120e+17
3.380785400899168000e+17
3.469294187780343040e+17
3.561180469158028800e+17
3.655537792264492800e+17
3.751159053122727680e+17
3.849875055686111360e+17
3.950727935462878720e+17
4.053215364152047360e+17
4.159715302933093760e+17
4.269207658026119040e+17
4.379971046611361280e+17
4.495314790160152960e+17
4.613195060396220160e+17
4.732661787602936960e+17
4.856367950542790400e+17
4.983868823575456000e+17
5.113068488877866880e+17
5.247556377532225280e+17
5.385281591749825920e+17
5.525289418545507200e+17
5.670268708785524480e+17
5.820814159345167360e+17
5.973465256584860160e+17
6.130038924448266240e+17
6.293181355282146560e+17
6.460097077036584960e+17
6.631570675548285440e+17
6.807362279659543040e+17
6.986575021833180160e+17
7.170354720851626240e+17
7.360794190268331520e+17
7.555169796801053440e+17
7.753987167858442240e+17
7.960195977013536000e+17
8.169672067230400000e+17
8.383472210070617600e+17
8.604001343352097280e+17
8.830424194299274240e+17
9.061478999291443200e+17
9.302265149925505280e+17
9.548312211170694400e+17
9.797533446116385280e+17
1.005325664720782848e+18
1.031573085022534144e+18
1.058526848982543360e+18
1.086134537755747584e+18
1.114977690425636096e+18
1.144682558654661760e+18
1.175176678269880832e+18
1.206203847424498688e+18
1.237675639665615360e+18
1.269618190794910976e+18
1.302876141669696512e+18
1.337033104339709440e+18
1.371854606439202816e+18
1.407964142705369344e+18
1.445074795298818816e+18
1.483081844200956416e+18
1.521979429681209856e+18
1.562058957556362240e+18
1.603037516140727040e+18
1.645226796617684480e+18
1.688497185117297152e+18
1.732705243071128576e+18
1.777776439582378496e+18
1.824349102051008256e+18
1.871453388467852544e+18
1.920369003553162752e+18
1.971259538325516288e+18
2.022858937957245440e+18
2.076382556477857792e+18
2.131795891898152192e+18
2.186454032213790208e+18
2.243232539513185024e+18
2.302279427683357952e+18
2.361971919628809216e+18
2.423446773131498496e+18
2.487307489064619520e+18
2.552377776957396992e+18
2.618487423205207040e+18
2.687676759711732736e+18
2.758252770985464320e+18
2.829174758105457152e+18
2.903836927353067520e+18
2.980220192446413312e+18
3.057752277748171776e+18
3.138043170660746752e+18
3.219916469901811200e+18
3.301782291508653568e+18
3.388452842401665536e+18
3.477079935599512064e+18
3.566859121281470464e+18
3.660594603293488640e+18
3.757807444540353024e+18
3.856589771368055296e+18
3.959636875666150400e+18
4.065777922931329536e+18
4.173790847504784384e+18
4.283759591581067776e+18
4.397850414472299008e+18
4.512382041037703680e+18
4.630910257363522560e+18
4.753414981245011968e+18
4.878964992603380736e+18
5.007531735770357760e+18
5.139045994890018816e+18
5.274866453456276480e+18
5.412677478372392960e+18
5.555690834188651520e+18
5.702661990374523904e+18
5.852227069510137856e+18
6.005739817686309888e+18
6.164364027031421952e+18
6.325570024160577536e+18
6.490843438984630272e+18
6.662377167862469632e+18
6.834466135273473024e+18
7.013285098017464320e+18
7.196404693587328000e+18
7.382249015606241280e+18
7.572442198127229952e+18
7.770027865883204608e+18
7.974174167995960320e+18
8.183853123124230144e+18
8.401061733901113344e+18
8.619010188616708096e+18
8.842446664210080768e+18
9.077408287441053696e+18
9.314936498742743040e+18
9.559067704268048384e+18
9.813041381574995968e+18
1.006771324809995059e+19
1.032669331464309350e+19
1.059813496782611251e+19
1.087645651238010675e+19
1.116105775913732096e+19
1.145611157444362445e+19
1.175778816194903245e+19
1.206466648300118426e+19
1.238243017234079130e+19
1.270754182491745485e+19
1.303829749988324557e+19
1.338053110574085734e+19
1.373836965475347046e+19
1.409646804535598080e+19
1.446765126696150221e+19
1.485566387745500979e+19
1.524051777310912102e+19
1.563855191903845786e+19
1.605356227090965094e+19
1.646961652274694758e+19
1.689573373159892378e+19
1.734257772131079373e+19
1.779755466246754304e+19
1.826705680175527526e+19
1.875146497771758387e+19
1.924172694767971942e+19
1.973863021601305805e+19
2.026261561141890253e+19
2.079545412020379238e+19
2.133319849110353101e+19
2.188764843208577843e+19
2.245853205534240768e+19
2.303474028340255539e+19
2.364402845600803635e+19
2.427439473643075174e+19
2.491733974457656115e+19
2.557504505886162944e+19
2.625339476749196493e+19
2.694681531826261197e+19
2.765874338610353766e+19
2.838901813408167117e+19
2.913506314767155610e+19
2.989251578670440448e+19
3.066814655016509850e+19
3.146626899955082854e+19
3.228232224440284365e+19
3.312870888502988390e+19
3.399211651530038886e+19
3.487710688102521242e+19
3.580057070304250266e+19
3.674409049852828877e+19
3.770088086550944154e+19
3.869932215835358822e+19
3.971644497208941773e+19
4.074418049817046221e+19
4.180234213369496371e+19
4.289892972110811955e+19
4.402261476188496691e+19
4.517638617404946842e+19
4.636536741769246310e+19
4.757773165140270285e+19
4.881534441302449357e+19
5.010603825128223539e+19
5.141011796807307264e+19
5.275982556769980416e+19
5.415689374947346842e+19
5.558655385088639795e+19
5.704374448809106637e+19
5.853672134731964416e+19
6.006237895979482317e+19
6.162364594718106419e+19
6.323788657437786112e+19
6.490685325019091763e+19
6.660695711524159488e+19
6.833802494551019520e+19
7.012975601751805133e+19
7.194544511353579110e+19
7.382861907679848038e+19
7.574756258189744538e+19
7.770602960533276262e+19
7.971795751114398106e+19
8.180262972378844365e+19
8.391126065253469389e+19
8.608846152983769907e+19
8.836153014715673805e+19
9.065265047186790810e+19
9.303005585313836237e+19
9.549813459634575770e+19
9.802837468728185651e+19
1.006172241243163525e+20
1.032863674941028598e+20
1.060297682940670444e+20
1.087811043884129321e+20
1.116248521180450816e+20
1.145683698811295334e+20
1.175563773835091313e+20
1.205964654396348334e+20
1.237822266400858931e+20
1.270321925859742024e+20
1.303727293744919839e+20
1.338248628228153836e+20
1.373805670812620554e+20
1.410066017639208387e+20
1.446979904142251950e+20
1.484625867233154826e+20
1.523689532148943094e+20
1.563537975600686039e+20
1.603672798677101773e+20
1.644822831835500052e+20
1.687919134634687529e+20
1.731904515000524472e+20
1.776910125852410839e+20
1.823575814169359155e+20
1.870702100688448389e+20
1.919324256222859100e+20
1.969194370440103199e+20
2.020371277259978506e+20
2.073066560129776353e+20
2.127648438561540997e+20
2.183385794424017388e+20
2.240453346019462349e+20
2.299303177586562171e+20
2.358926840426396058e+20
2.419995987706972406e+20
2.483306770526210294e+20
2.548084320478733926e+20
2.614168773872334602e+20
2.682481379908836393e+20
2.752644784106610033e+20
2.823830069663199068e+20
2.897220048111912878e+20
2.972618144767375442e+20
3.050381045572901274e+20
3.130823820966418842e+20
3.213960711298841313e+20
3.298906774640885760e+20
3.385960674997627781e+20
3.475140454737193861e+20
3.566670234667710546e+20
3.660090792674791916e+20
3.756906248708633395e+20
3.854823482971794309e+20
3.955171579007488492e+20
4.059721636371390136e+20
4.166227034825670656e+20
4.274272113980817408e+20
4.388000205815432479e+20
4.502602645961789276e+20
4.620047129427715686e+20
4.740842884460083282e+20
4.865722964394648535e+20
4.993885886941106012e+20
5.123993880595681772e+20
5.258461316119894426e+20
5.395104841203107103e+20
5.536520180703472517e+20
5.681245937259228692e+20
5.826537195875087811e+20
5.977334324520366899e+20
6.134346232775000719e+20
6.294962030556311716e+20
6.459485371859063276e+20
6.630583149534749655e+20
6.799910891050085908e+20
6.974958401873823662e+20
7.157885400700574761e+20
7.343895850205076521e+20
7.533791742054789284e+20
7.730732717361294213e+20
7.932318715561114337e+20
8.137578811270320620e+20
8.351812234740377846e+20
8.572379379639156736e+20
8.795696165288882995e+20
9.027399734053780849e+20
9.264437302850609480e+20
9.502663112116882637e+20
9.749606187959711171e+20
1.000534052068110107e+21
1.026398686288182116e+21
1.053500579447574888e+21
1.081271545723804451e+21
1.109110146606519026e+21
1.138091959299876454e+21
1.167951384018994463e+21
1.197662284265150743e+21
1.228742799690810262e+21
1.260947327192321229e+21
1.293367240119671587e+21
1.326624919774388814e+21
1.361562255131510571e+21
1.396798156984568513e+21
1.432460599312054223e+21
1.470031734710270165e+21
1.508328989983329485e+21
1.547101198146771878e+21
1.587188912050096308e+21
1.628525490243775234e+21
1.671173510858267165e+21
1.715220743291175436e+21
1.760618898729005482e+21
1.806659480515827991e+21
1.854143604445101162e+21
1.903144730509635486e+21
1.952595740812092899e+21
2.003661783791673803e+21
2.056067211834691420e+21
2.108691682656951730e+21
2.163200823713053016e+21
2.219547309816888689e+21
2.275937183038546641e+21
2.334250008480917225e+21
2.396117297138587140e+21
2.458120559224887968e+21
2.521728978746387464e+21
2.587582352525020889e+21
2.654956904708716364e+21
2.724178552806922256e+21
2.795430829521513218e+21
2.868937865659007631e+21
2.943263952414896030e+21
3.020649554564237230e+21
3.099410352225123303e+21
3.179231627740753953e+21
3.262564778169805046e+21
3.347841304278737093e+21
3.433497912582856507e+21
3.523040121415127794e+21
3.614642828807244349e+21
3.705542793405523821e+21
3.800995716547486941e+21
3.900362452495469904e+21
3.999941261028687872e+21
4.103572564772992844e+21
4.211302957178074169e+21
4.320522094502448988e+21
4.433028030527259542e+21
4.548982493721592332e+21
4.667604680869549703e+21
4.788357055512992285e+21
4.913833369793050182e+21
5.042184928719413445e+21
5.173799293186404778e+21
5.309851060157382918e+21
5.448641922143987171e+21
5.589804959307971690e+21
5.738155503057312416e+21
5.888992700009937895e+21
6.041211813745224843e+21
6.199807617897721758e+21
6.362096053608467399e+21
6.527706366641766924e+21
6.699521101308172960e+21
6.876599440062173676e+21
7.057068506408087978e+21
7.242718649615007089e+21
7.435056325225551495e+21
7.628323549375456346e+21
7.827109558186776986e+21
8.033661281124959126e+21
8.242625991031499260e+21
8.455744429756609724e+21
8.678413999230393778e+21
8.901517216936677605e+21
9.130424928719833399e+21
9.371923413514392175e+21
9.616379216387102474e+21
9.866139592439499850e+21
1.012598359981614432e+22
1.039177148066776167e+22
1.066309540474782535e+22
1.094131604084652560e+22
1.122688444967472962e+22
1.151957121842854809e+22
1.181870664851623248e+22
1.213132892641772647e+22
1.244928144435531534e+22
1.277448253435593045e+22
1.310900212806869792e+22
1.344621998604639902e+22
1.379014399529461167e+22
1.414828501788597105e+22
1.451719949196560276e+22
1.489376543403973961e+22
1.528555600332091451e+22
1.568580693720833406e+22
1.609369198136561081e+22
1.651538136796765566e+22
1.694640041933272619e+22
1.738478057757636716e+22
1.783936586557967408e+22
1.830590528670126624e+22
1.877616080647928519e+22
1.926363066619591551e+22
1.976464654376841196e+22
2.027118347469485978e+22
2.079670032207113827e+22
2.133682663750974518e+22
2.188279292829752099e+22
2.244954552278565519e+22
2.303577873919990825e+22
2.362610514172040551e+22
2.423856472323563664e+22
2.487593198099948896e+22
2.551893318161298306e+22
2.618742924738110371e+22
2.687387107846436946e+22
2.756910723738296228e+22
2.828533644843388030e+22
2.903098383192614240e+22
2.979179667595750015e+22
3.056877349499996366e+22
3.136916243270578104e+22
3.219794140105968661e+22
3.304485108524061085e+22
3.391787202975189749e+22
3.480186159189305432e+22
3.568927279282656589e+22
3.662128256101554900e+22
3.757552676212862825e+22
3.852738208705097918e+22
3.953294434391412651e+22
4.056057588232938219e+22
4.157951115808449180e+22
4.265525601948229698e+22
4.377160362757443709e+22
4.489886575865471015e+22
4.607871597702799163e+22
4.729356955012742041e+22
4.850174427835367476e+22
4.977240174177583890e+22
5.108482751333207638e+22
5.241340673175958900e+22
5.378654660690387665e+22
5.520356651680703028e+22
5.663957781155729008e+22
5.810060959367541922e+22
5.964275987103443059e+22
6.120263432194725668e+22
6.279282855164532018e+22
6.443392888159250835e+22
6.611095972702626356e+22
6.780004301174581756e+22
6.958268511927383202e+22
7.138360289230371946e+22
7.321562236622516047e+22
7.513976883966745405e+22
7.710186741823980752e+22
7.908358637334672336e+22
8.112603270639723636e+22
8.325325747470003601e+22
8.541745188061147719e+22
8.766276702342833032e+22
8.998764025957055254e+22
9.234732767447286284e+22
9.475031538575839383e+22
9.726070149968156636e+22
9.979054274080945262e+22
1.023713501513246992e+23
1.050821851340929877e+23
1.078082394780494757e+23
1.106218278071270889e+23
1.135434670541379144e+23
1.165277159043905628e+23
1.195487142674330666e+23
1.227185718299210694e+23
1.259465713611928009e+23
1.292128078551501148e+23
1.325826179126647251e+23
1.360270034814992059e+23
1.394901725101905139e+23
1.431166601727416813e+23
1.468366233176832307e+23
1.506137412815527262e+23
1.545040213443342825e+23
1.585472493688970145e+23
1.626462762117830657e+23
1.668565698783446135e+23
1.712195668852660377e+23
1.757136290744791518e+23
1.802421981065761144e+23
1.849718456507774292e+23
1.897978330927766899e+23
1.947222156531654061e+23
1.998542943981220617e+23
2.050888966339439970e+23
2.104219828456416787e+23
2.159730673256763071e+23
2.216388651500009937e+23
2.273696705970754730e+23
2.333493114339768821e+23
2.394275484776428082e+23
2.455941289831995781e+23
2.521180088533035034e+23
2.587393115796079829e+23
2.654213408649915033e+23
2.724118583283827836e+23
2.795343067607791965e+23
2.866804707460950964e+23
2.941855931659396380e+23
3.018682724955507749e+23
3.095693022556361421e+23
3.175014846951780023e+23
3.257636094595920287e+23
3.340996126387053422e+23
3.427462144180481404e+23
3.517740524084534360e+23
3.609302974131659793e+23
3.703090401146444553e+23
3.799142217133768667e+23
3.897771134428348301e+23
3.999034525183101507e+23
4.103178162681438043e+23
4.209695376272650687e+23
4.318547102443369734e+23
4.431778823207528736e+23
4.548226783568647296e+23
4.666564192390123734e+23
4.788845150139993219e+23
4.913338900528874211e+23
5.040040573425593310e+23
5.173665879649248472e+23
5.309344259968906381e+23
5.446433522247876980e+23
5.589235262912843775e+23
5.735399885662538275e+23
5.883419587951130931e+23
6.036148675585836329e+23
6.193736749025674427e+23
6.353314160758863052e+23
6.517557725607413437e+23
6.688104456787601067e+23
6.861061826068295325e+23
7.038616482026391884e+23
7.224580131258848499e+23
7.412105694070144154e+23
7.604166324337632503e+23
7.802275927718015932e+23
8.005846650748737662e+23
8.212014126568116972e+23
8.424875825114882465e+23
8.645101719975275318e+23
8.866402166713999038e+23
9.096357616950269549e+23
9.333302558569388919e+23
9.573151544700454557e+23
9.823837175221324580e+23
1.008148491982931107e+24
1.034351233047706533e+24
1.061547813028148508e+24
1.089685232773730153e+24
1.117908557033806582e+24
1.147131654084778189e+24
1.177357658049500265e+24
1.207981661523728394e+24
1.239299757400678688e+24
1.271571568902987869e+24
1.304321289003101109e+24
1.338073784321910287e+24
1.373471942156830001e+24
1.409030107351781254e+24
1.445265225313127173e+24
1.483170406572248221e+24
1.521366332713878744e+24
1.560387909161798666e+24
1.601093155992370546e+24
1.642787323873947241e+24
1.684501712373767863e+24
1.728507617679263884e+24
1.772868216534551058e+24
1.817537068361151131e+24
1.864500818610690955e+24
1.912789295010751596e+24
1.961338567266639668e+24
2.012160810783215270e+24
2.064879344772100817e+24
2.118135332144264077e+24
2.173174982914980580e+24
2.230468833532028027e+24
2.288201708971346708e+24
2.347359851037266324e+24
2.409033325258274847e+24
2.471021538097606374e+24
2.534611228992803564e+24
2.600922618205567095e+24
2.667835344373026184e+24
2.736078143210604370e+24
2.807855782910808721e+24
2.880395590419566484e+24
2.953505163892801256e+24
3.029848835267380877e+24
3.108639393546280282e+24
3.188365326430464727e+24
3.270417176690403609e+24
3.355762764332903000e+24
3.442062614262193769e+24
3.531119360108293582e+24
3.623645385174295278e+24
3.717599721645157118e+24
3.814385423940915042e+24
3.914196406601641340e+24
4.015474070658376933e+24
4.120427782337396908e+24
4.229368044928466250e+24
4.339207156545481974e+24
4.451881134321931842e+24
4.569845556774976486e+24
4.688071870478109966e+24
4.809425351646952588e+24
4.934404669766332689e+24
5.062299325424025989e+24
5.193605478230296187e+24
5.329766939110845557e+24
5.470134073075929759e+24
5.611363997375526964e+24
5.757425099400464598e+24
5.908029635246975867e+24
6.060961642431791120e+24
6.219452870236127638e+24
6.381902421793443150e+24
6.546998196594474761e+24
6.719687491828979029e+24
6.898793763915646970e+24
7.079775681001430524e+24
7.265411498369313998e+24
7.457161002496893859e+24
7.650856488233392918e+24
7.851671897395211893e+24
8.058902048535405660e+24
8.265363623910409226e+24
8.480757903398973892e+24
8.705243678006482578e+24
8.933720720828247455e+24
9.166568102701954125e+24
9.407339761719671886e+24
9.653927468061730942e+24
9.901576956363155987e+24
1.016156475614613547e+25
1.042811415156267841e+25
1.069660948755471342e+25
1.097585769949764516e+25
1.126226854139873525e+25
1.154950712704395856e+25
1.185168454679786038e+25
1.216408754190136430e+25
1.247722978707574754e+25
1.280284609501396590e+25
1.313880546614070101e+25
1.347423856566948805e+25
1.382468706347442635e+25
1.418578864497953838e+25
1.455599835673289901e+25
1.493450871214525156e+25
1.532975491198691293e+25
1.572538971310515285e+25
1.613019309324900214e+25
1.655458774128318607e+25
1.698405059045630924e+25
1.742350690041091588e+25
1.788576798336481649e+25
1.835170858109151303e+25
1.882465493866361423e+25
1.932245004097372940e+25
1.982641012448314017e+25
2.033229421729697893e+25
2.086504279650022360e+25
2.141286645575946787e+25
2.196531621326125805e+25
2.253895575234144058e+25
2.313656903327763946e+25
2.373271646726691164e+25
2.435376496653136305e+25
2.500074506376640081e+25
2.564827937277017735e+25
2.631449269578367924e+25
2.700976733508141562e+25
2.770905812391512593e+25
2.842158986833399580e+25
2.917149328815964104e+25
2.992987114678683106e+25
3.070072504744503199e+25
3.150094322192714962e+25
3.231708024997048490e+25
3.314980516414741508e+25
3.400937250132542143e+25
3.489031575186064399e+25
3.579398987879487203e+25
3.673415456527613071e+25
3.770209161839357779e+25
3.867485754936408970e+25
3.968624675310290907e+25
4.073440807603080711e+25
4.178797980701963337e+25
4.289730422236557414e+25
4.403270775655966264e+25
4.516244395359247250e+25
4.634757255749645433e+25
4.756414429851737608e+25
4.879558368531824139e+25
5.007363747826855095e+25
5.139424884340721243e+25
5.273599467174336985e+25
5.411689071584338987e+25
5.554581308452453920e+25
5.698511856083437296e+25
5.844961804558061517e+25
5.998659250753773427e+25
6.154383005007922726e+25
6.313221967233577992e+25
6.478458127235467835e+25
6.646655303201642421e+25
6.816554913524410824e+25
6.993956996353861954e+25
7.176900974500044752e+25
7.362644222025715725e+25
7.556964400013429899e+25
7.756883839260804011e+25
7.958413023059932150e+25
8.166946037962061656e+25
8.381318639032470875e+25
8.594638970550548219e+25
8.816930815680260435e+25
9.048484135272322537e+25
9.278177935746823653e+25
9.516886079408439511e+25
9.767158879755838014e+25
1.002145995912432581e+26
1.028409936625334563e+26
1.055847284399226299e+26
1.083245013834412444e+26
1.111310824839155572e+26
1.140432885372480513e+26
1.170259806137527417e+26
1.200589643964361577e+26
1.232241611915007573e+26
1.264527043282487570e+26
1.297037486167439654e+26
1.331317673357007423e+26
1.366331960586760687e+26
1.401523396743415843e+26
1.438292829019920207e+26
1.476189710465268190e+26
1.514822505496386103e+26
1.554559867294349380e+26
1.595492580440483423e+26
1.636459317827082035e+26
1.679047964834620546e+26
1.723821633948055316e+26
1.768799989449234340e+26
1.814956233493761047e+26
1.862803822818227735e+26
1.911087701411326145e+26
1.960616320614446158e+26
2.012962145766366624e+26
2.065090630198863111e+26
2.117968105599192374e+26
2.173890270499074710e+26
2.230281411099706156e+26
2.288058553896252576e+26
2.348466866960641264e+26
2.409290986735224008e+26
2.470862267749254835e+26
2.536360956475532143e+26
2.602886325187867666e+26
2.670167868446099712e+26
2.740267888852326592e+26
2.812070443063387593e+26
2.884298835590553563e+26
2.958786203508247508e+26
3.035990087389474624e+26
3.114057744378734110e+26
3.194593467742336110e+26
3.279003421290339561e+26
3.364296129117403067e+26
3.452183366566728346e+26
3.543693955665686446e+26
3.634639118168440864e+26
3.729224202722563947e+26
3.826903599416791043e+26
3.926597802191534352e+26
4.027725336040391596e+26
4.133853011511047304e+26
4.240728675597647663e+26
4.350393208316802214e+26
4.466422191230916711e+26
4.583722982593161306e+26
4.702854795431912285e+26
4.828155252125361166e+26
4.956219795244117939e+26
5.084219474857013983e+26
5.216756410670404675e+26
5.353064915646670400e+26
5.489971117988384297e+26
5.632457670174969681e+26
5.780233189350301582e+26
5.928996205074161186e+26
6.083165977041602896e+26
6.242202258664323001e+26
6.403614161164103407e+26
6.570025195881525540e+26
6.743644679417367052e+26
6.918884395360666456e+26
7.098042079878899528e+26
7.285557629287427843e+26
7.475850308120936698e+26
7.668969470833514719e+26
7.871742811646163125e+26
8.077299570127171996e+26
8.285884342526841193e+26
8.506518816905498551e+26
8.729430689598651130e+26
8.952436881294652520e+26
9.187853753405400147e+26
9.427924461814746141e+26
9.669740678243605981e+26
9.922343019077008228e+26
1.018049475699013790e+27
1.044045052053818368e+27
1.071386691077780092e+27
1.099482071099131132e+27
1.128152548889101679e+27
1.157527993154395990e+27
1.188116939741304350e+27
1.218861957394124554e+27
1.250161211645912984e+27
1.283075363744904403e+27
1.316147841854357509e+27
1.350180304631326561e+27
1.385854018998541197e+27
1.421608801433707764e+27
1.458395564397223889e+27
1.496740277541635918e+27
1.535394438443442654e+27
1.574916635797349972e+27
1.616980753869857528e+27
1.659657659917497946e+27
1.702687400084427846e+27
1.747615130742356482e+27
1.793277523328319440e+27
1.839777944310053683e+27
1.888124108560672977e+27
1.938300980949465904e+27
1.988794784741521657e+27
2.040779965760036393e+27
2.094596281783783737e+27
2.148810290502284739e+27
2.204507397242113489e+27
2.262347585605961840e+27
2.320880207845765283e+27
2.380915830692236130e+27
2.443664772988624859e+27
2.506858714674549391e+27
2.572241096594956656e+27
2.640105703654965825e+27
2.708251754853489513e+27
2.778049996182238572e+27
2.850988585999820373e+27
2.925483574190309258e+27
3.000926052178506881e+27
3.080076460270444642e+27
3.160546323736464518e+27
3.242587019484415257e+27
3.328215719745196282e+27
3.416256925749090268e+27
3.504855168493900846e+27
3.597037354603371962e+27
3.691155583948414471e+27
3.787065754904945773e+27
3.886429506357411850e+27
3.989440691874765674e+27
4.092277191088470016e+27
4.198636393591196273e+27
4.310107634227257692e+27
4.420790631709542073e+27
4.535535272422590743e+27
4.655622014298892853e+27
4.776277130610675799e+27
4.898191643712343481e+27
5.026271605841909951e+27
5.155950256763611923e+27
5.285561627441814161e+27
5.423802604592616324e+27
5.562636412226432796e+27
5.703316057462708592e+27
5.853649569932462919e+27
6.005224128156820010e+27
6.158136926335380679e+27
6.318835587891713888e+27
6.482285725884526419e+27
6.648771444016299776e+27
6.822850102281796024e+27
7.002898774712374921e+27
7.183193078085411771e+27
7.369669519980598902e+27
7.562597160824887645e+27
7.757979416648158833e+27
7.961102923511523291e+27
8.171020937969423292e+27
8.381550755442605645e+27
8.600576613951207037e+27
8.828795405274280674e+27
9.056249253232818145e+27
9.289801492491452242e+27
9.534955800219058577e+27
9.784146446093562153e+27
1.003772247414368262e+28
1.030429295347600822e+28
1.057614622594060384e+28
1.084945052025601777e+28
1.113608846732596715e+28
1.142806575316509213e+28
1.172345778649120291e+28
1.203195863435954138e+28
1.234843004683243088e+28
1.266796044503049574e+28
1.300315780118391053e+28
1.334971473810752913e+28
1.369626221142136614e+28
1.405044835419628873e+28
1.442126847403097995e+28
1.479095769075919348e+28
1.517583973254814042e+28
1.558064504799674636e+28
1.598453019120929573e+28
1.639949805078840242e+28
1.683312966077129541e+28
1.726490194147161036e+28
1.770738657605311644e+28
1.817356974922609116e+28
1.864385921578613436e+28
1.912478720377447029e+28
1.962835277836218847e+28
2.013609552567750383e+28
2.065250039269885451e+28
2.120127475735138347e+28
2.175475485028234339e+28
2.231792283072791123e+28
2.290888087234494297e+28
2.350750310768036354e+28
2.411659576754948694e+28
2.475371205857610484e+28
2.540706220183248784e+28
2.606893728180984558e+28
2.675309237528660593e+28
2.745636954460998962e+28
2.817273915315837598e+28
2.891231210461009333e+28
2.968462990271356327e+28
3.045920408180433485e+28
3.125387477674106167e+28
3.208181581019112572e+28
3.290333611702729249e+28
3.375079908806654425e+28
3.463895564489774531e+28
3.553469738796753359e+28
3.644110219921217011e+28
3.740046976168751621e+28
3.837535094591506324e+28
3.935724184411273047e+28
4.039143891894290464e+28
4.144962993531105639e+28
4.251697595663532810e+28
4.363779140957569447e+28
4.478053592665454713e+28
4.593104316697362236e+28
4.712985419088335386e+28
4.837823849626446737e+28
4.962885479454378560e+28
5.091882438042166756e+28
5.225323307282693078e+28
5.359066847682936753e+28
5.498891422563435411e+28
5.645350525632263542e+28
5.792180136653554415e+28
5.944394327443560297e+28
6.101658187387925517e+28
6.259377753712284006e+28
6.420561291471150281e+28
6.590952234974075460e+28
6.763130680043167091e+28
6.938189380010006137e+28
7.122704181124710927e+28
7.309874719486490129e+28
7.500960674573870313e+28
7.700027167757728771e+28
7.903236525856760674e+28
8.108582195112253053e+28
8.324144777835095319e+28
8.545018661226611130e+28
8.766803177436574276e+28
8.997382652913570389e+28
9.236685553151012928e+28
9.474887667127215259e+28
9.722955047036838413e+28
9.982562954399814591e+28
1.024163504720779926e+29
1.050930002933660330e+29
1.078987629140230640e+29
1.107188200003407316e+29
1.136215855278524334e+29
1.166094418263169338e+29
1.196581379817752300e+29
1.227397205803824777e+29
1.259795672089549372e+29
1.292253565848554590e+29
1.325173254350046677e+29
1.360309456104254102e+29
1.395949648941908170e+29
1.431827116071272009e+29
1.469798613592715223e+29
1.508250114686162131e+29
1.546211996537066450e+29
1.586076494295651636e+29
1.627762508565996618e+29
1.669383950594611947e+29
1.712757625193068592e+29
1.757581991736501044e+29
1.802198552453701177e+29
1.849033644974845085e+29
1.897759041555620155e+29
1.946640937159540252e+29
1.997360567807717239e+29
2.050031053564032310e+29
2.102473172818608511e+29
2.156367982642399821e+29
2.213388544345115929e+29
2.270908042256540171e+29
2.329999453372545541e+29
2.392105534977810854e+29
2.454466649736493602e+29
2.518141984189788120e+29
2.584718925287706537e+29
2.653202580454004959e+29
2.721263839302142889e+29
2.793324472293856188e+29
2.867289275498918286e+29
2.941119172716523546e+29
3.018437412174958994e+29
3.097783379804008941e+29
3.177022415611999990e+29
3.260189194906711117e+29
3.347170686994576672e+29
3.434357150575948808e+29
3.524674701616567938e+29
3.617982652481669119e+29
3.711274575692937745e+29
3.807602598255652501e+29
3.907729093039371362e+29
4.007055052307453696e+29
4.110521296362793011e+29
4.220973783722605428e+29
4.330455110058557936e+29
4.442890934549272782e+29
4.561872628581317867e+29
4.681311549799297041e+29
4.801798289160207553e+29
4.928967043279097399e+29
5.058676664071413562e+29
5.189080057388908190e+29
5.326007339065684531e+29
5.466107774858712002e+29
5.606205972986715286e+29
5.753807214404259677e+29
5.904755217221225212e+29
6.053998857376574040e+29
6.212965972274783599e+29
6.376274676186358352e+29
6.539487300623405132e+29
6.710351631679504087e+29
6.890292384216436296e+29
7.070210142437546640e+29
7.255592054515949883e+29
7.449985647855700790e+29
7.644201870488047052e+29
7.844259434797020260e+29
8.053975338784837267e+29
8.264591174598146742e+29
8.477482809100043421e+29
8.701173230137322578e+29
8.926742645619450681e+29
9.156405448692620179e+29
9.396409319998111766e+29
9.642834809290674781e+29
9.894928606392644247e+29
1.015827289329124713e+30
1.042654455989007127e+30
1.069517504682674781e+30
1.097594076004183392e+30
1.126633158866131150e+30
1.155924400401140332e+30
1.186411432768370574e+30
1.217650898865382144e+30
1.249407704383698430e+30
1.281939822904380976e+30
1.315953001787872588e+30
1.350000070730881085e+30
1.384917617822903870e+30
1.421330565259220578e+30
