9.972543023452922206e-01
9.972485044271872656e-01
9.825813439336578137e-01
9.693706603775230635e-01
9.583127855538414730e-01
9.475720845986949081e-01
9.372856931195140406e-01
9.264248248805618813e-01
9.155351738006179962e-01
9.053662874589785137e-01
8.951325247113097738e-01
8.848061318813976728e-01
8.745516087660044624e-01
8.639845759636670675e-01
8.539915962952262518e-01
8.449102395189963532e-01
8.359493663389075957e-01
8.270274455842827610e-01
8.178111707722572898e-01
8.077061943152405998e-01
7.976243418387886086e-01
7.883575456888126665e-01
7.792991718062129980e-01
7.714779927753274702e-01
7.621754514323981766e-01
7.543919055312008348e-01
7.467598070162199120e-01
7.382364729196582154e-01
7.304568051873757684e-01
7.229515646200486145e-01
7.148887527418679166e-01
7.070511914832701139e-01
7.003202016969524157e-01
6.936383235851626416e-01
6.862256379356695968e-01
6.789241760856372654e-01
6.722498769601619184e-01
6.657304869775341194e-01
6.596162303638981594e-01
6.530058336195672108e-01
6.458462156484050531e-01
6.394708926551428974e-01
6.340255970713606359e-01
6.281732018800321171e-01
6.218591032240858851e-01
6.155892210611224602e-01
6.087356975940603210e-01
6.026558733278283286e-01
5.963902267413311309e-01
5.900684470091641654e-01
5.836901715757049081e-01
5.779135340752974415e-01
5.722056320524714357e-01
5.664172378370903038e-01
5.611145954171947725e-01
5.558168497830029420e-01
5.502789331423980634e-01
5.449074763853266612e-01
5.397215769823804354e-01
5.343846969916428158e-01
5.290790191767120731e-01
5.235107291188704215e-01
5.185834497931595122e-01
5.133194560981334531e-01
5.085349751735419588e-01
5.037450993237986285e-01
4.988338483735357265e-01
4.938315020966451696e-01
4.890482911320306325e-01
4.842538031779874408e-01
4.798978369897550778e-01
4.755741646104781895e-01
4.711558708713228238e-01
4.664483641986583162e-01
4.617087003035613701e-01
4.572398179338893476e-01
4.526705315049740497e-01
4.480753131356418062e-01
4.441489903817996687e-01
4.402251793864712659e-01
4.357793348981342518e-01
4.321285472130397820e-01
4.281836688991474404e-01
4.238203249704264319e-01
4.199366278936815244e-01
4.161261517061321524e-01
4.123420188985436052e-01
4.086204015679377743e-01
4.048587173031578113e-01
4.013643240727167161e-01
3.975862097955519259e-01
3.944261132889272381e-01
3.912157733715302954e-01
3.875699852543437185e-01
3.845338191598277056e-01
3.813796799972469787e-01
3.781160123141611984e-01
3.751266626791394110e-01
3.719875165157978114e-01
3.688995401515285377e-01
3.658910991213774611e-01
3.628807576638934940e-01
3.597309913751807753e-01
3.567668178346198871e-01
3.539140537301275202e-01
3.511027316355848638e-01
3.486062059790991374e-01
3.459292617605208564e-01
3.431300581932639759e-01
3.404338954328657296e-01
3.377562239407129185e-01
3.350093799317863108e-01
3.322416841348887484e-01
3.299048473305840612e-01
3.271766749717691658e-01
3.247930877045732134e-01
3.229315469154570017e-01
3.206155984326038433e-01
3.184684871902503378e-01
3.163421274421319707e-01
3.142697557529616215e-01
3.124099494073033778e-01
3.106806956219014260e-01
3.086909441386611053e-01
3.066235986634555655e-01
3.049705275601134469e-01
3.029896680262808006e-01
3.012804049363154713e-01
2.996225751813937355e-01
2.978425603048251435e-01
2.962980488942573709e-01
2.944984656471193452e-01
2.927253162103637396e-01
2.910098037723805597e-01
2.893154615996916812e-01
2.876523154571682395e-01
2.861496215748057792e-01
2.844846358797686880e-01
2.827126034076937189e-01
2.811847980082853304e-01
2.798006947589583571e-01
2.784286240591803963e-01
2.766681202434332909e-01
2.750611713284711324e-01
2.736399801939310983e-01
2.720384347716878759e-01
2.708531259359477361e-01
2.695360728881944778e-01
2.682326951609657617e-01
2.670900177179779122e-01
2.661014138555352626e-01
2.648911264789008402e-01
2.636418321779790963e-01
2.627965844942083407e-01
2.617620358037195949e-01
2.609700246051079309e-01
2.602434028793868537e-01
2.592501371842341751e-01
2.585388464767905403e-01
2.577180497246016055e-01
2.569376621245160752e-01
2.561710496007417182e-01
2.552574940444667373e-01
2.545258949062004783e-01
2.539421395427866046e-01
2.531736792604700192e-01
2.525085460108484892e-01
2.518362382480291983e-01
2.511031537017987536e-01
2.504947851701191386e-01
2.498042548512038052e-01
2.493589455439269575e-01
2.487571202525327985e-01
2.479463550552308826e-01
2.476292354381146310e-01
2.471468722992873901e-01
2.467045884347837947e-01
2.467042046895531471e-01
2.464001411807009989e-01
2.460176973652648258e-01
2.458858524005892165e-01
2.454853841831871608e-01
2.451778688041785781e-01
2.449195950521748100e-01
2.447954188328420877e-01
2.447627523851426956e-01
2.447678551807120351e-01
2.447527839403210170e-01
2.446753538276777162e-01
2.447459198182714291e-01
2.448297524530795022e-01
2.448373025885469123e-01
2.448265384695098024e-01
2.450144618472029912e-01
2.453180912144577175e-01
2.456518421366627181e-01
2.458856485717547669e-01
2.462645394699513879e-01
2.469409377767164127e-01
2.476145988460310976e-01
2.479394915982204017e-01
2.485327394777170906e-01
2.491435967945706820e-01
2.494899161678537092e-01
2.501116371837397434e-01
2.510486212824347696e-01
2.515883552996189820e-01
2.522799723487733070e-01
2.533703753109218804e-01
2.539991969743035094e-01
2.547424536850866894e-01
2.558581167684529367e-01
2.567977882890579155e-01
2.576170646165612532e-01
2.588538495453815980e-01
2.599998085289439986e-01
2.609109825807564009e-01
2.621794047991899412e-01
2.633835129989769430e-01
2.644073712034883394e-01
2.656159845176248036e-01
2.670463469856706462e-01
2.684186185732898022e-01
2.698637660148247575e-01
2.712180227574770841e-01
2.725703040877889283e-01
2.740023496261771441e-01
2.754240188433306757e-01
2.766838811799027797e-01
2.784155905551341514e-01
2.804508438158684336e-01
2.821065064793389920e-01
2.839539185198606264e-01
2.864699412358158725e-01
2.881900574027062567e-01
2.899010379318392450e-01
2.922814700780866359e-01
2.943223334449391326e-01
2.962160778131973649e-01
2.986366614892942972e-01
3.009186882517431716e-01
3.029733202696781591e-01
3.055640065527178151e-01
3.078788648479275913e-01
3.099093555012171763e-01
3.125266043041948771e-01
3.152879904444138015e-01
3.176503722269370944e-01
3.201550833971371079e-01
3.230129125704711557e-01
3.257701530588019145e-01
3.287074188369965566e-01
3.321996066191744146e-01
3.353804485088937581e-01
3.384401384528559209e-01
3.421597247183385537e-01
3.453280388201420137e-01
3.486344723358643094e-01
3.523848876136006503e-01
3.552697738034359953e-01
3.585570568805681035e-01
3.621356754328253769e-01
3.653500521311528471e-01
3.686000935630793229e-01
3.726987193982566060e-01
3.770157689494703646e-01
3.806797270840768799e-01
3.853618359197190646e-01
3.897245368376422436e-01
3.935886440293702715e-01
3.976464101145634755e-01
4.023679355989224216e-01
4.064773510931083411e-01
4.109483352731201355e-01
4.157978493764939998e-01
4.198677400347939903e-01
4.242869721957738816e-01
4.294111138152091334e-01
4.342042175947441462e-01
4.389806536121355629e-01
4.441212811123990689e-01
4.482568704874229093e-01
4.529396816762726319e-01
4.581054492014949853e-01
4.630219756377623175e-01
4.679932317342019310e-01
4.737632448806417540e-01
4.794105947628762299e-01
4.845700240544715265e-01
4.890979761215076271e-01
4.951450882333764403e-01
4.999209364050208326e-01
5.053497445066937876e-01
5.119814923916601312e-01
5.177484779877007393e-01
5.238549830118336414e-01
5.296501646836460075e-01
5.346239865589842433e-01
5.410478330949649584e-01
5.466972793651958540e-01
5.524390442275504132e-01
5.587413301051399328e-01
5.653822749319282748e-01
5.719148610420610179e-01
5.789338263577532562e-01
5.870656815951533769e-01
5.940503561751300232e-01
6.012387795760830711e-01
6.097232982070461826e-01
6.176257383697081327e-01
6.252287483798413259e-01
6.335505743791853828e-01
6.410948750204932267e-01
6.481825555342644041e-01
6.562580436572886811e-01
6.646399480844862317e-01
6.718704846879207659e-01
6.804234352891984638e-01
6.898199818423649265e-01
6.983521797504588235e-01
7.079199563599413159e-01
7.167393209135546339e-01
7.245214215533163360e-01
7.322227115635380201e-01
7.412101464413444196e-01
7.498084151446970935e-01
7.604460684671455750e-01
7.717040205711060974e-01
7.809282288435537289e-01
7.908667493086575240e-01
8.017722891097529558e-01
8.131452466831210479e-01
8.238123625560936913e-01
8.361437003234477583e-01
8.489659223401821997e-01
8.608968148868060277e-01
8.738628445232795583e-01
8.848532654096836758e-01
8.966999151111253452e-01
9.107155832531229622e-01
9.235035310065163872e-01
9.360615993591168138e-01
9.490330650423340897e-01
9.629852632083002462e-01
9.745923258192743521e-01
9.854031148900415094e-01
9.990234630041446851e-01
1.012608091477102068e+00
1.028032471400976533e+00
1.043331421457662334e+00
1.057369794167208665e+00
1.072403560834089387e+00
1.087089806485607379e+00
1.101303499279903564e+00
1.116569579646213395e+00
1.133423072739775606e+00
1.150377348786599585e+00
1.167635145164234611e+00
1.185647836310155467e+00
1.200580388532428211e+00
1.216483858971480370e+00
1.234435778278367923e+00
1.250872349832753638e+00
1.269076944364106119e+00
1.287540099729088228e+00
1.306664968034968677e+00
1.325145063001218704e+00
1.344119734747404538e+00
1.363151536154399546e+00
1.382275554711791754e+00
1.403094783351289676e+00
1.424387981135541104e+00
1.444230415194810213e+00
1.464774688460360963e+00
1.486953187092803441e+00
1.505202144385966667e+00
1.525052921854582522e+00
1.546126997972017802e+00
1.566426692361471362e+00
1.588626719861329084e+00
1.613275966042390097e+00
1.635774363978097723e+00
1.660622985804743879e+00
1.686696588489644766e+00
1.711378683822227131e+00
1.734919659888257915e+00
1.759118224343442893e+00
1.786529303927426593e+00
1.813681073078094785e+00
1.843943507672476612e+00
1.872075051851421312e+00
1.899667454716700066e+00
1.929892496618099917e+00
1.956814302112662496e+00
1.983383210951753295e+00
2.013110429012184177e+00
2.044410354626240878e+00
2.074340745852750967e+00
2.106855305445185511e+00
2.141828041834536567e+00
2.172688591362497146e+00
2.205202797388676306e+00
2.239429995009380114e+00
2.269150016872472975e+00
2.299794188331894862e+00
2.333913272421219709e+00
2.367030552335727123e+00
2.402501806056247080e+00
2.441448927806913360e+00
2.477142468442668832e+00
2.516820503723800062e+00
2.560144807036459635e+00
2.597222854652089907e+00
2.637448531592819556e+00
2.680943116477028987e+00
2.721420491509030537e+00
2.761529588587392503e+00
2.805993199333757904e+00
2.849404154074647089e+00
2.890949542051926446e+00
2.938186249233954328e+00
2.984004469758855027e+00
3.026865061287256520e+00
3.076239072652945605e+00
3.126131296142911076e+00
3.170068749262795915e+00
3.220545072995559810e+00
3.270423401216991710e+00
3.314360182669116917e+00
3.363808981867044690e+00
3.416306209570884267e+00
3.464012897294317384e+00
3.508942994437707075e+00
3.559326509413281769e+00
3.609384030325387016e+00
3.660545813956081140e+00
3.718374210147707526e+00
3.776216660095828015e+00
3.833497191116426173e+00
3.901593313915925787e+00
3.966262679387302370e+00
4.026272517230480297e+00
4.087653842898258283e+00
4.147758788589233525e+00
4.204092463483183550e+00
4.264009817347377940e+00
4.327901990664024368e+00
4.392818392796000282e+00
4.464719783114694529e+00
4.538252572956479547e+00
4.602741832583378212e+00
4.670720107497417395e+00
4.743246953194804938e+00
4.813865328611047545e+00
4.890002169258846898e+00
4.970500868879705436e+00
5.038450955601144088e+00
5.110574415133945614e+00
5.189742834555493900e+00
5.260027704831781392e+00
5.341265539611930180e+00
5.434864111960453492e+00
5.520990512570168818e+00
5.602897244655242304e+00
5.695841724451180532e+00
5.775247049893611262e+00
5.849429490664620701e+00
5.941018658403258712e+00
6.030363245488224777e+00
6.121942745777042560e+00
6.233709816518236302e+00
6.334563036821249327e+00
6.428012561200858066e+00
6.532510790979123350e+00
6.640964937885349251e+00
6.752899935112828267e+00
6.868285551308895620e+00
6.985984368769892150e+00
7.089774364907115434e+00
7.208950179494265420e+00
7.328952580555425200e+00
7.437069017086541223e+00
7.558813624303985179e+00
7.691994784048683087e+00
7.811034971697157658e+00
7.942414928017001330e+00
8.081390010701666071e+00
8.201783519558633273e+00
8.323702005084882671e+00
8.455692364628282220e+00
8.595558389486654960e+00
8.736106802094806056e+00
8.897140750353717209e+00
9.045505904197472802e+00
9.186197803878991763e+00
9.332385518901970656e+00
9.482063434384496503e+00
9.624936651564999224e+00
9.777131166434340770e+00
9.934319784189138858e+00
1.007309906229831498e+01
1.023544258169382459e+01
1.039869819425415365e+01
1.055138389328077864e+01
1.073586552198658950e+01
1.093380914342899679e+01
1.109550979898092926e+01
1.127805691594042869e+01
1.147703678467889965e+01
1.164970876469288363e+01
1.182362336257460456e+01
1.201140312364440454e+01
1.218562015370344653e+01
1.237711219912001326e+01
1.258098456466160897e+01
1.278718413290924794e+01
1.297264246004918142e+01
1.317417107313512759e+01
1.336580580941094887e+01
1.354682305138620890e+01
1.377879019949859263e+01
1.396779564961235565e+01
1.416669380827144487e+01
1.440986913474100461e+01
1.465470400661832251e+01
1.487557892107273894e+01
1.511492186669995696e+01
1.536731629505837837e+01
1.559622682003908523e+01
1.581906837424768852e+01
1.607640151148471830e+01
1.632943233457487509e+01
1.658344310865457771e+01
1.684967378727984055e+01
1.710756823957104444e+01
1.738647511523257094e+01
1.770235969218678207e+01
1.796081045522998210e+01
1.823796871755433813e+01
1.854381723436172535e+01
1.883051356376711283e+01
1.910404933947388884e+01
1.938600223705156367e+01
1.970349074007778256e+01
2.000557519278314444e+01
2.033535038413392471e+01
2.068324641622453086e+01
2.100364453711813084e+01
2.137550548553705454e+01
2.174580170960443937e+01
2.207190048639934332e+01
2.240422671904102714e+01
2.273543928433083039e+01
2.309144911971117864e+01
2.338154186560447201e+01
2.369994422689828184e+01
2.406450726595044642e+01
2.441415556578191115e+01
2.477145766612343181e+01
2.512895143537984666e+01
2.549995459027704570e+01
2.590783953286523911e+01
2.633471704442835915e+01
2.673656151282666471e+01
2.715476985204798055e+01
2.758149958916778743e+01
2.800324597625278855e+01
2.845232372252931796e+01
2.886033190668867476e+01
2.927747994453772762e+01
2.967275437987025200e+01
3.012753980179350677e+01
3.061688852271054984e+01
3.102666901667921096e+01
3.152828488816371078e+01
3.201525854152963291e+01
3.245935772838423361e+01
3.294781571296207545e+01
3.346828660860442284e+01
3.387669142072274298e+01
3.437317056156381057e+01
3.498619742678653921e+01
3.552652016258218737e+01
3.608724610275675104e+01
3.671925233119056742e+01
3.726633325745119407e+01
3.784221150986937232e+01
3.850079221753998127e+01
3.916343017192015452e+01
3.982701928995018648e+01
4.052217393029780368e+01
4.118510133271803397e+01
4.185597141746293204e+01
4.258530006788451061e+01
4.328002893385441041e+01
4.394270645825137223e+01
4.470267494656510365e+01
4.545507999816725686e+01
4.616113223432834900e+01
4.693888481789834088e+01
4.769075741037690364e+01
4.846593498271091960e+01
4.924229222370941983e+01
