3.945394954300631210e-03
3.945394954300631210e-03
3.930886501887391644e-03
3.919539608710112359e-03
3.906127664486874502e-03
3.892317321574877576e-03
3.882619382602228025e-03
3.872565644393055530e-03
3.864551641738310853e-03
3.855275789287450090e-03
3.846206076716873323e-03
3.837434510342895358e-03
3.827268589750755165e-03
3.816846585492349522e-03
3.810199663602355149e-03
3.802740037663572114e-03
3.794775442085945773e-03
3.787897562003897552e-03
3.781550136338861050e-03
3.772313687342284446e-03
3.764360472689948830e-03
3.758330509379214420e-03
3.750640769993213684e-03
3.742564457453276087e-03
3.734294662578410955e-03
3.726773037515247484e-03
3.717715637286113112e-03
3.710534979042820047e-03
3.702226809106034210e-03
3.693882889437906901e-03
3.686621153939697530e-03
3.678951952920635812e-03
3.671200437137372638e-03
3.662012084105751956e-03
3.654650422258822265e-03
3.647076281352114747e-03
3.640296175014359238e-03
3.633843688220852585e-03
3.627857613615339920e-03
3.620819933793721548e-03
3.614029627421427252e-03
3.607877808476049348e-03
3.599941747202143640e-03
3.592815463848748111e-03
3.586513371965708175e-03
3.579837027340263510e-03
3.573674912019314445e-03
3.566666920657088347e-03
3.559158147213944794e-03
3.551355753246467767e-03
3.545184298587715586e-03
3.537384709854074580e-03
3.530459445436950460e-03
3.523626702074858941e-03
3.516985494440895161e-03
3.511260603630275527e-03
3.504515098859458527e-03
3.497575008032039173e-03
3.490602372053537485e-03
3.483323001233114714e-03
3.476535170490836074e-03
3.469267631614230372e-03
3.462327679882348623e-03
3.454245339981359356e-03
3.447712136887980464e-03
3.441016330568463528e-03
3.434833649947340289e-03
3.427654039820465532e-03
3.420183693725083272e-03
3.413075028970789966e-03
3.406526113912122355e-03
3.399669719151330628e-03
3.393521717090912729e-03
3.387348970128718339e-03
3.382850423159733562e-03
3.376920750247237001e-03
3.371218426762440535e-03
3.364711083395472216e-03
3.359269080806172748e-03
3.352962079132333195e-03
3.346074084633475672e-03
3.340387677039447292e-03
3.334856303446875024e-03
3.329109431068860529e-03
3.323202979580838247e-03
3.316833062633856369e-03
3.313325472346717940e-03
3.307978962013168826e-03
3.302707467815318813e-03
3.296241022832178524e-03
3.291484219199516080e-03
3.284363070560309111e-03
3.279183796050785370e-03
3.273991427393636508e-03
3.268511776388740610e-03
3.263229337087259450e-03
3.256703651193411809e-03
3.250449157271973529e-03
3.244620371919473226e-03
3.239089334514146969e-03
3.233388532159793896e-03
3.228236820227110403e-03
3.221768382187487675e-03
3.216616114387090344e-03
3.210511027415984073e-03
3.205483215640002239e-03
3.200727012211951068e-03
3.194471531525747404e-03
3.188967839014888832e-03
3.183763882362783577e-03
3.177774010312831715e-03
3.172016672815304063e-03
3.167521349354116781e-03
3.162359623613601300e-03
3.156519832117848142e-03
3.151570502490960539e-03
3.146720095805701032e-03
3.142140273620050092e-03
3.137037203333864575e-03
3.131699634236962369e-03
3.126335650798512354e-03
3.120765410810344247e-03
3.116721610123705279e-03
3.111147683137414997e-03
3.105966738930997489e-03
3.100714511429939271e-03
3.095173633252978375e-03
3.089629208701242906e-03
3.084762038863571657e-03
3.079680437377239899e-03
3.073101262824599715e-03
3.068285971370489709e-03
3.063920810428928318e-03
3.057229481506747084e-03
3.051255144799905252e-03
3.045410429172077348e-03
3.040447574261688924e-03
3.034942777279881626e-03
3.031273562068788775e-03
3.026413616531533658e-03
3.021223273438324464e-03
3.016223170820510249e-03
3.011486702013025252e-03
3.007040012750282487e-03
3.001905511703433557e-03
2.997594945536767932e-03
2.991743802356541283e-03
2.986387235953267844e-03
2.981249448047562645e-03
2.976762471601157416e-03
2.971909144260960391e-03
2.967374699577736939e-03
2.961922718293091752e-03
2.956780800604012771e-03
2.951520251008980106e-03
2.946272934076322580e-03
2.941819145745897587e-03
2.936732769636059802e-03
2.931762279025145520e-03
2.926626446083588351e-03
2.920563960745941722e-03
2.916419602117296516e-03
2.911987254020877245e-03
2.906355148574383054e-03
2.902468540101005648e-03
2.897907672578840192e-03
2.893586409968010569e-03
2.888859797208604384e-03
2.886019865698289614e-03
2.881745084571445126e-03
2.875586259062862596e-03
2.871187947073469866e-03
2.866621852108953462e-03
2.861755332887233085e-03
2.856675110017986834e-03
2.852602230662705171e-03
2.847200858662695018e-03
2.843181045278689398e-03
2.838125959866034248e-03
2.833473871161073816e-03
2.828973293071921583e-03
2.825119630836700653e-03
2.821069780616239451e-03
2.817131525410932272e-03
2.813792150211155002e-03
2.808404126111987194e-03
2.803702709534781987e-03
2.799716148801886014e-03
2.796002716475662342e-03
2.791451146911759149e-03
2.787622967493081326e-03
2.783637497365926920e-03
2.778354203792725990e-03
2.774030028926151650e-03
2.769828534296994455e-03
2.765578998824340384e-03
2.760750519114118194e-03
2.756522686632218930e-03
2.751877301207914742e-03
2.747328740348988982e-03
2.742554698445609420e-03
2.739499248327381935e-03
2.736443080229258862e-03
2.732007269667432320e-03
2.727784230105177992e-03
2.723783515184780707e-03
2.719307709014896074e-03
2.716432239909265158e-03
2.712720985219637271e-03
2.708092075397927970e-03
2.703581205972229329e-03
2.698702764165974727e-03
2.695303770787698013e-03
2.691152684256296196e-03
2.687048533243967252e-03
2.683130946224375913e-03
2.678640355806150963e-03
2.674012144960448509e-03
2.670082797700036505e-03
2.665672480111280166e-03
2.662515965921026170e-03
2.658203724694219606e-03
2.654912011071606463e-03
2.650918440731400965e-03
2.647494778686895148e-03
2.643462236967440530e-03
2.639173505530651928e-03
2.635180919261433889e-03
2.631535312745398973e-03
2.627496803118958054e-03
2.624350162672018337e-03
2.620921328651875260e-03
2.617270727272999302e-03
2.613706440524435435e-03
2.611143697288102489e-03
2.607279774346630326e-03
2.603953296614594428e-03
2.600304042732536156e-03
2.596112998092346431e-03
2.592263663391108572e-03
2.588788574129583138e-03
2.585255083016621633e-03
2.580439108225004389e-03
2.577417209215538373e-03
2.573799584155598771e-03
2.570102213477399710e-03
2.566438099483867637e-03
2.562515829391493437e-03
2.559622693343117841e-03
2.556168976030704330e-03
2.552121249520403982e-03
2.548136821244000646e-03
2.544163470137704702e-03
2.540498814252576364e-03
2.537040521278813472e-03
2.532539971242179014e-03
2.529127975367158505e-03
2.525370313577485031e-03
2.521076554428885313e-03
2.517836358019664555e-03
2.514635970761595982e-03
2.510202594279037011e-03
2.507230304414991527e-03
2.505020489932869611e-03
2.500835304373946050e-03
2.497159667577322079e-03
2.494130864913275333e-03
2.491879672201952316e-03
2.488634969399957861e-03
2.485240126900701858e-03
2.481092697327972989e-03
2.477707842130860271e-03
2.474338065408072159e-03
2.471323518725825411e-03
2.467554318379450249e-03
2.464121127465976682e-03
2.460612989370440651e-03
2.456780141055313251e-03
2.452856291991008849e-03
2.449022079625979339e-03
2.445552565998981333e-03
2.442775836365048726e-03
2.439561590312538247e-03
2.435460629459233403e-03
2.432005711768474125e-03
2.428739863438239815e-03
2.425973783183334263e-03
2.422790445217941693e-03
2.419364288481335844e-03
2.416652838159325835e-03
2.414241535015639994e-03
2.410989217212391404e-03
2.407041643532193635e-03
2.404236397783966490e-03
2.401506672546395178e-03
2.398561548224662290e-03
2.394641161196292296e-03
2.391801121219908066e-03
2.389350606910775696e-03
2.386771340686045552e-03
2.384138896361721448e-03
2.381493967738948590e-03
2.378752747527872972e-03
2.375757224356637477e-03
2.371256463512537785e-03
2.368426449702556308e-03
2.365561322914617754e-03
2.362750809202694702e-03
2.360390188179883973e-03
2.356564859754117086e-03
2.353381349093220786e-03
2.350832497054648491e-03
2.347422061494591154e-03
2.343960586918414878e-03
2.340921603604963902e-03
2.338375306803099161e-03
2.335789656472994462e-03
2.331424502748258732e-03
2.328989953854379655e-03
2.325877818526048656e-03
2.322925987386403532e-03
2.320454023422287987e-03
2.317527645954380478e-03
2.314144760862647376e-03
2.310781635186067839e-03
2.307680474700444205e-03
2.305544389409856874e-03
2.303151677108367882e-03
2.300713240998882546e-03
2.297661719485826273e-03
2.294543416835277249e-03
2.291308944702365093e-03
2.288165253361436856e-03
2.285516552326817118e-03
2.282835070633490795e-03
2.279627655216885304e-03
2.276944382967586826e-03
2.275049050968179672e-03
2.271399410944752520e-03
2.268333969832569703e-03
2.265822204056749598e-03
2.263485798127894914e-03
2.260198593047938603e-03
2.257490178678581930e-03
2.254913499640193251e-03
2.252562267563930267e-03
2.250300039619227387e-03
2.247275122124162312e-03
2.244400125041087855e-03
2.241915832807688403e-03
2.239303378612690892e-03
2.236576540772468574e-03
2.234209074341976606e-03
2.231182899933641019e-03
2.228103413001967202e-03
2.225565000489615822e-03
2.223009391119480302e-03
2.221017801902245604e-03
2.218885947183274390e-03
2.216038382171805089e-03
2.213549837228137931e-03
2.211244046337894689e-03
2.208799354869904735e-03
2.205715444492064702e-03
2.202160930591662204e-03
2.199767451098239100e-03
2.196727834753735200e-03
2.193767895196531599e-03
2.190729280764074950e-03
2.188528351158862319e-03
2.185641992151206130e-03
2.182461715283054698e-03
2.180144600758614475e-03
2.177912232132438435e-03
2.175538899959263226e-03
2.172499446497307054e-03
2.169707505893329717e-03
2.167160573138132880e-03
2.165117283295033522e-03
2.161985348113743075e-03
2.159381457460534878e-03
2.157333180178590357e-03
2.154701422933752008e-03
2.151898082370601838e-03
2.149449856265994632e-03
2.146935025828350732e-03
2.144229870106336040e-03
2.142837728838959972e-03
2.141323593130019590e-03
2.138085850177354370e-03
2.134815826678850784e-03
2.131633780085612825e-03
2.129820995259115290e-03
2.127505254446575809e-03
2.125712950212485172e-03
2.124137459361983248e-03
2.121608092729980900e-03
2.119257973887025970e-03
2.117624175803838743e-03
2.115530072299019650e-03
2.113167261400001901e-03
2.112297285192830248e-03
2.110227847348843978e-03
2.107904699821708683e-03
2.106077720642559117e-03
2.103618920859239363e-03
2.101293291526679270e-03
2.098111391199545574e-03
2.097179552307148163e-03
2.094702297527665201e-03
2.092223749966700980e-03
2.090539635260689304e-03
2.088469981478889397e-03
2.086913016959817801e-03
2.084429133814386277e-03
2.082562789855752459e-03
2.080359897439357144e-03
2.078326714502706698e-03
2.077049190426410400e-03
2.074661882540567749e-03
2.072182706513117211e-03
2.070281896666343376e-03
2.068282998717124906e-03
2.066034603627146977e-03
2.063887223772742016e-03
2.062011696247858725e-03
2.059606719597120456e-03
2.057526592674022332e-03
2.054962437408867394e-03
2.052685549592026242e-03
2.050526326224672274e-03
2.048073246669675652e-03
2.046340961509107367e-03
2.044487099061145785e-03
2.041756059395077004e-03
2.039655033281653068e-03
2.037731179307808276e-03
2.035268908477892106e-03
2.033819623106884744e-03
2.031558271654930036e-03
2.029795699601536461e-03
2.028513993548535996e-03
2.025257583507830521e-03
2.024027163892240782e-03
2.021809466090204038e-03
2.019705235877285263e-03
2.017708719662322792e-03
2.015863390128017681e-03
2.013825858893116688e-03
2.011355475416683712e-03
2.009181715911184576e-03
2.007064465870124839e-03
2.005402407327035261e-03
2.002870590254590775e-03
2.000532510296536975e-03
1.998467818057710847e-03
1.997090131458850726e-03
1.995139107242547248e-03
1.993187685951463162e-03
1.991371584953701823e-03
1.989269015484384281e-03
1.987543520180672877e-03
1.985629822266089025e-03
1.983521378186069509e-03
1.982731287708019031e-03
1.980662145039951191e-03
1.978564554085353484e-03
1.977152895209226876e-03
1.974969460105534431e-03
1.972954474235239907e-03
1.970701339513214467e-03
1.969705720667776737e-03
1.967024761820111711e-03
1.965339080853433298e-03
1.963272851964209965e-03
1.961717568911895433e-03
1.959858475729876152e-03
1.957234424990391373e-03
1.955955498070547152e-03
1.953986297617741653e-03
1.951802705770957829e-03
1.950195042512773737e-03
1.948235500311653852e-03
1.946474969556576638e-03
1.944952508690128657e-03
1.943029950252801556e-03
1.942115980610048141e-03
1.940176931848596820e-03
1.938547683030696555e-03
1.936831672043050952e-03
1.935060774963826783e-03
1.934415596540100179e-03
1.932041403857240628e-03
1.929827110387471577e-03
1.928237981365071851e-03
1.926216683121394213e-03
1.924634636134140526e-03
1.922685768595044529e-03
1.920796229454648646e-03
1.920015177930992816e-03
1.918018057221862081e-03
1.916363813578499196e-03
1.915017918872404575e-03
1.913317941663659040e-03
1.912247971023533881e-03
1.909947122192874689e-03
1.908349131196072608e-03
1.906869528646448720e-03
1.904760673855347090e-03
1.902668107292524195e-03
1.901739462594375729e-03
1.899695355805682516e-03
1.897239128633352451e-03
1.895728144539673369e-03
1.893805978096199877e-03
1.892500283743163599e-03
1.890864453172741433e-03
1.889257852545606032e-03
1.886569688066914042e-03
1.885359126100092687e-03
1.883193780780423624e-03
1.882175843616140957e-03
1.880780018860878870e-03
1.879216535323579478e-03
1.876633803609038635e-03
1.875849347329162789e-03
1.874434989697539543e-03
1.872522229173835453e-03
1.870451710643566100e-03
1.869652088014860450e-03
1.867899620918664913e-03
1.866339498228226099e-03
1.863886492023668047e-03
1.862976828439876506e-03
1.861231478468936646e-03
1.859292701463069290e-03
1.858312982181388722e-03
1.856122433985590717e-03
1.854440127203160716e-03
1.853080521351959005e-03
1.850984981947610426e-03
1.850427272183271339e-03
1.847798927071588873e-03
1.845607136795061800e-03
1.844378627030481823e-03
1.843065947525465926e-03
1.841879572617689418e-03
1.840278059472633511e-03
1.838304138664270193e-03
1.836951275427172467e-03
1.835597830506312603e-03
1.833418838151881086e-03
1.831808753491638965e-03
1.830237609211337593e-03
1.828630816839613886e-03
1.826966673378151596e-03
1.825372305279713420e-03
1.823420406760857928e-03
1.823136465484190413e-03
1.821020276182687197e-03
1.819196539891026337e-03
1.817973477476040765e-03
1.815749656219625046e-03
1.815010988214149981e-03
1.812596632978482432e-03
1.811845281902186135e-03
1.810040418219559201e-03
1.807874558761953052e-03
1.806913601128417278e-03
1.805383146274002490e-03
1.803730699306735482e-03
1.802936703102427833e-03
1.800750839865471273e-03
1.798772451449894959e-03
1.797672351959746879e-03
1.795870096439604975e-03
1.795051323943492238e-03
1.793646220390661752e-03
1.791787256157505778e-03
1.789797147452604469e-03
1.788738775923355952e-03
1.787582508553851174e-03
1.786351408676744830e-03
1.785568724317658984e-03
1.784405861151040426e-03
1.782917670178777890e-03
1.781901298921762357e-03
1.779833338759063749e-03
1.778260635109247785e-03
1.777277590228838744e-03
1.775851136586266985e-03
1.774547158770604536e-03
1.773541000293117533e-03
1.771777997763298836e-03
1.770958161521609883e-03
1.769603855032580563e-03
1.767610575785402184e-03
1.766701765946997313e-03
1.765804599180916196e-03
1.764402136754355437e-03
1.762924589312797261e-03
1.762126682882852189e-03
1.760323746453780567e-03
1.758982485218264303e-03
1.757336016158132959e-03
1.755624389002908561e-03
1.754650906708673814e-03
1.753378248899938084e-03
1.751910561768764505e-03
1.751273588215653074e-03
1.748925019115066867e-03
1.747419679880659205e-03
1.745883332864123358e-03
1.745409291612267820e-03
1.743757309038172732e-03
1.742406096469487509e-03
1.740997472064548029e-03
1.739495731638702938e-03
1.738829820759421694e-03
1.737464049918544754e-03
1.736372464835386027e-03
1.735115881745357032e-03
1.733140865498379330e-03
1.731766273979294148e-03
1.730888694451097193e-03
1.729770801218721843e-03
1.728521137771582344e-03
1.728166067037157890e-03
1.725890972245678169e-03
1.724680116341799395e-03
1.723223865219750952e-03
1.722261366004650303e-03
1.720417281977165485e-03
1.719255581999177196e-03
1.717843085367742537e-03
1.717596448051238308e-03
1.716062780073613096e-03
1.714406832891769141e-03
1.712936447207572595e-03
1.711828022906932301e-03
1.710067066296926076e-03
1.709702653381102271e-03
1.707979677903148207e-03
1.707310222523448747e-03
1.705866813867812663e-03
1.705115215224993312e-03
1.704173314966188997e-03
1.703684858268218662e-03
1.702625004243924151e-03
1.701163925627793491e-03
1.700191776026863414e-03
1.698769501135055258e-03
1.697764250294013207e-03
1.697124701098509702e-03
1.695849750155633499e-03
1.694617985868207858e-03
1.693454012827784894e-03
1.692173710819716397e-03
1.691211942826081937e-03
1.690398953713644591e-03
1.689544061103471313e-03
1.688629124965027994e-03
1.686759160966688677e-03
1.685945184432100126e-03
1.684413695992864526e-03
1.683499788277608746e-03
1.682126081979635687e-03
1.682102582984433070e-03
1.680469061383923308e-03
1.679579886971800532e-03
1.678910003111673717e-03
1.677681340533869209e-03
1.676941434701345168e-03
1.675015861067636431e-03
1.674655909711670297e-03
1.673287372367233917e-03
1.672767319185839135e-03
1.671857754248306724e-03
1.669854423695430433e-03
1.669198763262544740e-03
1.668197792635026143e-03
1.667165740090752971e-03
1.666838249927868679e-03
1.665663111297660060e-03
1.664873437654481540e-03
1.664010081004057250e-03
1.662983200023078001e-03
1.662063444639838052e-03
1.660941822086225679e-03
1.660333312986270963e-03
1.658617644594708373e-03
1.658004170332915339e-03
1.657103811016841189e-03
1.656694963390691879e-03
1.655902066954075208e-03
1.655088334792744831e-03
1.654282410924006385e-03
1.653141870553123845e-03
1.651745107290053831e-03
1.650548453212900531e-03
1.649720729975743616e-03
1.649219216033475776e-03
1.647977257187950963e-03
1.646984612563513360e-03
1.646186715254951407e-03
1.644853237707067511e-03
1.643239522939768859e-03
1.643348498227702138e-03
1.642148327484366840e-03
1.641633404972223055e-03
1.639894376970555279e-03
1.640052501829287459e-03
1.638845663044609553e-03
1.638012519054748289e-03
1.636959712683533179e-03
1.636184549604069016e-03
1.635724284390930152e-03
1.634968352905760485e-03
1.634056071726839579e-03
1.633141317104498539e-03
1.632411023189769611e-03
1.630548940119759494e-03
1.629785231045458071e-03
1.628297695326194746e-03
1.627397001886765528e-03
1.626625877646324572e-03
1.626085762723792098e-03
1.624474442538999253e-03
1.623271826004381128e-03
1.623020114510970342e-03
1.622091162107341207e-03
1.622124115593244140e-03
1.621207163433386776e-03
1.619938448770815451e-03
1.618744291874533309e-03
1.618510642327325531e-03
1.617909258729944861e-03
1.616468996758261894e-03
1.616151489814850271e-03
1.615778577924993241e-03
1.614681953685194373e-03
1.613277624181928783e-03
1.612983396513367187e-03
1.611759248810664064e-03
1.610684452866887901e-03
1.608636669833169277e-03
1.608472632648968266e-03
1.607001028743075891e-03
1.605988085636583578e-03
1.604701665594374582e-03
1.604087811000621177e-03
1.602836365966456202e-03
1.602715363540168237e-03
1.600828520736483985e-03
1.600160756509369899e-03
1.598948820850682991e-03
1.597989926849008313e-03
1.597011812396319664e-03
1.596614851035574800e-03
1.596139478491620783e-03
1.594560409422237724e-03
1.593999177593013019e-03
1.593976928812811588e-03
1.593229491418763581e-03
1.591962054997086897e-03
1.591384943222154402e-03
1.590896554807920806e-03
1.590357823807222017e-03
1.589705964856546290e-03
1.588864815770857060e-03
1.588186383985497590e-03
1.587262004137363286e-03
1.586573067411359457e-03
1.585488057376372231e-03
1.583947804281829116e-03
1.583538085461639287e-03
1.582530405184607181e-03
1.581580984810778681e-03
1.581177599426991567e-03
1.580277529422588175e-03
1.579384425459707045e-03
1.578332507989839428e-03
1.577399429842501598e-03
1.576736615867499599e-03
1.575679124137019643e-03
1.574703272819907938e-03
1.574302362983574051e-03
1.573539236061870673e-03
1.572528274936216709e-03
1.571887414712802187e-03
1.571358066121396899e-03
1.570741140755959903e-03
1.569716347757264905e-03
1.568587902265426628e-03
1.567482534713816010e-03
1.566910991979484800e-03
1.565807703768322488e-03
1.565270739693883952e-03
1.564526482958404499e-03
1.563883595499639253e-03
1.563644662034515201e-03
1.563091146512394841e-03
1.562144599037279969e-03
1.561509628088411346e-03
1.560579203926344433e-03
1.560504840939898764e-03
1.559616788562250000e-03
1.558694817119518974e-03
1.558710046553758721e-03
1.557122190043176918e-03
1.556714322883486932e-03
1.555628169787889566e-03
1.555139386650723678e-03
1.554329451678385576e-03
1.554051862170956243e-03
1.552494521963733269e-03
1.551988356377871246e-03
1.551354155028581783e-03
1.551065276485044837e-03
1.550431044876603636e-03
1.549742687949266350e-03
1.549580260050093710e-03
1.548977607174084224e-03
1.548726893560612057e-03
1.546935436535535517e-03
1.546490427452614511e-03
1.545468120341538746e-03
1.545706067334979162e-03
1.543989275701646360e-03
1.544128170969030246e-03
1.543421695749928489e-03
1.543093432810448877e-03
1.542765362059164745e-03
1.542051950068283822e-03
1.541571192694071897e-03
1.541960125070386545e-03
1.540466801747676596e-03
1.540837742883441157e-03
1.540063621510836655e-03
1.540115318041191360e-03
1.539857102216502134e-03
1.538691072109496126e-03
1.539209843581129363e-03
1.538440931565473492e-03
1.537839219756708536e-03
1.536595111804182640e-03
1.537108567335798487e-03
1.536240162708148952e-03
1.535928166974795958e-03
1.535281955220917441e-03
1.535278420469044511e-03
1.534480827542042229e-03
1.534091528381355827e-03
1.534574465783771283e-03
1.533151469907964711e-03
1.533359987000483928e-03
1.532036729902271511e-03
1.531818060049143287e-03
1.531471595404060217e-03
1.531227739884634051e-03
1.529873519201379543e-03
1.529048373793181819e-03
1.528350223018255924e-03
1.528072481526982461e-03
1.526858610706260597e-03
1.527106224845561520e-03
1.525752159693428197e-03
1.525271776777914479e-03
1.523960701623143033e-03
1.523425025752105652e-03
1.522983729399474953e-03
1.522022403900758587e-03
1.521479454438503165e-03
1.521654552867103332e-03
1.520466123169060286e-03
1.519760204527131116e-03
1.519017915741625218e-03
1.518406974739240634e-03
1.516961974226602649e-03
1.515774542175304766e-03
1.515439472931155978e-03
1.514671661157961698e-03
1.513922939953709279e-03
1.513257330034125086e-03
1.512960261594392892e-03
1.512357512442470166e-03
1.511726661358786658e-03
1.511064018725727029e-03
1.510600387948763572e-03
1.510104232219554744e-03
1.509458681345250816e-03
1.509181444203038999e-03
1.507924479923817163e-03
1.507575337314654221e-03
1.507114714115337980e-03
1.506748892397165090e-03
1.505360768371302206e-03
1.504360829554252056e-03
1.504309221546107746e-03
1.504106891055660309e-03
1.503139131928150820e-03
1.503026405238355430e-03
1.502272004608074581e-03
1.501550146535974911e-03
1.501192446621838405e-03
1.500056454744280255e-03
1.499295097778916138e-03
1.498502641704422319e-03
1.498192343536133972e-03
1.497498919707504700e-03
1.497534668483873526e-03
1.497288514166409583e-03
1.496555400275331868e-03
1.495079329155816388e-03
1.495430075253098741e-03
1.494414638730153086e-03
1.492997994957829914e-03
1.492707873716199451e-03
1.492853103860060891e-03
1.492017270679559275e-03
1.491016958323843414e-03
1.490713712918082705e-03
1.490371983369706077e-03
1.490008865964891505e-03
1.489551179221145936e-03
1.488786500957397932e-03
1.488503525119166428e-03
1.488555523730846365e-03
1.487967546090895139e-03
1.487378690705770060e-03
1.487026237688165607e-03
1.486768815295105807e-03
1.486125136611812824e-03
1.484937725814147258e-03
1.484282160235148897e-03
1.484574799606597087e-03
1.482639411609532705e-03
1.481374666630785441e-03
1.479840081247336611e-03
1.480850383078515442e-03
1.480495042515113250e-03
1.479327379897219050e-03
1.478666629805714967e-03
1.477884587056076549e-03
1.477505140678207849e-03
1.477732902677713440e-03
1.476592783079012537e-03
1.476156676541235530e-03
1.475464618358868999e-03
1.475117861237739509e-03
1.473792678752906555e-03
1.473290901399041926e-03
1.473067580132810927e-03
1.472172245045266737e-03
1.470985746936027960e-03
1.471474015724647671e-03
1.470812540884757717e-03
1.469913095220948740e-03
1.469673319373313069e-03
1.468579786957709740e-03
1.468055136753363202e-03
1.466491275304351687e-03
1.466215378619794034e-03
1.465913761517474842e-03
1.465086488158572151e-03
1.464431217525244324e-03
1.464149419572539782e-03
1.463428617827836108e-03
1.463381666912308724e-03
1.463086999537873203e-03
1.462592867045811856e-03
1.461949790378381164e-03
1.460958084462470269e-03
1.460419354085579994e-03
1.460260920985110341e-03
1.459544631510905103e-03
1.459352736099605663e-03
1.458644603114423463e-03
1.457650472487976483e-03
1.457777143824588468e-03
1.457913068175398404e-03
1.456476852820283528e-03
1.456209495520300982e-03
1.455216435616213952e-03
1.455746209686280658e-03
1.455024173062725032e-03
1.453542445847208486e-03
1.453027440231579020e-03
1.452173504008608899e-03
1.451667456370039000e-03
1.451329029947062092e-03
1.450601833933636052e-03
1.450574234380652304e-03
1.449761917002037603e-03
1.448783663754063577e-03
1.448905393826189440e-03
1.448481664339627958e-03
1.447505547856745402e-03
1.447290326174053210e-03
1.447641034653279974e-03
1.446502099423703112e-03
1.446881007984888697e-03
1.446540109613117476e-03
1.446584666011481966e-03
1.444742168358512839e-03
1.444670511193282695e-03
1.444598814799302961e-03
1.444496389356151678e-03
1.443454337058218840e-03
1.443026304820467943e-03
1.442428299032177865e-03
1.441652952830754916e-03
1.441639492932031115e-03
1.440554308299779292e-03
1.440811050598260999e-03
1.439866854986603367e-03
1.438747849401797148e-03
1.438972312020912747e-03
1.438700557364928521e-03
1.437080076903631551e-03
1.437826569902525683e-03
1.436090813567857507e-03
1.436041703773873910e-03
1.435187144818740428e-03
1.434797107736724298e-03
1.434235367833630159e-03
1.433881255807026734e-03
1.433028937181950570e-03
1.432598438128915080e-03
1.432751200614655000e-03
1.431831593730891004e-03
1.432710407722440895e-03
1.431344119811138200e-03
1.431208714583967522e-03
1.431039086328793775e-03
1.430803972309494659e-03
1.431071619850469686e-03
1.430159036599259938e-03
1.431144322933593791e-03
1.429894931131965499e-03
1.429361814916618213e-03
1.429234153726228508e-03
1.429057968248379981e-03
1.428878285768416705e-03
1.428648455566119144e-03
1.427859156451366258e-03
1.427218837599399624e-03
1.427583694877346699e-03
1.427339912005374340e-03
1.425559804335428411e-03
1.425745880603571797e-03
1.425659113317821400e-03
1.425555835340765968e-03
1.425343070389270073e-03
1.424805927202096043e-03
1.424068608553236137e-03
1.423632424284516571e-03
1.423121905113093697e-03
1.422649415843343272e-03
1.421833709895593649e-03
1.420699547993966487e-03
1.420834494006168814e-03
1.420588043273409568e-03
1.420285087909433719e-03
1.418806172903521899e-03
1.418329869981786772e-03
1.417783080641404946e-03
1.417686637333167177e-03
1.416874128098174253e-03
1.417579736438947125e-03
1.417054853898823017e-03
1.415452729002117339e-03
1.415416286161831931e-03
1.414729973301544815e-03
1.414514039193092961e-03
1.413793085261419447e-03
1.413243193489064622e-03
1.413187575414140591e-03
1.413294065641324893e-03
1.411788791036346644e-03
1.411810586270276571e-03
1.411551833295449608e-03
1.410516749228128003e-03
1.410500746977518547e-03
1.410630623144882223e-03
1.410643297180665980e-03
1.409737815474183288e-03
1.409140441683779743e-03
1.409374032546470206e-03
1.408562331860146056e-03
1.408254360144391149e-03
1.408800620145169574e-03
1.407568324093866428e-03
1.408213088356341730e-03
1.407217309138916175e-03
1.406875869543583761e-03
1.406760699381176842e-03
1.406203024241362573e-03
1.405876795283532736e-03
1.405058117169795612e-03
1.405289335548896715e-03
1.404017834089571742e-03
1.403378399478927199e-03
1.403530056848743433e-03
1.402740837291757171e-03
1.403314683760973096e-03
1.403681427299151296e-03
1.403243197397375120e-03
1.403377684265075948e-03
1.401594120922535587e-03
1.402589385278453114e-03
1.401463976777168842e-03
1.401382022876774104e-03
1.402283503549829266e-03
1.401896558224897645e-03
1.401025904760910042e-03
1.400604656905868849e-03
1.400969958718664742e-03
1.401498290672574271e-03
1.400231722205093083e-03
1.401003627214068717e-03
1.399891731639918467e-03
1.398998208556794052e-03
1.398865791653356155e-03
1.399476212846373531e-03
1.398763298345727596e-03
1.398310238249785399e-03
1.398434781839480142e-03
1.398181472454389273e-03
1.399062413013313399e-03
1.397991939489951017e-03
1.397778813585800854e-03
1.397642074470002152e-03
1.396958287908809434e-03
1.396750438555244408e-03
1.395869931382698933e-03
1.394944241804063493e-03
1.395362618166273196e-03
1.395057920919605008e-03
1.394557631989781299e-03
1.393721629210285546e-03
1.394278619518751500e-03
1.393153444048835735e-03
1.392997255421240133e-03
1.392811807303010558e-03
1.392891200675700934e-03
1.392268863546304667e-03
1.391791674926568488e-03
1.391957214152843986e-03
1.392025567190286785e-03
1.392289089803919839e-03
1.391509753488691121e-03
1.391715493763068809e-03
1.391801218781426588e-03
1.391715298678943306e-03
1.391823893663735393e-03
1.391215600834773978e-03
1.391373512292259614e-03
1.391456268751790253e-03
1.391149176133820147e-03
1.390303823690355574e-03
1.391612814722007060e-03
1.391870614713615860e-03
1.391166433052017310e-03
1.390575678543466221e-03
1.391623544001283075e-03
1.390858693043925875e-03
1.390743801036547047e-03
1.390412899609138643e-03
1.389422494947301426e-03
1.390169717842717903e-03
1.389682537494619065e-03
1.389276515995399022e-03
1.388840043539917241e-03
1.388632614979718729e-03
1.388107793467666107e-03
1.388114593796132678e-03
1.388497090198538564e-03
1.387503526382887148e-03
1.387171367460078835e-03
1.386770493845059307e-03
1.387075624886641764e-03
1.386716971091606727e-03
1.386509955234448577e-03
1.386667645584152390e-03
1.387214992058454595e-03
1.387000559488589134e-03
1.386823076426288827e-03
1.386040605136985068e-03
1.385383830409460826e-03
1.385772746387136734e-03
1.385179926924634108e-03
1.385420507945954232e-03
1.384958321174663840e-03
1.385250339047654081e-03
1.384526353653323496e-03
1.384420388042939716e-03
1.384419318121772862e-03
1.384839360192989923e-03
1.384820716447153054e-03
1.383898448026256662e-03
1.383358335864224133e-03
1.384211316249338774e-03
1.383350811604817194e-03
1.382505854808317681e-03
1.382721368848619566e-03
1.381988256311156337e-03
1.382247325439036256e-03
1.381708488230079350e-03
1.381215936001927314e-03
1.380878320415489160e-03
1.381258882518129763e-03
1.380233944548966193e-03
1.380628408624453131e-03
1.379949724650644718e-03
1.379587185186534120e-03
1.379304396161110677e-03
1.378850530264680513e-03
1.379238768665048357e-03
1.379392831818491592e-03
1.379367505862922564e-03
1.379150905706517157e-03
1.379042833774288138e-03
1.378847008269125938e-03
1.379597055970046941e-03
1.379034965151197147e-03
1.378945514317547012e-03
1.379151115106259928e-03
1.379690399097731248e-03
1.378408081574620126e-03
1.378856050313405487e-03
1.377704047077020011e-03
1.377697538983032460e-03
1.377939492853788280e-03
1.378357152173105473e-03
1.377200783116660577e-03
1.378252517212245204e-03
1.378054467663117517e-03
1.377219254919136203e-03
1.377971152449858480e-03
1.376727824329159952e-03
1.377557451222356528e-03
1.377691844103871117e-03
1.377154869509710552e-03
1.376715963212380876e-03
1.377363134870841863e-03
1.376185727157050107e-03
1.375390564241863508e-03
1.376289589568241607e-03
1.376394918071935933e-03
1.375881984626474994e-03
1.376082550682191079e-03
1.375460173035147199e-03
1.376165194199002739e-03
1.375200456242766473e-03
1.374519497349483907e-03
1.375204710019213659e-03
1.375318437860193355e-03
1.375215477535286432e-03
1.374696505865282510e-03
1.375223481283039317e-03
1.374725823157827310e-03
1.374294992363161343e-03
1.373379756944515624e-03
1.374143291928068287e-03
1.373958529206612119e-03
1.373804770851804000e-03
1.373769544254434434e-03
1.373279340644818379e-03
1.374135376256691455e-03
1.373920002301329962e-03
1.373732862708565731e-03
1.373884086036569491e-03
1.373743610783202196e-03
1.374492930970799311e-03
1.373534255317803831e-03
1.373474532609028891e-03
1.373830279990131053e-03
1.372837355548430123e-03
1.373868322019895219e-03
1.373748995153713064e-03
1.373420202902754256e-03
1.373162635724980507e-03
1.372922673413947596e-03
1.372094887251286898e-03
1.372924559102020733e-03
1.372495032603125763e-03
1.372538645455741993e-03
1.372225456436419614e-03
1.372202727946371685e-03
1.371950042817773451e-03
1.371879394374588218e-03
1.371632698074461100e-03
1.371719344021875633e-03
1.372171312272498379e-03
1.371833011045148123e-03
1.371456752517774070e-03
1.371548666422400765e-03
1.371176539471712086e-03
1.371590849760439971e-03
1.371488031214655344e-03
1.371426829138196928e-03
1.371071702159912427e-03
1.371900982200950246e-03
1.372294553463859410e-03
1.372104138982899483e-03
1.371943911062200976e-03
1.372007992356327711e-03
1.371720462106508108e-03
1.372920080942884903e-03
1.372443403707734877e-03
1.372430016245097502e-03
1.372714863922607203e-03
1.371284297059527325e-03
1.371800976627843109e-03
1.372779143781163811e-03
1.372421992148019528e-03
1.372288196659188870e-03
1.372250373938896980e-03
1.371734187964982225e-03
1.371768502088732342e-03
1.372061778522954594e-03
1.372208534006634246e-03
1.371945616994301852e-03
1.371198365534521176e-03
1.371478726035914525e-03
1.371107749753454081e-03
1.371026299929707822e-03
1.371647453116694049e-03
1.370663107506073317e-03
1.370616712825779805e-03
1.370554306011535729e-03
1.370218088443349086e-03
1.371545702548610923e-03
1.370312876581361366e-03
1.370232473710305448e-03
1.370517858704334117e-03
1.370384691793551145e-03
1.369958895411007389e-03
1.369647757724259301e-03
1.369941463667406724e-03
1.370490266316673174e-03
1.370210536393217998e-03
1.370483366547829880e-03
1.370410627839622813e-03
1.370744159423988679e-03
1.369458234783535325e-03
1.370081824030406183e-03
1.369840434044301792e-03
1.369903319907923942e-03
1.370000770562053742e-03
1.370710654065771406e-03
1.371267712097294558e-03
1.370908511502853637e-03
1.371010831276075082e-03
1.370359811554135339e-03
1.370550107899945816e-03
1.370767472125913400e-03
1.370253030811424471e-03
1.369542304326989458e-03
1.369434344238982474e-03
1.368662920745818872e-03
1.368771706382299405e-03
1.368768423118744059e-03
1.368818357279059147e-03
1.369027790358804102e-03
1.368288226817204181e-03
1.368145201284734838e-03
1.367029584130257909e-03
1.367398917142801946e-03
1.366930500065799458e-03
1.366025393521524706e-03
1.366292543206159161e-03
1.366052780646856380e-03
1.365397167076181847e-03
1.366269794267640407e-03
1.365212663893812734e-03
1.365572186987871811e-03
1.365394746312048862e-03
1.365844600223168432e-03
1.365442468876779548e-03
1.366644746576910945e-03
1.366145380090312339e-03
1.365092958682165162e-03
1.365516729007712048e-03
1.365604493421380440e-03
1.364693562269197287e-03
1.365075053973077192e-03
1.364665544459611659e-03
1.365732798673700236e-03
1.364900925725293351e-03
1.363603045016693405e-03
1.363733712284305108e-03
1.364377890176648490e-03
1.363674327145630947e-03
1.363381741001843533e-03
1.363239439329569282e-03
1.363349690001071932e-03
1.363518239399011010e-03
1.363101159000247023e-03
1.362856119445275032e-03
1.362914965285241071e-03
1.361756087124550620e-03
1.363152426084456633e-03
1.363025125729960428e-03
1.363108233830638040e-03
1.362915742154498797e-03
1.363653119845084421e-03
1.362426325670385322e-03
1.362909100175198687e-03
1.363826220932162813e-03
1.363893338182845579e-03
1.362887039739226792e-03
1.363013415037450746e-03
1.363791348736850860e-03
1.363460099014042774e-03
1.363704563844743119e-03
1.363965472211750790e-03
1.364547135020962318e-03
1.364601567528590971e-03
1.364371502206488274e-03
1.363599022975429129e-03
1.363003010030047323e-03
1.363096101569045981e-03
1.362240633234807494e-03
1.363439426443442985e-03
1.361998390995182960e-03
1.363041576764665273e-03
1.362281726909740425e-03
1.362972873282243015e-03
1.362449647307121484e-03
1.362673032950054370e-03
1.362837762350826770e-03
1.362726088057818717e-03
1.363360228297309535e-03
1.363608055334447405e-03
1.363833669834029665e-03
1.364158416009765996e-03
1.364223398083573178e-03
1.363822022091586584e-03
1.365310044978044297e-03
1.364266735303883149e-03
1.364110703118271697e-03
1.364573457357505168e-03
1.363847989716934122e-03
1.364095124380199781e-03
1.364769611595295076e-03
1.364938663149163189e-03
1.365150056733783123e-03
1.364259713188576599e-03
1.364551122498251215e-03
1.364831645761788387e-03
1.364389125392651697e-03
1.365291427246542212e-03
1.364680014795954669e-03
1.365422892282649276e-03
1.364942528379707023e-03
1.365789953411822213e-03
1.365341999095425049e-03
1.365200690995413023e-03
1.365673603520282118e-03
1.365669090733608038e-03
1.365993134415086942e-03
1.367392452120151040e-03
1.365548138622390542e-03
1.366467887238394631e-03
1.366760446177834763e-03
1.367955011872235742e-03
1.366610439794020519e-03
1.367349279777729321e-03
1.367148601805219695e-03
1.367007337818139075e-03
1.368098905260963297e-03
1.367975639669295838e-03
1.367508021201884133e-03
1.367610380871038924e-03
1.367626841281728133e-03
1.366746447873499635e-03
1.365872162589065004e-03
1.367583869506738435e-03
1.366884109495799865e-03
1.365987218709635836e-03
1.366673432218235484e-03
1.365452208080289399e-03
1.365002709483212990e-03
1.365977552551710539e-03
1.365438176321775391e-03
1.365054349060190134e-03
1.365170549118477437e-03
1.364768470376914429e-03
1.364596902816083866e-03
1.364682062220186776e-03
1.365445657741604958e-03
1.365206604191879138e-03
1.365018274501837237e-03
1.365655562857361321e-03
1.364829546992899021e-03
1.365160374300626546e-03
1.364851722619314688e-03
1.365753705973369973e-03
1.365115195600490961e-03
1.365441086554574496e-03
1.365582293014986140e-03
1.365757055203926061e-03
1.366433119728732151e-03
1.366023718246963487e-03
1.366413924573995839e-03
1.366087806866892514e-03
1.367404312418175763e-03
1.366474826879043869e-03
1.366580249794856292e-03
1.366614788148680154e-03
1.366956310500316981e-03
1.366567491672056539e-03
1.367196123350901101e-03
1.366560183120487477e-03
1.367101828602888900e-03
1.366512322600803775e-03
1.366814274188394478e-03
1.366460845193927546e-03
1.366742219457155356e-03
1.367151272461999186e-03
1.366919189458652185e-03
1.367199428020035362e-03
1.366843635958082817e-03
1.367213760294791686e-03
1.367186324159119738e-03
1.366731613594468139e-03
1.366408485107384980e-03
1.367280006503014071e-03
1.367408778520180475e-03
1.367012667767373213e-03
1.367107414443475416e-03
1.366278569247386058e-03
1.366019079250880381e-03
1.367084719336093043e-03
1.366789313834161764e-03
1.367106740176965603e-03
1.366796310489907205e-03
1.367164660111974336e-03
1.367070053701648774e-03
1.367323288392406893e-03
1.366812684757207769e-03
1.366727864815916668e-03
1.366971076561572648e-03
1.367750647146435440e-03
1.368046419832148362e-03
1.368906465103035975e-03
1.368889427149092442e-03
1.369212062713494630e-03
1.369497858823519581e-03
1.369574348492127655e-03
1.369267075088764383e-03
1.370086167861018014e-03
1.370669305722838679e-03
1.370634929898379567e-03
1.370538742799269714e-03
1.369990969288393222e-03
1.371375859070122312e-03
1.370783680846959091e-03
1.370763316374900339e-03
1.371445690242892356e-03
1.371208994486196797e-03
1.370885575429331643e-03
1.370698880238812884e-03
1.370971855135433726e-03
1.370863654737969513e-03
1.371007682230009289e-03
1.370300350441107633e-03
1.371500164894001337e-03
1.372125167959084655e-03
1.371586172848508452e-03
1.372493237226398268e-03
1.372347995769159293e-03
1.372911726172990326e-03
1.373331438879999821e-03
1.373277446444335498e-03
1.373514314463683116e-03
1.372904297808176435e-03
1.374179187360985129e-03
1.374043898380185270e-03
1.374547962971864627e-03
1.374796676207795231e-03
1.375203674435485730e-03
1.374856761592659852e-03
1.375716103701080844e-03
1.375785920472789598e-03
1.376252527339053618e-03
1.375749911792601169e-03
1.375838149312695342e-03
1.377482360462466268e-03
1.376902449151879912e-03
1.377046198131947306e-03
1.377962069848174707e-03
1.376883482327493670e-03
1.377667722209067027e-03
1.377392087744884995e-03
1.376721693378182799e-03
1.377218952975068364e-03
1.376606439474840687e-03
1.377198172912158817e-03
1.377006334710850679e-03
1.377415492102956581e-03
1.377900224615596567e-03
1.377731873696025561e-03
1.378857828674584073e-03
1.378017104350982109e-03
1.378671916252787117e-03
1.377323049235298956e-03
1.377645340388531205e-03
1.377400457885311676e-03
1.377630728690243259e-03
1.378206420794432160e-03
1.378314936085550278e-03
1.378412884609041484e-03
1.377988238970228501e-03
1.377651477773754723e-03
1.378674925405454828e-03
1.377273575192344097e-03
1.377509888374157943e-03
1.376827115606266919e-03
1.376858165502826839e-03
1.376642239865733582e-03
1.376115929814208287e-03
1.377281736802523238e-03
1.377028142598806437e-03
1.376694010267179606e-03
1.377332055581509656e-03
1.377378201527441502e-03
1.376704613724508575e-03
1.376033211426062018e-03
1.377767422933554075e-03
1.377397198075425676e-03
1.378408363264132554e-03
1.378145716230882003e-03
1.378846169278460584e-03
1.378317313572254964e-03
1.379092021538524167e-03
1.379037543311470741e-03
1.378428776580468886e-03
1.378914719908732201e-03
1.379359855313502890e-03
1.378222981880329991e-03
1.378597656355045904e-03
1.378680831799445911e-03
1.379061030202562892e-03
1.378817599446145780e-03
1.378722678972253615e-03
1.379124148406118142e-03
1.378224133336651558e-03
1.378862072160569850e-03
1.379105584817053119e-03
1.378275823362095720e-03
1.378872232797597993e-03
1.378985158995795369e-03
1.379897427409150328e-03
1.378908466390300165e-03
1.379714018217135033e-03
1.379460821103397402e-03
1.379483949732058547e-03
1.379740091621337430e-03
1.379546919295088995e-03
1.379324941144293706e-03
1.379214173145427384e-03
1.379498001481046891e-03
1.379237500516041545e-03
1.378498011934907192e-03
1.379402953827234702e-03
1.378853007689524344e-03
1.378738133436034369e-03
1.378795763872861600e-03
1.378611564983602726e-03
1.378713161460669865e-03
1.378488333127674079e-03
1.378250660623140311e-03
1.379065560402500078e-03
1.378979962266564836e-03
1.378860273702511375e-03
1.379287299198826179e-03
1.379395280942275577e-03
1.379721052755367551e-03
1.379594822096524582e-03
1.378554799398960589e-03
1.379429698483218688e-03
1.379531597497616517e-03
1.379348766072780808e-03
1.379593453789236795e-03
1.379657965075478361e-03
1.379804284837107559e-03
1.378843319451665246e-03
1.379902425826700849e-03
1.379699623409000493e-03
1.378451797120934085e-03
1.378982861796297903e-03
1.379628475542438908e-03
1.379652141131865834e-03
1.379540692238345051e-03
1.380488655117909167e-03
1.379853262219639344e-03
1.380725044233207990e-03
1.380537531068514725e-03
1.379419306615623300e-03
1.380247676459970315e-03
1.380298096740177139e-03
1.379984565793939810e-03
1.380015679757613974e-03
1.379845233285833996e-03
1.380475954819942444e-03
1.379647617537553767e-03
1.380545561064322555e-03
1.380812093539532165e-03
1.380482058788355844e-03
1.380004735484545008e-03
1.379379297922054669e-03
1.379705176840472771e-03
1.379425486981234079e-03
1.379184579539770653e-03
1.379915604021274191e-03
1.379431264253164462e-03
1.379843310895199947e-03
1.379669082230925011e-03
1.379594500395949549e-03
1.378826668879953258e-03
1.379125226728746380e-03
1.378825951604363857e-03
1.379572618992627253e-03
1.379001344804200091e-03
1.378507799559338179e-03
1.378296495752231576e-03
1.377635860091550816e-03
1.378154364756196308e-03
1.378471827822918975e-03
1.378991988198884902e-03
1.379165062320524297e-03
1.378557801773435060e-03
1.378810270192555457e-03
1.379192248514025335e-03
1.377388090910799294e-03
1.377332957923416363e-03
1.378256127832330888e-03
1.377470567601940272e-03
1.377271386278619125e-03
1.378394826155442468e-03
1.378449474190850338e-03
1.378613195348208200e-03
1.378045381343121194e-03
1.378423020520673633e-03
1.378112016218112921e-03
1.378572753343221356e-03
1.377681056323220351e-03
1.377382488997876174e-03
1.378083076680999440e-03
1.377552374040795936e-03
1.377526762386459963e-03
1.378075916397546261e-03
1.377732958043012979e-03
1.377190943610504545e-03
1.377437912905281553e-03
1.377362640810557643e-03
1.376845275994911192e-03
1.376968813811129278e-03
1.376947632118058311e-03
1.376346574362070137e-03
1.376803010311574088e-03
1.377149988793617769e-03
1.377044751411312523e-03
1.376992442549072968e-03
1.377153379811665293e-03
1.376796733468692909e-03
1.376863755423120847e-03
1.376101650052664275e-03
1.376190169951499931e-03
1.376525402813669977e-03
1.375852042927208554e-03
1.375571208095933843e-03
1.376182323666497133e-03
1.375834545805546634e-03
1.375199063687927454e-03
1.374536121872719369e-03
1.375541052403032741e-03
1.374917557169341937e-03
1.374579579436159549e-03
1.374715363971916503e-03
1.373969108479791614e-03
1.374084886395149363e-03
1.373055529105142057e-03
1.373463672430548640e-03
1.373536837041554846e-03
1.373585823767100407e-03
1.373581193613387713e-03
1.373438028133712853e-03
1.373909551094197167e-03
1.374167323635416783e-03
1.373631809113293233e-03
1.374013604876223428e-03
1.373722476903406053e-03
1.373680137193365345e-03
1.373568465672887111e-03
1.373606072655162141e-03
1.374535076392080458e-03
1.373134296502790015e-03
1.374373601702591962e-03
1.374525396967361032e-03
1.374641908826867726e-03
1.374797742596128121e-03
1.374932308240783526e-03
1.373837824573963511e-03
1.374619064407870848e-03
1.374536090576146613e-03
1.374411405582847117e-03
1.374410245894905304e-03
1.375174765013023907e-03
1.375301116487791199e-03
1.374512045207921000e-03
1.375034803003750321e-03
1.375893858873314260e-03
1.374674057957911899e-03
1.375620244333655229e-03
1.374893729462500899e-03
1.375486719760963487e-03
1.375264910650483363e-03
1.375764058922178575e-03
1.375500467615654301e-03
1.375414226704226072e-03
1.375816675178229490e-03
1.375229160868036721e-03
1.374971527951503484e-03
1.374674797105715192e-03
1.375144085179337778e-03
1.373925593677080385e-03
1.374798519437447041e-03
1.373703186234410479e-03
1.373829411959925830e-03
1.373879215486796751e-03
1.373778911343705991e-03
1.373676484301256323e-03
1.374170884342557596e-03
1.373409374895478508e-03
1.373435162465978928e-03
1.373385617549190358e-03
1.373682109387706343e-03
1.373576339339131281e-03
1.373490707772499894e-03
1.373108579696970819e-03
1.373253049075433448e-03
1.373564474673776492e-03
1.374049471232431131e-03
1.373822833717135931e-03
1.373113196419434995e-03
1.374036401645556578e-03
1.374524077051808308e-03
1.374958613300394754e-03
1.375449139829475849e-03
1.374985389498889531e-03
1.376085412180384207e-03
1.376333774763947859e-03
1.375361054920278903e-03
1.376084777491087428e-03
1.376690687082256399e-03
1.376176265862589761e-03
1.375825537588517547e-03
1.375695914167620855e-03
1.376258574260699969e-03
1.376333528926308768e-03
1.375977443250979123e-03
1.375397470860761397e-03
1.375702637587452367e-03
1.374778707493319466e-03
1.374792882605839223e-03
1.373999781687806161e-03
1.374456674718335051e-03
1.373852704064999937e-03
1.374350192118476387e-03
1.374146442699152428e-03
1.373834990286498412e-03
1.374035957468016994e-03
1.373471871850150041e-03
1.374049755055823220e-03
1.373003436938420585e-03
1.373696232059096536e-03
1.372283949876005726e-03
1.372612882222115291e-03
1.372102536193092574e-03
1.373308288396192728e-03
1.372819095000486593e-03
1.372653531074657929e-03
1.373637361507626820e-03
1.372725462390752410e-03
1.373115239494238082e-03
1.372447132980409400e-03
1.372416311714807395e-03
1.372213433396386219e-03
1.371789725347713311e-03
1.372230293591835413e-03
1.371931094073075346e-03
1.371303385049033388e-03
1.370520853034796517e-03
1.370734319619374775e-03
1.370684388145835620e-03
1.370725179487821245e-03
1.369467459679901212e-03
1.369714599174110675e-03
1.369441737618745051e-03
1.369659319927741918e-03
1.369289323843009580e-03
1.369823028260330321e-03
1.370267883280241149e-03
1.369873147876149878e-03
1.368996243061854643e-03
1.369729159509216684e-03
1.370077702634785351e-03
1.368784496020163804e-03
1.369193330439778290e-03
1.370063137784341368e-03
1.368919132195870912e-03
1.369246647702461721e-03
1.368936971141375284e-03
1.369133704318417416e-03
1.369085349633625791e-03
1.368144376620917787e-03
1.369130761829656521e-03
1.369082872035153053e-03
1.368659587716000150e-03
1.368392386154812295e-03
1.368463625376738343e-03
1.367991949896128377e-03
1.367120731468043785e-03
1.367969088835426124e-03
1.367130014666461226e-03
1.367145520239278905e-03
1.367205445256017846e-03
1.366752128443253587e-03
1.366924705969158396e-03
1.366919433077466977e-03
1.366828111731714646e-03
1.365951751760249768e-03
1.365938511387382228e-03
1.366106888880764961e-03
1.366312346530202922e-03
1.366263863925804532e-03
1.365742684242850398e-03
1.364799179009955820e-03
1.365471648461955402e-03
1.365568529892711904e-03
1.365050461711511936e-03
1.364693634384541582e-03
1.364934917386450815e-03
1.364700839451295092e-03
1.364590453079303836e-03
1.364318552071392505e-03
1.365295916491615549e-03
1.364440106526660507e-03
1.364791609428469893e-03
1.364529733804543780e-03
1.364813515893528078e-03
1.365140710621308038e-03
1.364479511718842252e-03
1.364664396513382266e-03
1.364149848523040507e-03
1.363941003503761542e-03
1.363654017495702754e-03
1.362954582639905494e-03
1.364391623975664712e-03
1.363862932448886740e-03
1.364007486773807440e-03
1.363658223573313523e-03
1.363526203904206341e-03
1.363827194019614575e-03
1.363588216210651375e-03
1.363102373896358686e-03
1.363024290658369992e-03
1.362932999558744010e-03
1.363310951702338420e-03
1.363105248253822970e-03
1.363323996224641461e-03
1.363783363094664067e-03
1.363527998183962798e-03
1.363370261877520136e-03
1.363281442211532841e-03
1.363205940217661685e-03
1.362250381181058251e-03
1.362519977995190227e-03
1.362982017396763713e-03
1.362349737680533957e-03
1.361925432973136669e-03
1.361970155972329344e-03
1.362111349579694887e-03
1.361406993805280375e-03
1.362055666500423465e-03
1.361835417101143380e-03
1.362169488306716556e-03
1.360872058851978579e-03
1.361489292545555070e-03
1.361647247261796876e-03
1.361421438721094855e-03
1.361400346853612478e-03
1.361083425824465010e-03
1.362101498426679597e-03
1.362038128298262950e-03
1.362100864812595654e-03
1.362323668764946118e-03
1.361531257998364235e-03
1.361500054943236455e-03
1.361487614748461755e-03
1.360699677885647725e-03
1.360182827786620427e-03
1.360659900425810259e-03
1.360275625648323279e-03
1.361044950426710046e-03
1.361467910821455470e-03
1.360701039615697409e-03
1.360679781124987881e-03
1.360558491141656418e-03
1.360472395252456789e-03
1.359886588563115166e-03
1.360278971523305085e-03
1.360329799644774190e-03
1.360967502085135873e-03
1.361527759924702988e-03
1.360775884699419892e-03
1.361348253488455992e-03
1.361406919639196944e-03
1.361347553475719847e-03
1.362575759798563026e-03
1.362593392718129551e-03
1.363122165768569259e-03
1.362562069782414760e-03
1.362679340355290713e-03
1.363202145657978290e-03
1.363700887590833756e-03
1.363121473977811767e-03
1.363400146088968035e-03
1.364010625438640684e-03
1.363709306096934750e-03
1.363348474583139618e-03
1.363618024853435100e-03
1.363911394881902120e-03
1.363200914416124810e-03
1.362962785809967341e-03
1.363200969975986209e-03
1.362910520461328929e-03
1.363026632447633581e-03
1.362866646360780991e-03
1.362360719971412526e-03
1.362587725172141910e-03
1.362031699994846034e-03
1.361772808548214085e-03
1.361557004134181931e-03
1.361657442152030542e-03
1.361569947045156463e-03
1.361378554301622941e-03
1.360889825826522726e-03
1.362142651989501447e-03
1.361343209821497735e-03
1.362088327053860353e-03
1.361629293110366325e-03
1.361651650070683445e-03
1.362222412191817743e-03
1.362403554778285255e-03
1.362728216438026255e-03
1.362451468291161040e-03
1.362706168782052991e-03
1.363470087709755564e-03
1.363309267743341002e-03
1.362950528760183133e-03
1.364152239746002550e-03
1.363799220091443075e-03
1.364610678346049946e-03
1.363565396881231614e-03
1.364581051496959602e-03
1.365361394565222557e-03
1.364561269455398344e-03
1.364600313013121817e-03
1.364439388099090251e-03
1.365305770512051332e-03
1.364765059663814459e-03
1.363687396001793352e-03
1.364213937857510156e-03
1.364009706736838985e-03
1.364439248993598152e-03
1.363846951871666279e-03
1.364099493818681603e-03
1.364110499336368670e-03
1.364005044885286408e-03
1.363753757560620238e-03
1.364028689204274149e-03
1.363163989743438383e-03
1.363108950348140272e-03
1.363197999777298729e-03
1.363982748786185311e-03
1.363718079116262678e-03
1.363824431896573219e-03
1.363292341545667506e-03
1.363554898624043561e-03
1.364330738356333726e-03
1.364451861947983289e-03
1.364412672265961175e-03
1.363753724143282765e-03
1.365055973368880290e-03
1.364373322414700078e-03
1.364938024699325920e-03
1.364771704742461737e-03
1.364472205324641007e-03
1.364875322573033808e-03
1.364874593938225069e-03
1.364628216691116547e-03
1.364369877881042208e-03
1.365011230363786382e-03
1.365049153612209881e-03
1.364393340724339354e-03
1.365134562321171450e-03
1.365435371491881874e-03
1.365032270510039463e-03
1.364529780013379366e-03
1.364747344698142347e-03
1.365861319810310077e-03
1.366093283917255890e-03
1.365025145982741699e-03
1.365171581159421894e-03
1.365203553750889056e-03
1.365281706081452511e-03
1.365771986512489752e-03
1.365959012989362330e-03
1.365906618833127384e-03
1.366006326876747145e-03
1.365354335354476874e-03
1.365316127311364675e-03
1.364994995527913594e-03
1.364784897209639011e-03
1.365152025216358417e-03
1.364977853307317674e-03
1.364327966913923525e-03
1.364561709421064457e-03
1.365089607130540389e-03
1.365517527964377848e-03
1.365157146248031353e-03
1.364162022386648018e-03
1.365077221146273733e-03
1.364787942403790323e-03
1.363947542627965684e-03
1.364532187533998644e-03
1.364445841275510564e-03
1.363762466001769858e-03
1.364896535862729614e-03
1.363593725544749898e-03
1.364116630396187795e-03
1.364054060755760410e-03
1.363676519615565066e-03
1.363635834568205753e-03
1.363845222044201850e-03
1.364193264771464175e-03
1.364810446137395411e-03
1.365058209880602638e-03
1.363767611726117782e-03
1.363944147352174696e-03
1.363701494410390598e-03
1.364041017848537400e-03
1.363125575295519526e-03
1.363537754294963681e-03
1.363847183733889060e-03
1.362717190764697059e-03
1.362743598601933240e-03
1.363079516971940413e-03
1.362103925796145183e-03
1.361628854456041005e-03
1.361327042177933521e-03
1.361855426537355055e-03
1.361404080590739030e-03
1.361456391155731541e-03
1.362298395222124410e-03
1.361694260893217285e-03
1.361757228015653782e-03
1.361141259255073963e-03
1.362213405422678207e-03
1.362050193780513403e-03
1.362129635765885801e-03
1.361991923347016581e-03
1.361752859894051291e-03
1.362380828119236003e-03
1.363519849054564389e-03
1.362820243477882217e-03
1.362915126913189293e-03
1.362963148336460758e-03
1.362835368691295550e-03
1.363056894725463283e-03
1.363357727636308348e-03
1.364069749860085355e-03
1.362676840320795318e-03
1.363259264939509696e-03
1.363002049301824435e-03
1.363790546977962847e-03
1.363353354893772880e-03
1.364087465933945878e-03
1.363556866832935218e-03
1.363733718896742268e-03
1.364052145887454390e-03
1.364782771735758779e-03
1.365052294750971089e-03
1.365683119620261961e-03
1.364855210071765643e-03
1.365267940752066395e-03
1.365674724672668542e-03
1.365695762531562519e-03
1.365985074489054797e-03
1.366041178458768509e-03
1.366280639961627193e-03
1.366911906225280965e-03
1.367070241817384003e-03
1.367387769677226974e-03
1.367150962147791046e-03
1.367039268266105959e-03
1.367447152800013895e-03
1.367772315187305463e-03
1.367443961423664943e-03
1.368724748556777527e-03
1.368277121028144312e-03
1.367141418584351528e-03
1.368629016785679079e-03
1.368542473781901884e-03
1.368008893114743820e-03
1.368752116508347881e-03
1.369867923976034879e-03
1.369055327918506032e-03
1.369397668650357801e-03
1.368573345123821113e-03
1.369031040174442269e-03
1.368758151219401234e-03
1.369839543425980946e-03
1.369645278569806175e-03
1.369986461386160301e-03
1.370233170398471806e-03
1.370297317050816945e-03
1.371148576908423579e-03
1.371382449824912544e-03
1.369386341587554247e-03
1.370042119922102982e-03
1.370236995456605537e-03
1.370019762638205940e-03
1.369280131190194622e-03
1.368836272219846502e-03
1.369643931303656621e-03
1.368966514246287370e-03
1.369340228455303860e-03
1.369903039414233168e-03
1.369384712765429760e-03
1.369912613546212790e-03
1.370194714317891005e-03
1.369616418025025551e-03
1.369690640924364159e-03
1.369217234207102544e-03
1.369581234334367589e-03
1.369769186112265421e-03
1.369177145388025037e-03
1.369448750301855040e-03
1.369354209681924528e-03
1.370171094653405445e-03
1.369853783025279034e-03
1.369605767128932727e-03
1.369240848372436621e-03
1.369238219109124343e-03
1.369527524624689768e-03
1.370191594678383347e-03
1.370611629804279136e-03
1.370065700917707510e-03
1.370690229400636003e-03
1.370174567166781683e-03
1.370114771563955272e-03
1.369946478262227922e-03
1.370380017741366138e-03
1.369830707554969742e-03
1.370476878378997605e-03
1.370135902235420462e-03
1.370577981729835439e-03
1.370611897291064245e-03
1.369956532706914252e-03
1.370905354083679214e-03
1.370301841899147820e-03
1.369994714225472631e-03
1.370174074359648908e-03
1.369917604199222348e-03
1.370835002338901577e-03
1.371082968421805234e-03
1.370539745587399157e-03
1.371633244737936004e-03
1.372396731747914551e-03
1.371532472469149484e-03
1.372085189492394317e-03
1.372392411573340352e-03
1.372858314410446050e-03
1.372610772485035376e-03
1.372626830983871829e-03
1.373052906501155213e-03
1.373998469824109928e-03
1.373255624712067325e-03
1.374305439858709062e-03
1.375377395639746552e-03
1.374401983510176867e-03
1.374617322345517536e-03
1.374418769661160406e-03
1.374064078870030009e-03
1.374996629690996034e-03
1.374947944918074837e-03
1.374771201756522622e-03
1.373674826378801835e-03
1.374214966598872895e-03
1.374064050150377919e-03
1.373897682273339397e-03
1.373590355828021399e-03
1.373860459479714661e-03
1.373415036024602798e-03
1.373637316979280532e-03
1.373441386988620604e-03
1.373051553529640876e-03
1.373161726587883522e-03
1.372904078419495601e-03
1.372547530432771928e-03
1.372883084900486036e-03
1.372854826700263976e-03
1.372794879076010433e-03
1.373136800823412853e-03
1.372976240744160428e-03
1.373269448816347464e-03
1.372092438791220909e-03
1.371895109256009116e-03
1.372177197094239832e-03
1.371997827311236895e-03
1.372111263430120243e-03
1.371882422506304731e-03
1.372676182359247035e-03
1.372452513116218919e-03
1.372095315707109802e-03
1.372471619196633527e-03
1.373346680187127440e-03
1.373271252601838011e-03
1.373978157617620002e-03
1.373823679189142355e-03
1.373701621181742721e-03
1.374250589630423951e-03
1.374501618377732244e-03
1.374628951888842840e-03
1.374969501059896022e-03
1.374582417365714532e-03
1.375915262807941982e-03
1.375457957077309400e-03
1.375366398072008561e-03
1.375879206764345870e-03
1.375074739202199236e-03
1.375808957674480798e-03
1.375773655394693651e-03
1.374564265274993806e-03
1.374969287393378167e-03
1.375395660351089308e-03
1.374248456762517355e-03
1.374774235825320691e-03
1.375137522080736299e-03
1.374693415947546120e-03
1.374230097543065361e-03
1.373849950660595938e-03
1.374143800741049835e-03
1.374826710014543903e-03
1.374754870202703682e-03
1.375358008423122362e-03
1.374693414575491957e-03
1.376024329420911987e-03
1.375168889973312240e-03
1.376230176845107773e-03
1.376821662440557998e-03
1.377445504465453279e-03
1.377326934185356790e-03
1.377625388253091079e-03
1.377556420325522701e-03
1.377827346705197843e-03
1.377687530164825504e-03
1.378366723031059513e-03
1.378253780761706446e-03
1.379358626763273893e-03
1.378526263915963229e-03
1.378413580407476845e-03
1.378232471336807109e-03
1.377699250548402796e-03
1.377660204588960092e-03
1.377502601982185521e-03
1.377502564884849900e-03
1.377094378108313687e-03
1.377045102188918270e-03
1.377123169148698366e-03
1.376749564304925516e-03
1.376522096340930708e-03
1.376306066116932125e-03
1.376103219179709587e-03
1.376484415440543596e-03
1.375638014274960979e-03
1.376153529627244590e-03
1.376466608444889108e-03
1.377177215803353748e-03
1.376330095091141603e-03
1.377209624480928889e-03
1.377832672606393600e-03
1.377337849513127991e-03
1.377707854479513121e-03
1.377863929290810540e-03
1.377946951172728590e-03
1.377317876124312286e-03
1.378383148583984478e-03
1.377763829404857242e-03
1.376893939250920657e-03
1.377479475472070817e-03
1.377363974293285961e-03
1.377512863880188962e-03
1.376829950587747176e-03
1.376757806885057622e-03
1.376385810874408786e-03
1.376246924789459878e-03
1.375797414398656883e-03
1.376372915188749926e-03
1.376083039552157940e-03
1.375962677250342501e-03
1.376278771131327506e-03
1.375067926187582574e-03
1.375464615128503760e-03
1.375141681390809308e-03
1.375451217722667343e-03
1.375213996049229987e-03
1.374116323780620900e-03
1.374642024413534700e-03
1.375009424429198771e-03
1.374816186108579127e-03
1.374872206576050826e-03
1.374604993646280464e-03
1.374892063753144211e-03
1.374371307241371333e-03
1.374410861270648722e-03
1.375085079047185313e-03
1.374340099847218321e-03
1.373845988214279779e-03
1.373870949165458379e-03
1.373368980426277952e-03
1.373395284648705776e-03
1.374045080885720601e-03
1.374236373748579211e-03
1.373746987174498521e-03
1.373714656787328355e-03
1.374377453243986157e-03
1.373314787778381636e-03
1.374725267463418419e-03
1.375000633513544712e-03
1.374908763329504846e-03
1.374705804760751899e-03
1.375344159586330394e-03
1.374761377034710913e-03
1.374955678259637661e-03
1.375791478102996769e-03
1.375393933161825084e-03
1.374791393355195629e-03
1.374141972049110639e-03
1.374402431608408347e-03
1.374044855333570727e-03
1.373476147066490273e-03
1.373797278980530036e-03
1.373530477887359652e-03
1.374087008383050946e-03
1.373505283896364658e-03
1.374629421872367594e-03
1.373652090752854396e-03
1.373694085508476125e-03
1.373869484494390572e-03
1.374002493793449091e-03
1.373541185810959976e-03
1.373616296463165678e-03
1.372896328388672777e-03
1.373311398461094304e-03
1.373166437768947928e-03
1.373422117638588985e-03
1.373152901175338225e-03
1.372824599946656293e-03
1.372953851037800235e-03
1.372951955429229948e-03
1.372595907829622349e-03
1.372537080020467095e-03
1.371976518833127948e-03
1.372606932616173914e-03
1.372304465303803055e-03
1.372883055764091568e-03
1.372538573821511110e-03
1.371772995616399055e-03
1.371657156402379630e-03
1.371156548870912156e-03
1.373227662712977679e-03
1.372194862452352998e-03
1.372625691907816562e-03
1.373387470092748367e-03
1.373509928256048170e-03
1.372904390769543988e-03
1.373557154055683001e-03
1.372271950190195183e-03
1.372671733766029929e-03
1.373365031376462281e-03
1.373121110974597067e-03
1.373441238867125717e-03
1.372781991310212954e-03
1.372828330351577673e-03
1.373028841807213875e-03
1.372585053770344682e-03
1.372202711862625154e-03
1.372537768947067107e-03
1.372088614741016812e-03
1.372966625976220281e-03
1.371320052961673983e-03
1.372484038282510178e-03
1.371297612605045738e-03
1.371500127202583425e-03
1.371657433977136430e-03
1.372393790670456805e-03
1.372266882908913322e-03
1.371788560052329469e-03
1.372387209419423295e-03
1.373059875836720681e-03
1.372119687565091003e-03
1.372456952668338077e-03
1.372644837488652333e-03
1.372252676430442278e-03
1.372721239510130619e-03
1.373175410207107781e-03
1.373339789676770268e-03
1.373225249349316422e-03
1.373192140599093858e-03
1.374217580484540487e-03
1.373087314657593649e-03
1.373730735421281254e-03
1.373416119017922170e-03
1.373642712902563810e-03
1.373284592437362412e-03
1.374950277186557128e-03
1.375384717657030052e-03
1.375699669230480903e-03
1.375323341019913390e-03
1.374995827168702407e-03
1.376393430965479293e-03
1.374938658134516531e-03
1.375474953526705088e-03
1.375888518567625713e-03
1.375827006096899717e-03
1.376106215274145936e-03
1.376763528593015961e-03
1.376490893398888684e-03
1.377142391248066533e-03
1.377597658371110820e-03
1.377442903574935132e-03
1.378156149607620519e-03
1.378398559083001979e-03
1.377631154835267258e-03
1.377052475402562072e-03
1.377533450861354557e-03
1.378197531665161608e-03
1.377926318632524683e-03
1.377431369995234895e-03
1.378103353266250984e-03
1.377026997956013778e-03
1.377098256305323530e-03
1.377546682400937299e-03
1.376896481225985342e-03
1.377156133130131958e-03
1.377724302470502730e-03
1.377390233993399781e-03
1.377436461048627773e-03
1.377968490060080438e-03
1.377753590509640759e-03
1.377992458063717358e-03
1.377523781432005764e-03
1.377814483962071148e-03
1.377915409622653244e-03
1.378271292087637637e-03
1.377654210380392869e-03
1.377630201853200734e-03
1.377625857376428911e-03
1.378053415174716615e-03
1.379236620574145504e-03
1.377946771825521582e-03
1.377747424285152280e-03
1.378285215941195841e-03
1.378391820719733572e-03
1.377870947720679935e-03
1.377940887522204191e-03
1.378442184569506936e-03
1.377326309188360359e-03
1.376543808905091384e-03
1.377175499337036577e-03
1.377339576906661108e-03
1.376866535173952273e-03
1.377052102950622990e-03
1.376725541972259473e-03
1.377091431546088353e-03
1.376453083423159578e-03
1.376118407145392230e-03
1.376613860974210818e-03
1.376264468050408633e-03
1.376345322059549341e-03
1.376615248963308172e-03
1.375797052402398394e-03
1.375987092530690748e-03
1.375781348400807735e-03
1.375092848924950586e-03
1.376181915619803043e-03
1.376217607485394779e-03
1.376988228045140494e-03
1.375618523595182946e-03
1.376409202116476646e-03
1.375481194529065395e-03
1.375896188524313715e-03
1.375329588522316172e-03
1.375486796679416214e-03
1.375407836678202347e-03
1.376153467751289059e-03
1.376451661608716487e-03
1.375846399625968615e-03
1.376603803414573699e-03
1.376300659357882318e-03
1.376132273006986121e-03
1.376519139119978001e-03
1.376804625938470895e-03
1.376125303709323277e-03
1.376263669938597618e-03
1.376501398175137636e-03
1.376356900797842371e-03
1.375757054629167097e-03
1.376537074602986275e-03
1.376030595310722684e-03
1.375863440290003631e-03
1.376233813384194560e-03
1.375630286919059340e-03
1.375219368711327536e-03
1.375544615389078917e-03
1.375478081284651176e-03
1.375337607391888869e-03
1.375230714764894262e-03
1.374996969166680360e-03
1.374957214890644777e-03
1.374778526251204400e-03
1.374924179504986204e-03
1.374771630993403253e-03
1.375152269245743901e-03
1.375350849745834254e-03
1.375047610120704077e-03
1.375009940419071345e-03
1.375117181685103947e-03
1.375698172488143411e-03
1.375888399501965387e-03
1.376305143407612151e-03
1.375888775953004349e-03
1.374784961767817068e-03
1.376311935731089906e-03
1.376638468265899704e-03
1.376075806095550160e-03
1.375516558546054915e-03
1.376153292156358969e-03
1.375940061815105744e-03
1.376175910264875943e-03
1.376048286321548443e-03
1.375774724081315703e-03
1.376701416341084795e-03
1.376555451514082425e-03
1.376104517435344744e-03
1.376567568782978163e-03
1.375699843383359870e-03
1.376266069430776571e-03
1.377035654067301816e-03
1.376659103800221369e-03
1.376754744061515741e-03
1.376745189930883920e-03
1.377057390251408119e-03
1.376242984280951842e-03
1.376790731782792697e-03
1.376826091453964025e-03
1.376952857073887419e-03
1.375964152906615674e-03
1.375327963067521538e-03
1.375591276731301079e-03
1.374929624122993733e-03
1.374847629027925672e-03
1.375878342388435829e-03
1.375124770317586115e-03
1.375446021288696504e-03
1.375623699366561705e-03
1.375766127397275726e-03
1.375629210749922029e-03
1.375706264706637229e-03
1.375916795807775178e-03
1.375097684254357857e-03
1.375748646640714921e-03
1.375463938085600682e-03
1.376048341612691852e-03
1.376144260673158991e-03
1.375874247058031605e-03
1.375793803540286330e-03
1.375311927662206104e-03
1.374947912287524448e-03
1.374746239908982044e-03
1.374487728485667380e-03
1.374519753053550985e-03
1.374199864887817608e-03
1.374264345544749322e-03
1.374114051545115896e-03
1.374595885353312088e-03
1.375098249265468888e-03
1.375699113805507311e-03
1.374930440777093763e-03
1.376018281452403170e-03
1.375296854189695349e-03
1.375588730171101821e-03
1.375608958655739379e-03
1.375094636151085467e-03
1.375861208517199959e-03
1.376148645105893398e-03
1.375847523321944510e-03
1.375615142973274016e-03
1.375135070890930915e-03
1.375737372360336932e-03
1.375584670558521912e-03
1.375271814059140152e-03
1.374637798717544311e-03
1.374408030482479094e-03
1.373716014033333392e-03
1.372959068947373186e-03
1.373019087636622631e-03
1.372494204839299530e-03
1.372597062019289800e-03
1.371574750857510469e-03
1.371461543999048099e-03
1.371861968338894790e-03
1.370411549931493771e-03
1.370207446555651853e-03
1.370665506581236022e-03
1.370390056420653715e-03
1.370800103722499483e-03
1.370921179071763049e-03
1.369995403627709100e-03
1.369571147333123982e-03
1.370032900092356528e-03
1.370638367831178471e-03
1.369747032218351620e-03
1.369522974665259496e-03
1.369415674209456188e-03
1.370020604280107728e-03
1.369193411393020881e-03
1.370284647787712402e-03
1.369728331666328260e-03
1.369713281114240877e-03
1.370608095916659537e-03
1.369953297450864646e-03
1.370257246513129513e-03
1.369910213041082179e-03
1.369982257916936130e-03
1.369604832684761164e-03
1.369068977244584711e-03
1.368676344305875354e-03
1.368802190448784907e-03
1.368537499034775924e-03
1.368216247426031059e-03
1.367887873731134891e-03
1.367228852062069835e-03
1.368187237739211873e-03
1.367336741044744694e-03
1.367097460378613981e-03
1.368093463841338299e-03
1.367482591474009253e-03
1.367563028967134272e-03
1.367062632930857516e-03
1.367525780579290952e-03
1.367117135394660486e-03
1.367146624107614403e-03
1.368005772970619632e-03
1.367833385388181810e-03
1.368077019770553345e-03
1.368336726444934100e-03
1.368512327806032866e-03
1.367864476520554672e-03
1.367640600362047230e-03
1.367476889049845093e-03
1.367943879737235253e-03
1.367694516149845765e-03
1.367213901368430568e-03
1.367172679608590156e-03
1.367771085681711773e-03
1.367926684157017491e-03
1.367350732306183824e-03
1.367019044857228525e-03
1.367101256766051036e-03
1.366510191284988317e-03
1.367073150854810314e-03
1.367007903180548307e-03
1.366452380177399749e-03
1.366941024962108541e-03
1.367118149690006116e-03
1.367604320347398910e-03
1.366218931817342460e-03
1.367047574333831936e-03
1.367394672199646498e-03
1.366907938969819753e-03
1.365950498882575982e-03
1.365984199746592088e-03
1.365972108414156361e-03
1.365968396960675008e-03
1.365719677411347550e-03
1.366035232630705100e-03
1.365270909873706135e-03
1.366608090903484018e-03
1.366260739221606887e-03
1.366085683040236089e-03
1.366540310256609972e-03
1.366198254682859546e-03
1.365853130499662064e-03
1.365546853885751420e-03
1.365893309940101981e-03
1.366594748265108567e-03
1.366014261028604794e-03
1.365584036017520111e-03
1.365078874012058512e-03
1.364989792147814837e-03
1.364761778176081658e-03
1.364863722733537961e-03
1.365667471534831243e-03
1.365450413483529357e-03
1.365290047728853762e-03
1.365787830394177066e-03
1.365822567126690271e-03
1.365015580766518015e-03
1.365491526492313649e-03
1.364463932787727055e-03
1.365065470759144065e-03
1.364442542743548887e-03
1.363883353802899066e-03
1.363483707343381753e-03
1.363530445615612503e-03
1.362776753310930566e-03
1.363058803205898168e-03
1.363523854332179168e-03
1.363327725639197283e-03
1.362453929212145611e-03
1.363716206117193035e-03
1.364151378512143365e-03
1.363316852425168263e-03
1.363618628232873093e-03
1.363196527630046537e-03
1.363223029201881143e-03
1.363823740900203070e-03
1.363971398445930176e-03
1.364034964134935380e-03
1.364095169741812901e-03
1.365294930758883781e-03
1.364649467529686086e-03
1.365003166501701799e-03
1.364110317313709355e-03
1.364174097412087410e-03
1.364644176652163744e-03
1.365064268500557326e-03
1.364166454282746610e-03
1.364337726241951964e-03
1.364038526277175411e-03
1.363674499053612720e-03
1.364117533901240036e-03
1.363795133546689010e-03
1.363976806046515375e-03
1.363282884060056880e-03
1.362730892052129361e-03
1.362149253978118700e-03
1.363303466971934816e-03
1.362998051981054257e-03
1.362279141182712533e-03
1.362481693100189893e-03
1.362585692110624379e-03
1.362473949641405339e-03
1.363240103054588238e-03
1.362441771589072408e-03
1.362070705021877848e-03
1.361758111929226977e-03
1.362168439855754873e-03
1.361449676522875300e-03
1.362834285373359542e-03
1.363042257025248814e-03
1.363324308712848430e-03
1.363293796085677427e-03
1.363527921747607072e-03
1.363894337284987527e-03
1.364571768548895935e-03
1.364130856874415246e-03
1.364371549585163476e-03
1.365104858306796310e-03
1.366009430527681924e-03
1.365906696460119892e-03
1.365360604761457633e-03
1.365488997468613120e-03
1.365929072839997373e-03
1.365340839265085857e-03
1.365589652072649951e-03
1.365629324590451020e-03
1.365158962500765067e-03
1.364999075871931988e-03
1.364499411653967128e-03
1.364572111710747517e-03
1.365184888640139311e-03
1.364161683550901014e-03
1.364192496777811778e-03
1.363533255859551317e-03
1.363071851535521337e-03
1.363693556418618669e-03
1.363247273743078492e-03
1.363358936249493576e-03
1.362477286113715578e-03
1.362998435051716471e-03
1.363049685822856480e-03
1.362241785318872144e-03
1.362731147772156546e-03
1.362855638677463836e-03
1.362742855950956067e-03
1.362909713413774926e-03
1.363170297702924081e-03
1.363249236041005723e-03
1.363969226916582778e-03
1.363283965413236622e-03
1.364253546414375502e-03
1.363938792060466346e-03
1.365403342609318579e-03
1.364857872559117761e-03
1.365817257998928284e-03
1.365372014040845423e-03
1.365781164644612336e-03
1.366080847185100052e-03
1.366259688300001289e-03
1.366387271053372829e-03
1.366889939876863441e-03
1.367001020448799621e-03
1.367326656632859502e-03
1.366811164817706035e-03
1.367679441105576661e-03
1.367988877470691263e-03
1.367306807423521045e-03
1.368071630260060071e-03
1.367649643038085531e-03
1.368737822097864905e-03
1.368903229580428543e-03
1.368864818573947359e-03
1.369311172494757636e-03
1.369695384778109749e-03
1.370085737953921331e-03
1.369223013779979903e-03
1.370472326828720304e-03
1.370148182552829693e-03
1.370397328516909183e-03
1.370215912066094456e-03
1.370248507590472167e-03
1.370361640407798901e-03
1.370029894316536229e-03
1.370647612880471211e-03
1.370686076583415474e-03
1.371111750347804451e-03
1.370664728854951823e-03
1.370506301289084895e-03
1.370625852543029110e-03
1.371182355817921004e-03
1.370848223552209328e-03
1.371006299264937835e-03
1.371524726931817742e-03
1.371130079487883208e-03
1.371040362946291313e-03
1.372112042831583750e-03
1.371451758128761902e-03
1.372307376334655840e-03
1.371250537936569060e-03
1.372568806588651130e-03
1.372496815014207124e-03
1.372566099416030506e-03
1.372939441000933791e-03
1.373031234052522840e-03
1.373797875745954872e-03
1.373558007481375095e-03
1.373945329007962915e-03
1.373269206556456930e-03
1.372520758993270697e-03
1.373640359812087651e-03
1.372692249464370394e-03
1.374287965043642732e-03
1.373329394999330509e-03
1.373283604028108446e-03
1.374094372008789408e-03
1.373253068423227648e-03
1.373149971326232928e-03
1.373964917964614566e-03
1.373942721519365697e-03
1.373186240728977532e-03
1.373844209091002258e-03
1.373192236367614576e-03
1.373624637843928872e-03
1.373215118847621310e-03
1.372875571300810876e-03
1.374610276714955922e-03
1.373431265303699843e-03
1.373205573349950154e-03
1.372625464946228366e-03
1.373211064088040480e-03
1.373317166807399474e-03
1.373093549472719638e-03
1.373476886780085554e-03
1.372822780060671544e-03
