3.938089569531641118e-03
3.938089569531641118e-03
3.356204473611289294e-03
3.242450996107670760e-03
2.959338246323636127e-03
2.859400144179929937e-03
2.791373269460658418e-03
2.777215233203785688e-03
2.806642984533984104e-03
2.813771372504474816e-03
2.980655859042636528e-03
3.150079865160127640e-03
3.428095917075948094e-03
3.748605359251973128e-03
4.140372848244643599e-03
4.825807339877728926e-03
5.537000296757811288e-03
5.876165958230866217e-03
6.365468659084072035e-03
6.744122315358438979e-03
6.791956559420649596e-03
7.054518269942002852e-03
7.591474424212971139e-03
8.006474921460220162e-03
8.196904356435597699e-03
8.968436704767671075e-03
9.610471252652796892e-03
1.025387855136270301e-02
1.074268479406767160e-02
1.148057744450152289e-02
1.233070088392870800e-02
1.244171992820427945e-02
1.277322802385030993e-02
1.312513981004295553e-02
1.382530825729124530e-02
1.418590417103473070e-02
1.476825308898065299e-02
1.535732359903266633e-02
1.590349596744898217e-02
1.638947956035401166e-02
1.700649791801008351e-02
1.705252493176235423e-02
1.780221444916076437e-02
1.817747247700443602e-02
1.891096879305945166e-02
1.965356421557687416e-02
2.031197683639268323e-02
2.098206584554159967e-02
2.140421031208835853e-02
2.237044739487736161e-02
2.313781864839593513e-02
2.341675925328830579e-02
2.397530131947301149e-02
2.498429867495327930e-02
2.566275912289246730e-02
2.648545986390395471e-02
2.720809022406785530e-02
2.806377478923144028e-02
2.861646244796739805e-02
2.910854964598688990e-02
2.979703532641269845e-02
3.035459698953645036e-02
3.124578401246480910e-02
3.174835886361609266e-02
3.239126065535687105e-02
3.314489680652393105e-02
3.380641372460312793e-02
3.426867102788285629e-02
3.480347596171023267e-02
3.561829846766479540e-02
3.605447544394903281e-02
3.664282169792772159e-02
3.753817313130602268e-02
3.803755770300305816e-02
3.853201101534561857e-02
3.921172767817231869e-02
3.994660008661991835e-02
4.057743288342022248e-02
4.137276013622723236e-02
4.234706205119453948e-02
4.275050141494828732e-02
4.339287205162246225e-02
4.413884797399332538e-02
4.469832001452737208e-02
4.497837562301428699e-02
4.542978958954497354e-02
4.627247540418654576e-02
4.745527626984584468e-02
4.817100174061514362e-02
4.825229560866332867e-02
4.946124335769587488e-02
4.978793558019496690e-02
