3.970125283118863986e-03
3.970125283118863986e-03
3.881803139928334187e-03
3.834248659545907642e-03
3.763916721996288673e-03
3.713857064692894366e-03
3.664302741743550185e-03
3.617751226481059380e-03
3.573522608376818090e-03
3.527587160917164573e-03
3.482669939821908534e-03
3.442604688274346087e-03
3.405190337605123324e-03
3.368560912293037165e-03
3.336953235190119257e-03
3.306616401403463055e-03
3.273331187157758025e-03
3.237112021301114407e-03
3.206065663078755661e-03
3.177187209154950457e-03
3.144167185967544111e-03
3.115144984844342175e-03
3.088310121346556861e-03
3.059729590041490241e-03
3.030569733220911388e-03
3.005457727585207801e-03
2.980565863261105519e-03
2.954692865761892381e-03
2.929646867759611289e-03
2.904653669723323336e-03
2.883370395600013368e-03
2.863392646451568251e-03
2.843385488867014067e-03
2.822275263857269758e-03
2.803259561128368816e-03
2.784642125653483645e-03
2.764585196541836151e-03
2.743594627896112515e-03
2.720737964785182282e-03
2.699944699659644152e-03
2.681760775943794507e-03
2.663438299760895103e-03
2.642845013375477812e-03
2.622679677974145297e-03
2.605025019221602137e-03
2.585977518633119678e-03
2.571774292593776660e-03
2.555213088246328403e-03
2.538087390726814253e-03
2.520854097605395878e-03
2.500815251186042434e-03
2.481726690734792785e-03
2.467460298461979836e-03
2.448675075547466704e-03
2.426759776042384121e-03
2.409214258711192894e-03
2.393424623746639741e-03
2.378111304639461687e-03
2.362043166297287007e-03
2.344179964112407585e-03
2.327181727512033470e-03
2.314558864364047331e-03
2.300725098652545760e-03
2.288890695077007691e-03
2.274851706770707541e-03
2.260875755019776164e-03
2.246941045042681086e-03
2.233599357456852921e-03
2.221920490875037291e-03
2.208265679034009631e-03
2.194162106679796876e-03
2.180194008318644700e-03
2.166467856271502967e-03
2.154224052453179543e-03
2.143336482264327023e-03
2.132601499449088885e-03
2.121113226982051635e-03
2.110350595731201769e-03
2.097542445331310439e-03
2.087194702592378923e-03
2.078170765211575372e-03
2.066503365624735265e-03
2.056427453027757229e-03
2.047541382750686124e-03
2.037903069692255636e-03
2.028120462094205358e-03
2.019859555667671315e-03
2.011617189949833039e-03
2.003121044604574009e-03
1.994840337827887954e-03
1.986969146473174623e-03
1.978173573963903486e-03
1.968583359453415695e-03
1.960085435291429069e-03
1.952568376668443626e-03
1.942799681963007594e-03
1.934282678744964372e-03
1.926111162921516871e-03
1.918326802071736864e-03
1.907538805478000993e-03
1.899135313335171323e-03
1.891827087012084175e-03
1.881661197827050715e-03
1.873731523868204032e-03
1.866039639503016189e-03
1.859393902150686603e-03
1.853520122757400159e-03
1.846437308914972413e-03
1.841304369718898062e-03
1.833205615958688212e-03
1.826303569312287458e-03
1.819689473844580746e-03
1.812897305163505305e-03
1.805502095591049244e-03
1.800184477163815650e-03
1.792998628064767152e-03
1.786238598455789587e-03
1.779298370469534294e-03
1.773030236948083859e-03
1.766993550913427196e-03
1.762431351403060146e-03
1.756842342538774901e-03
1.752544868691935636e-03
1.743548752931825757e-03
1.739149667518516103e-03
1.732557167992283082e-03
1.726906520824415770e-03
1.722552597666327260e-03
1.717436561644777263e-03
1.712216547729592496e-03
1.706890799581435754e-03
1.700772472091892839e-03
1.696382887374631642e-03
1.690902903175518735e-03
1.685364374955902441e-03
1.680434546687739747e-03
1.675284156968094096e-03
1.669992752831370945e-03
1.664464248366052381e-03
1.659036492352301091e-03
1.655146060735866124e-03
1.649165001777097746e-03
1.644347914900909586e-03
1.639313824672561674e-03
1.635508572847478581e-03
1.629645780318948007e-03
1.624786463843414007e-03
1.620579086086502973e-03
1.617474616509609461e-03
1.614644282520730483e-03
1.608810584319004221e-03
1.603866937789997799e-03
1.601810234670404372e-03
1.597537517463456635e-03
1.592943621062076643e-03
1.589368120474245237e-03
1.587683447945829407e-03
1.582392447699388369e-03
1.578976631103369598e-03
1.575689140278261789e-03
1.571868382545256243e-03
1.569430577863576782e-03
1.566551071047613767e-03
1.562726262393824943e-03
1.558977545771529551e-03
1.556210077193930863e-03
1.551510538880112927e-03
1.548076022870999591e-03
1.546203302786637243e-03
1.541818761629538438e-03
1.537635133748721820e-03
1.534432767824190800e-03
1.529776362399837188e-03
1.527144401674206727e-03
1.524111363186611947e-03
1.520901085389226789e-03
1.517684907323463804e-03
1.513932811096085863e-03
1.511147045982201781e-03
1.508257635691605085e-03
1.506764260516721106e-03
1.505679788537090877e-03
1.502797899304602952e-03
1.498982554799692998e-03
1.497285441314637503e-03
1.496861742352037419e-03
1.497515721012386124e-03
1.497223541928703518e-03
1.494687879689816186e-03
1.495561656006343283e-03
1.493706422023619203e-03
1.492458978470930474e-03
1.491100894245751428e-03
1.489226059000232178e-03
1.488948840288327772e-03
1.488745140342512653e-03
1.486593530931536178e-03
1.482960985170011722e-03
1.481764916764755470e-03
1.480054334126584001e-03
1.477636448636634840e-03
1.475872931921410518e-03
1.474838939292490159e-03
1.473559870558472252e-03
1.470590369834617710e-03
1.469755920666632448e-03
1.468749124991991463e-03
1.467204618103417789e-03
1.465995022726724901e-03
1.465993646736606613e-03
1.464793183131387483e-03
1.462526294129564688e-03
1.461031957725701484e-03
1.460242096878260456e-03
1.458940315875872267e-03
1.454973534625983271e-03
1.451773779613052670e-03
1.450463632760054782e-03
1.448830732429810938e-03
1.446164142940108968e-03
1.444356762973138166e-03
1.442308416343780634e-03
1.439677028014924899e-03
1.438937687808574360e-03
1.437876676378556070e-03
1.434699037309978241e-03
1.433056897104737111e-03
1.433242036421740126e-03
1.432708689233299758e-03
1.431001019800000719e-03
1.431235797845373855e-03
1.430514377665239928e-03
1.428496522639828570e-03
1.428775189878368421e-03
1.426822872702703622e-03
1.426734261122998473e-03
1.425617659359429369e-03
1.426409361749874857e-03
1.425089374852522546e-03
1.425950365241049908e-03
1.425093114508421297e-03
1.424474233858318787e-03
1.424385073795130180e-03
1.422090431657355245e-03
1.421524326550618542e-03
1.422601434745094859e-03
1.420548373155737423e-03
1.418342381354401353e-03
1.419067167127018806e-03
1.417145383174379892e-03
1.416571280477082031e-03
1.412973579331973980e-03
1.412820535867000907e-03
1.411229933293604247e-03
1.410894478825868922e-03
1.410601623246068512e-03
1.410348012123220683e-03
1.410269131444220761e-03
1.410825997974670884e-03
1.410239461145308551e-03
1.410781511612671773e-03
1.408653382097370616e-03
1.409584791942316163e-03
1.408309448464512221e-03
1.407937181466620540e-03
1.406608687415723249e-03
1.406976280438753920e-03
1.406548570973225167e-03
1.404560349488624032e-03
1.404684431798277049e-03
1.403794273048417519e-03
1.402067042829240051e-03
1.399583992019730501e-03
1.399224242841250274e-03
1.397538186896352379e-03
1.396484127309164866e-03
1.395313484258891689e-03
1.393713201251513918e-03
1.389909911159689952e-03
1.387822054135961483e-03
1.386170709499091359e-03
1.384083551996738177e-03
1.384635224386316114e-03
1.381866957945877611e-03
1.381989144649603844e-03
1.380308243807082174e-03
1.378597664589605205e-03
1.378772273933007901e-03
1.378375924055291312e-03
1.378964013443084420e-03
1.379138685700358495e-03
1.378581692252914964e-03
1.378243163863708542e-03
1.379060262735535679e-03
1.377355682399652873e-03
1.377040846732603034e-03
1.376981348970784122e-03
1.375551350708131186e-03
1.376036389903435462e-03
1.374627419137992770e-03
1.373278406680262945e-03
1.373154019513491428e-03
1.371859844099304789e-03
1.370697010050969753e-03
1.369642753137076049e-03
1.369638196325037886e-03
1.370288096318919091e-03
1.369072144315253365e-03
1.368133744761610999e-03
1.368794536421222762e-03
1.368907216003547233e-03
1.368039016335048045e-03
1.370027004984298354e-03
1.367234482677855524e-03
1.369879370701613131e-03
1.368139845952518309e-03
1.368156995632555280e-03
1.368437168571113140e-03
1.367989192584443629e-03
1.366245626974706617e-03
1.364718469989809882e-03
1.363874729631242523e-03
1.363587923491701602e-03
1.364283228088770082e-03
1.364779061829568367e-03
1.364914090791187343e-03
1.363362267134416925e-03
1.362158599678874081e-03
1.360364389975459018e-03
1.360239710713686753e-03
1.359231260551293889e-03
1.357525547212203552e-03
1.358052914448553989e-03
1.357502612781273437e-03
1.357592789568458705e-03
1.357299578134463225e-03
1.356917397030183488e-03
1.356343178605885161e-03
1.356244480854715793e-03
1.355049233362020126e-03
1.356086715453343975e-03
1.356599493368945090e-03
1.353442926005002768e-03
1.353808044702783757e-03
1.351922499218714737e-03
1.352122004332329723e-03
1.352587922733791649e-03
1.351180583707605040e-03
1.350300191569833589e-03
1.351345187771402483e-03
1.351411179006061988e-03
1.350364095405080919e-03
1.349960242328483327e-03
1.350311941266243206e-03
1.351517063025269678e-03
1.352277603630596499e-03
1.351251368570236542e-03
1.352743706407213541e-03
1.351369545995141077e-03
1.353875441489822175e-03
1.353375765101256199e-03
1.353176088405389334e-03
1.354593713519828147e-03
1.355983598841687017e-03
1.355248088663775193e-03
1.355332262768552251e-03
1.356891754010883504e-03
1.358296061445037799e-03
1.357849447680918760e-03
1.357775924130398592e-03
1.359315827754366832e-03
1.359617008199703100e-03
1.359415121474521083e-03
1.358326773028648449e-03
1.359457286241461636e-03
1.358964960270498583e-03
1.357240160719289882e-03
1.358018394351597283e-03
1.358209521828277399e-03
1.359585949163920598e-03
1.357961611797948867e-03
1.358657743381458480e-03
1.360094235584229051e-03
1.359815928850931395e-03
1.359169782002650267e-03
1.360254615916222732e-03
1.360681121716128799e-03
1.360704542425939358e-03
1.360945209502720417e-03
1.360735873129040926e-03
1.360470249029717329e-03
1.359310869729752269e-03
1.359120285394469895e-03
1.360006873127840403e-03
1.357439544453366937e-03
1.358093029017639090e-03
1.358553848453093998e-03
1.358602266697551400e-03
1.359968452521572975e-03
1.359941686735081272e-03
1.359034704253477433e-03
1.359064335666454156e-03
1.359620284609851498e-03
1.360928676044228808e-03
1.360028060399514922e-03
1.359775546341302193e-03
1.358973149351303325e-03
1.359819032530502989e-03
1.357790898685352693e-03
1.356582333946197575e-03
1.357281641441472749e-03
1.357653789017572747e-03
1.357364597681420641e-03
1.357532009113897190e-03
1.357226356739278097e-03
1.356008363608089294e-03
1.357618515660064234e-03
1.357532268802119938e-03
1.357478010625568421e-03
1.359710643712441292e-03
1.358857687041060752e-03
1.359733533049503748e-03
1.358605727984482517e-03
1.357877204096579219e-03
1.358418158761818271e-03
1.359161539817322142e-03
1.358164797315205207e-03
1.359801687586535994e-03
1.359420060320347748e-03
1.358353645643927288e-03
1.360311566985710234e-03
1.359327516777303260e-03
1.358444787941062758e-03
1.358077910899188829e-03
1.357393528098265563e-03
1.357038762865353000e-03
1.356524408155586380e-03
1.356172045492246795e-03
1.356990220217915060e-03
1.354855618030795022e-03
1.356089497620557166e-03
1.353644728501488719e-03
1.354617914916577846e-03
1.354782475998707802e-03
1.354116729894453298e-03
1.352123625083585150e-03
1.353659545356168540e-03
1.353018497784652142e-03
1.353613237229266434e-03
1.353348436391029527e-03
1.354624812472092011e-03
1.355496704384043152e-03
1.355446689221790919e-03
1.354279297588357502e-03
1.355675704542690877e-03
1.354131951960818939e-03
1.354852714548593828e-03
1.356543530904714490e-03
1.356961076112031452e-03
1.358163808669785554e-03
1.358723353421702109e-03
1.358638303177417970e-03
1.361151561465967800e-03
1.360817383977511955e-03
1.362058121080242813e-03
1.361668140885614929e-03
1.362594602168265296e-03
1.361102242094957681e-03
1.363222735273261202e-03
1.362187795135514235e-03
1.364556798536545540e-03
1.362986327589636466e-03
1.362113779913304160e-03
1.363265933585461331e-03
1.363434593303802962e-03
1.363705982370812730e-03
1.363868963060740165e-03
1.362416151379275625e-03
1.361221620554825757e-03
1.361512370875353050e-03
1.359573469696539680e-03
1.360858627475161186e-03
1.360147487573581254e-03
1.360063964539942388e-03
1.357490557216777319e-03
1.357866937468016951e-03
1.355270739387522128e-03
1.355814568321909172e-03
1.354826315712863568e-03
1.353622374895511191e-03
1.355228158771984697e-03
1.355615395896393478e-03
1.355509589618087178e-03
1.356515440590251543e-03
1.355434772203514436e-03
1.354942678542113378e-03
1.355019905653463089e-03
1.352165328422316477e-03
1.353252392511804843e-03
1.351456687694960667e-03
1.352224964802918507e-03
1.352066536532597939e-03
1.350154142982655774e-03
1.350566738244546967e-03
1.350036235121536378e-03
1.348354711249646377e-03
1.348511058312665614e-03
1.347706464009330906e-03
1.346879508246732506e-03
1.345338785277285865e-03
1.346501419643928712e-03
1.345622509562942933e-03
1.343730886734013485e-03
1.343974974567932381e-03
1.343800487917246348e-03
1.344419264996311262e-03
1.344150536127893935e-03
1.345297042492649879e-03
1.344505536026786722e-03
1.344398345032776125e-03
1.345284583298501273e-03
1.346846487082688053e-03
1.347415876101040050e-03
1.347504114905062481e-03
1.348522356738478820e-03
1.348351291423956818e-03
1.347424987257247802e-03
1.348049749464829425e-03
1.348206653285799819e-03
1.348718767386512460e-03
1.348668777119672781e-03
1.349626291635801700e-03
1.348697976032242922e-03
1.348235691860903349e-03
1.350326761633646559e-03
1.351131738730775760e-03
1.351857726040390931e-03
1.353699718173707661e-03
1.353636685960250483e-03
1.352569367470958257e-03
1.354074499881388702e-03
1.354578448591225960e-03
1.353518653603005438e-03
1.352510926304842853e-03
1.352084503757759607e-03
1.353238028219035929e-03
1.351317783690518829e-03
1.350779777725993501e-03
1.349214992758764140e-03
1.351428612353545262e-03
1.348956868196785194e-03
1.349500904985942093e-03
1.349271931095609228e-03
1.349725042843355569e-03
1.350206462301250078e-03
1.351205912549104495e-03
1.350564409721808409e-03
1.351777446080473745e-03
1.351370741865537926e-03
1.352349885354736658e-03
1.353534824636887842e-03
1.355800545743657401e-03
1.354412328687073152e-03
1.354610285207569599e-03
1.356319724986857151e-03
1.355333772356975049e-03
1.358082025086946015e-03
1.356878475800371488e-03
1.356624575709984527e-03
1.355783226568278406e-03
1.356627480073158100e-03
1.357448203034564670e-03
1.355387334660203844e-03
1.356521082773016595e-03
1.358752798281284138e-03
1.356961710091831750e-03
1.356451829308417349e-03
1.355932117970989545e-03
1.356589114531292928e-03
1.354254324918937723e-03
1.354336063869455769e-03
1.353181968507904910e-03
1.352856279876944257e-03
1.354164917214142677e-03
1.352010031282114763e-03
1.353096527446835153e-03
1.351478217825491509e-03
1.350528218253596547e-03
1.349835061314074228e-03
1.348044700688332291e-03
1.348554643966966846e-03
1.346638046709981848e-03
1.346138877991084762e-03
1.346607640555039015e-03
1.345329803328326745e-03
1.345643656149596344e-03
1.342267601181003920e-03
1.344053207008033546e-03
1.342029640884181236e-03
1.343531146150791795e-03
1.344869960325413430e-03
1.345150510066008779e-03
