3.970125283118863986e-03
3.970125283118863986e-03
3.881704909011532856e-03
3.834415106244767196e-03
3.764334373254595890e-03
3.713910712318981098e-03
3.664731638958905816e-03
3.618607495799289892e-03
3.572399405505075672e-03
3.526949693868889138e-03
3.480466089237378106e-03
3.441980813104638173e-03
3.404888343849286729e-03
3.365462559050090997e-03
3.335905487086334928e-03
3.305807222352036105e-03
3.271592861013091803e-03
3.236277995936505652e-03
3.205424273746959683e-03
3.174232505191305377e-03
3.143050855042141354e-03
3.113149199822969320e-03
3.085030439662349820e-03
3.059880134863427349e-03
3.032844730379355338e-03
3.006425152631821748e-03
2.980127390996132556e-03
2.955939296905535189e-03
2.931747119443593643e-03
2.908704331981192340e-03
2.884571842853055849e-03
2.865453332267256688e-03
2.844713019464073164e-03
2.824326005539460650e-03
2.804190547082686686e-03
2.785086234156193552e-03
2.763897275120784629e-03
2.744744033505936657e-03
2.724268460840474030e-03
2.702672594829592413e-03
2.681050237219359533e-03
2.658742335365048195e-03
2.640248937081323116e-03
2.617363856493357295e-03
2.599653561497186367e-03
2.579068378263704112e-03
2.560408224473439964e-03
2.542493182604484321e-03
2.523674434056460102e-03
2.504962814514922857e-03
2.487474095180481487e-03
2.471313684873657941e-03
2.454803900319659730e-03
2.438960881702508313e-03
2.424029702408360496e-03
2.410727224248269355e-03
2.397114627338833761e-03
2.381453743342377190e-03
2.366320976326758471e-03
2.352346217251969403e-03
2.336978430010003705e-03
2.322189338144365484e-03
2.307707346080073441e-03
2.292646844258417263e-03
2.278360139304981720e-03
2.265329562290762516e-03
2.251702205995645412e-03
2.239143808694328379e-03
2.227089435816878051e-03
2.216367373173688468e-03
2.204566737674308174e-03
2.195143103096913045e-03
2.181877979868022260e-03
2.169465619731271271e-03
2.155947573937331760e-03
2.143757965503826669e-03
2.132482476863841597e-03
2.123021351762670317e-03
2.112992328296599710e-03
2.102116904634628285e-03
2.089568707112474024e-03
2.077702038647704242e-03
2.064887034415713394e-03
2.054879232504698127e-03
2.044817293651528863e-03
2.036064831160067611e-03
2.027389515806043378e-03
2.017368861818003099e-03
2.007983759008578721e-03
1.999013653096628432e-03
1.991015981288494531e-03
1.981121536171222622e-03
1.973762831244167248e-03
1.963388255530308657e-03
1.951905459198701289e-03
1.943852240960219045e-03
1.934277947145013766e-03
1.926528176790310090e-03
1.916058811289949714e-03
1.908679848026588769e-03
1.900265059795252457e-03
1.892075220040477382e-03
1.883624305742540852e-03
1.876173200289656031e-03
1.867546225221646114e-03
1.860916383619550625e-03
1.853837943560226152e-03
1.847869498184580425e-03
1.842166560582254127e-03
1.837680236890042260e-03
1.830639006815963383e-03
1.826591518107289081e-03
1.821371316637195210e-03
1.814065492643563869e-03
1.809102392924465249e-03
1.802203479185626126e-03
1.797659158142594785e-03
1.791403329475942195e-03
1.785962011069161959e-03
1.778833914547808858e-03
1.774824903936454918e-03
1.767506868340499400e-03
1.762752220681106661e-03
1.755356597514393449e-03
1.748655813659469663e-03
1.742177710199216412e-03
1.736763865946679922e-03
1.733200020080296428e-03
1.726519423661952019e-03
1.721744565346751280e-03
1.716337541416879933e-03
1.710639957027549566e-03
1.705020199286271312e-03
1.700188428404395338e-03
1.697416086592713020e-03
1.692028937602905406e-03
1.685725990492822641e-03
1.680430141285623943e-03
1.675145433516506827e-03
1.671559056452747187e-03
1.666504811120658996e-03
1.661956956479248041e-03
1.657568014967867980e-03
1.651350872721940718e-03
1.646976489058573885e-03
1.642157329231484081e-03
1.635509046316123731e-03
1.632452089825155292e-03
1.626462758057733299e-03
1.624556102294982688e-03
1.622258292163768776e-03
1.617295601230390491e-03
1.614574295073220979e-03
1.610622993999448862e-03
1.605659377834217855e-03
1.601655013791050772e-03
1.596977870839760838e-03
1.591044904660733920e-03
1.587307417221410673e-03
1.582722928801559049e-03
1.578502540829234118e-03
1.574979756761257831e-03
1.571218268492984016e-03
1.567675973388887650e-03
1.565107633834791987e-03
1.561391953363107940e-03
1.557596258544600510e-03
1.553343542466794572e-03
1.550126325841593702e-03
1.545289504456175004e-03
1.541200908323622212e-03
1.538099997139453275e-03
1.537226524886354476e-03
1.533708074324992721e-03
1.531462944679693773e-03
1.528754473537189068e-03
1.525575110753198647e-03
1.523054278827562199e-03
1.518787788208129366e-03
1.515221619931428863e-03
1.512608104094032360e-03
1.507868869508669591e-03
1.505740922520945905e-03
1.502609972202107683e-03
1.501149446948741271e-03
1.498074851728928769e-03
1.495049828252575496e-03
1.492713777818509800e-03
1.490162874736545521e-03
1.486605514743416729e-03
1.485709632019107827e-03
1.483061675581279649e-03
1.481698496539986688e-03
1.480513851076594323e-03
1.477463428847002004e-03
1.476088014903801249e-03
1.474014793420976542e-03
1.471341579009552251e-03
1.471264131303271546e-03
1.469865063801736350e-03
1.466316773582415850e-03
1.465092496087046529e-03
1.464877604186806768e-03
1.461284862518140871e-03
1.459804359125217070e-03
1.458009582934980362e-03
1.458559565250184880e-03
1.456870788417860161e-03
1.454527340418778616e-03
1.453115783072396472e-03
1.451224015828935041e-03
1.449962980838770833e-03
1.448743531722097074e-03
1.445656692179851221e-03
1.443698433832361948e-03
1.441113700732844522e-03
1.439818142415221804e-03
1.437699212857240913e-03
1.434717727678194894e-03
1.432002558654957508e-03
1.431533691966103364e-03
1.429906602032385635e-03
1.427356643825314743e-03
1.424834707623632039e-03
1.425412794867338432e-03
1.422784667499289854e-03
1.421458364251218390e-03
1.421458660335489206e-03
1.418374063217128821e-03
1.418755889157563175e-03
1.416396757291811829e-03
1.414914166406191966e-03
1.414862583998817208e-03
1.412092752290982755e-03
1.411037257214513979e-03
1.409513141920387593e-03
1.408476229217543469e-03
1.407711835539636903e-03
1.405366170583230174e-03
1.405054406142559886e-03
1.404766985761120735e-03
1.404106755598106019e-03
1.403639722788437754e-03
1.403131905677750847e-03
1.402616328856718959e-03
1.402748489274048029e-03
1.400061731800515772e-03
1.401729456505349794e-03
1.399237915999590205e-03
1.398024226652573761e-03
1.396739384850378702e-03
1.394462017350884143e-03
1.393849437582794608e-03
1.391183343929948803e-03
1.390774246342699715e-03
1.388629761858453009e-03
1.388135752740352231e-03
1.389576252942535412e-03
1.387407226853938202e-03
1.387915284911110094e-03
1.386619673788303973e-03
1.385338702049578258e-03
1.384927510138532969e-03
1.386217625483584766e-03
1.383479526067990994e-03
1.383325435482289688e-03
1.384107504396393015e-03
1.384381994013980785e-03
1.383737708015754866e-03
1.384209519903868832e-03
1.383969189615847847e-03
1.382959121938761617e-03
1.383647321869403094e-03
1.383579536670138249e-03
1.381710430083843292e-03
1.380451383707403728e-03
1.381252696395253009e-03
1.382703228393416042e-03
1.381528624894000400e-03
1.382147722339464304e-03
1.380750140733740883e-03
1.381857089062273189e-03
1.380821145341189996e-03
1.379538004990320905e-03
1.379975068770067847e-03
1.379378734193141293e-03
1.379209899103322340e-03
1.379317913050145603e-03
1.379544862376114438e-03
1.379484388534992856e-03
1.380107961213123411e-03
1.379861911579774577e-03
1.380582929789064958e-03
1.379980009963111551e-03
1.380882556687168094e-03
1.381118982310416141e-03
1.382462825844306019e-03
1.382750510890987583e-03
1.382873367055255072e-03
1.383239712252037380e-03
1.381801510406750278e-03
1.381116773419413090e-03
1.381182912392151093e-03
1.380604650951116697e-03
1.380592145876202758e-03
1.382014667610452149e-03
1.379810326708055118e-03
1.377762980219770627e-03
1.377311672557800020e-03
1.376275601918809004e-03
1.374967035296006295e-03
1.372469127426153906e-03
1.370452878997720182e-03
1.371398922040583225e-03
1.371864990229308690e-03
1.368511339849835980e-03
1.365882523238760382e-03
1.365455459980282390e-03
1.364748040221228087e-03
1.365424089101739940e-03
1.365351477008606550e-03
1.364508188231270585e-03
1.364236882150715331e-03
1.364564926641702574e-03
1.364836542869673607e-03
1.363907123355665016e-03
1.364938877074493330e-03
1.366280968313713165e-03
1.366406992472695304e-03
1.367282412541367649e-03
1.369731536779201500e-03
1.369832645771152562e-03
1.370754367951216440e-03
1.371875725549693724e-03
1.372230106418341694e-03
1.372285553629474077e-03
1.371357238189454836e-03
1.371839808665634153e-03
1.371575172811514759e-03
1.369554184139444618e-03
1.370892836111168656e-03
1.368651929885834808e-03
1.370581412692012781e-03
1.368656513050700227e-03
1.369238176194961885e-03
1.368142812959454672e-03
1.366969073277017697e-03
1.367531847531264309e-03
1.367298313484829973e-03
1.366830963013606660e-03
1.365828172683021882e-03
1.364553239597605981e-03
1.366425187603533290e-03
1.365556386160956268e-03
1.365593508795881744e-03
1.367235986345258355e-03
1.366714567954183243e-03
1.368117500214455651e-03
1.368707096075815529e-03
1.368886059043889717e-03
1.370092987816956326e-03
1.370820885938014164e-03
1.370989707793717708e-03
1.371301694043805834e-03
1.371436660732748211e-03
1.370997515339206088e-03
1.370479254503382963e-03
1.368678935688384972e-03
1.369388561002746240e-03
1.368497306996317676e-03
1.367087846084776579e-03
1.369730796889537206e-03
1.367212555812537299e-03
1.366862556630483614e-03
1.364489509780916678e-03
1.364117248787804354e-03
1.364711255228698641e-03
1.365853290840976291e-03
1.365233398669283118e-03
1.364881162779535374e-03
1.365728120239419413e-03
1.365152551393755860e-03
1.365503245774317030e-03
1.367250716786746036e-03
1.367116967187028851e-03
1.369197478497054645e-03
1.370358600496341360e-03
1.371959311018305363e-03
1.373190691889921485e-03
1.375112351962031951e-03
1.375353146762982792e-03
1.376568429597866284e-03
1.376396296178271795e-03
1.375988669506429760e-03
1.376608573876410020e-03
1.376731497926392354e-03
1.375821159579467207e-03
1.376659458983390703e-03
1.375497200956855804e-03
1.376349478748958030e-03
1.377203175874304507e-03
1.377671211937607455e-03
1.377224468429780451e-03
1.379181721360657345e-03
1.378947961683024822e-03
1.380560591765897212e-03
1.381243911155863313e-03
1.380920919508174787e-03
1.379926573840089448e-03
1.378505677379490094e-03
1.381027148339366564e-03
1.382229886875780724e-03
1.381868799658261772e-03
1.383163311652822660e-03
1.383293270820686689e-03
1.385134245769855527e-03
1.386425424091095515e-03
1.388691669283105340e-03
1.388224168984655230e-03
1.389908758804165798e-03
1.390971199622094423e-03
1.391177012601347001e-03
1.392363122894061875e-03
1.391042624863105372e-03
1.390255288720399331e-03
1.390781509870446866e-03
1.388328393097068222e-03
1.389364808913978473e-03
1.386389098885326384e-03
1.387897889928972660e-03
1.387150290049921769e-03
1.387210696829574343e-03
1.387740666166455703e-03
1.388196314466727142e-03
1.388509589225289881e-03
1.388777854909606325e-03
1.387730248025786971e-03
1.388610849031012354e-03
1.389277022404571864e-03
1.388322873308054772e-03
1.389797859007035766e-03
1.390222379375416917e-03
1.393353379074003043e-03
1.393607161423253069e-03
1.394946231536237655e-03
1.395731840454582763e-03
1.396911799336983569e-03
1.398932491967380762e-03
1.401101042825974403e-03
1.402359253633143508e-03
1.404536982999007996e-03
1.405155838051484491e-03
1.405979746086824392e-03
1.407918495258800957e-03
1.409127022214424997e-03
1.408105671892247342e-03
1.410046935797198064e-03
1.410687457808845833e-03
1.411623977906150025e-03
1.410662153540070008e-03
1.411835623279004319e-03
1.410470721260833433e-03
1.410328069858037513e-03
1.410870256130583155e-03
1.408769503145521377e-03
1.408633072468035759e-03
1.406914332052797796e-03
1.408525097159604679e-03
1.407138993685179982e-03
1.407076510889705050e-03
1.407062222817643832e-03
1.408306401692967962e-03
1.407605404159614337e-03
1.408596454047098120e-03
1.409801115913902414e-03
1.410802207799970870e-03
1.409101909531116064e-03
1.411050996760128276e-03
1.410914799713231709e-03
1.408826755816244402e-03
1.408323196761818163e-03
1.408942706380607920e-03
1.408351753796429099e-03
1.408470275020420274e-03
1.408190373272584636e-03
1.408311524809297780e-03
1.407986269435221273e-03
1.409740664320619820e-03
1.409609881211210374e-03
1.412556129081872936e-03
1.411449212047312385e-03
1.412844237337810985e-03
1.410815699141814697e-03
1.410033894461674205e-03
1.410542728247130657e-03
1.409590801467552326e-03
1.409396151321018475e-03
1.407700661642670350e-03
1.407779735929076854e-03
1.406653894827682551e-03
1.406593633445468424e-03
1.405519048206510654e-03
1.404927698897267358e-03
1.403778379684478793e-03
1.402971977525228984e-03
1.400530250337966159e-03
1.401098433810829417e-03
1.397300909531000185e-03
1.395878265769610882e-03
1.392748699186593681e-03
1.390902061805599551e-03
1.387792579302331688e-03
1.386155789333372778e-03
1.385285150651609665e-03
1.382955325108783592e-03
1.382848708241969518e-03
1.382498194577143910e-03
1.382820592099700532e-03
1.381974875042686320e-03
1.381064122335226357e-03
1.381761843993886945e-03
1.381874584813572952e-03
1.381345370296950406e-03
1.381886429072161186e-03
1.381752224257266383e-03
1.381978998261338461e-03
1.382273985034989175e-03
1.383907425608077836e-03
1.386015984235113756e-03
1.384648739419617807e-03
1.384351040406513232e-03
1.384002245377446072e-03
1.385125465484710744e-03
1.386743712024772002e-03
1.384195357080770291e-03
1.384791941876217011e-03
1.384254227667248245e-03
1.383869784439949006e-03
1.382404975092175244e-03
1.383716664728192958e-03
1.383258694396630531e-03
1.381635376934150106e-03
1.382082361267346522e-03
1.381256180387506341e-03
1.381367696734004356e-03
1.379785751386743966e-03
1.380623656178560366e-03
1.382208562512227774e-03
1.382655789572656601e-03
1.383444179062802079e-03
1.383288662456333157e-03
1.384256495357970729e-03
1.384837812512000913e-03
1.387634101698426159e-03
1.388132129712890857e-03
1.388117510745171760e-03
1.388761759494926227e-03
1.388867265608715587e-03
1.388251707023982397e-03
1.388072329388944899e-03
1.388635338291228840e-03
1.388833712568884882e-03
1.389588986296283338e-03
1.389637266325527377e-03
1.391111369648851022e-03
1.390856227147608008e-03
1.392264922069957325e-03
1.392973524811853304e-03
1.395287805389997795e-03
1.397586975336853957e-03
1.397762705075728798e-03
1.399102593315293972e-03
1.397942045635858698e-03
1.400776844380965599e-03
1.400978436666808821e-03
1.400072638484249231e-03
1.400164112894095730e-03
1.399028717149556180e-03
1.398810103207838440e-03
1.398290471054948686e-03
1.400133198855864304e-03
1.400699827195538236e-03
1.402037632686443458e-03
1.400675838814893943e-03
1.398958818900250187e-03
1.399532935559163116e-03
1.400803507361612086e-03
1.399628279298141455e-03
1.400395903563226218e-03
1.400137037693984952e-03
1.399754386754038750e-03
1.399175265322591486e-03
1.401697182580829287e-03
1.401929021353849570e-03
1.401254290277458318e-03
1.402053595646464337e-03
1.401461815210507068e-03
1.401970209766802448e-03
1.401417559169923542e-03
1.402014418149482092e-03
1.400974319233726619e-03
1.400003440480121486e-03
