3.945394954300631210e-03
3.945394954300631210e-03
3.924335294134621323e-03
3.913250001506089586e-03
3.890339516198272965e-03
3.880364455406988024e-03
3.867230197511906716e-03
3.858617320959387056e-03
3.848887673494617769e-03
3.838100026283714026e-03
3.829636529666040172e-03
3.820434166913082037e-03
3.811452384445917704e-03
3.803164909902482724e-03
3.795222784981805257e-03
3.787421786150984605e-03
3.781251949632402892e-03
3.774425210636902974e-03
3.766415586229300300e-03
3.759222793832590805e-03
3.752078176004126474e-03
3.745842340811674550e-03
3.737343853994865451e-03
3.729376585677445736e-03
3.722719399156407781e-03
3.715218306176933365e-03
3.708301719689418956e-03
3.701605187098553403e-03
3.694207859576862946e-03
3.687277199900736678e-03
3.680450421816927348e-03
3.673812246999730823e-03
3.667193265263212019e-03
3.660096052013834048e-03
3.653842580087993293e-03
3.647711352986881140e-03
3.641224150906677108e-03
3.634796526247190823e-03
3.629275022367273781e-03
3.622800774672359052e-03
3.616813282950582641e-03
3.611155827281944779e-03
3.605374014195557222e-03
3.600128177324242278e-03
3.594431815671501190e-03
3.588383586475642466e-03
3.581860652982910443e-03
3.576426575304143905e-03
3.570659337502803381e-03
3.564825050048322889e-03
3.559226302813988697e-03
3.554402179044467529e-03
3.549210863560441163e-03
3.543919997885708502e-03
3.538711236986155466e-03
3.532729294847617753e-03
3.527420484883483053e-03
3.523035407183123038e-03
3.517901001478219384e-03
3.512396156954469481e-03
3.507343958858455315e-03
3.502130228551190560e-03
3.496611030649181707e-03
3.491164908128066395e-03
3.485671618366448839e-03
3.479926840796394687e-03
3.473553519560281834e-03
3.467927736524891846e-03
3.462490660403247638e-03
3.456726818745263670e-03
3.450718682294138910e-03
3.445264920534924728e-03
3.439744930069632209e-03
3.433684159104388300e-03
3.428355534003985679e-03
3.423302398137694283e-03
3.418199163563161950e-03
3.412804777583527700e-03
3.407794594534693626e-03
3.403421449571580708e-03
3.398998768367039128e-03
3.394010415014196876e-03
3.388848822333347111e-03
3.383725175802532875e-03
3.378917638438777050e-03
3.374196410384344876e-03
3.369310033455773234e-03
3.364586117179970727e-03
3.359628463418517456e-03
3.355686217843884510e-03
3.352172568908235242e-03
3.347829571087256994e-03
3.343404054873466789e-03
3.338564825571653169e-03
3.333634548433014096e-03
3.328851664129640463e-03
3.323650634109867087e-03
3.318023210857082902e-03
3.312758652526026550e-03
3.308090568019728117e-03
3.303284303747925331e-03
3.298574959987864239e-03
3.293771456465385047e-03
3.289038432751374436e-03
3.283450766666859161e-03
3.278166447015624495e-03
3.273013327248213734e-03
3.268564833166344788e-03
3.263734662292908355e-03
3.259257656948833654e-03
3.254188588750891228e-03
3.249594855014125219e-03
3.244947038349186869e-03
3.240661663740494140e-03
3.236060952641599091e-03
3.231696109146482265e-03
3.227752260998360042e-03
3.223632951702671244e-03
3.219474763223761048e-03
3.215408021055790686e-03
3.210721445479352773e-03
3.206168113495657876e-03
3.201080512592116133e-03
3.196621128414655830e-03
3.192303724605635978e-03
3.187823182793373105e-03
3.183331036513224917e-03
3.178670020929666613e-03
3.174145624175246823e-03
3.169239903333915826e-03
3.164849589279312807e-03
3.160486491295308800e-03
3.155997479483432788e-03
3.152137493683986654e-03
3.148333961534905637e-03
3.143895052716095227e-03
3.140264916491439413e-03
3.135754849489235611e-03
3.131063355258347815e-03
3.125907113665913738e-03
3.121203019082245244e-03
3.116867646953640561e-03
3.112256359560099887e-03
3.107946233246098103e-03
3.102870284087726627e-03
3.097601497129726014e-03
3.092673691141735199e-03
3.088554753622351889e-03
3.084420118773964232e-03
3.079338363757924430e-03
3.074656318965412506e-03
3.070228719269215735e-03
3.066021854569949898e-03
3.062243996379384898e-03
3.058339212967727417e-03
3.054258389381618328e-03
3.050428079031147072e-03
3.046504258189204617e-03
3.042772051932370308e-03
3.039217361266549535e-03
3.035403378259938882e-03
3.031697255141622971e-03
3.027470737266950169e-03
3.023461942458363812e-03
3.019093768518658471e-03
3.014543886308533246e-03
3.010414271013576049e-03
3.006235942676386500e-03
3.001925360729564181e-03
2.997329684007777034e-03
2.992796674975036191e-03
2.988743990545478409e-03
2.984372581554249095e-03
2.979893991240845433e-03
2.976134850553073356e-03
2.972314629209190599e-03
2.968564807141111251e-03
2.964798534192306101e-03
2.961030866909122091e-03
2.957489383919576463e-03
2.954045142420592008e-03
2.950308094075968814e-03
2.946920031905592326e-03
2.943252700209330556e-03
2.938980186042869369e-03
2.935348737819186773e-03
2.932152825131098366e-03
2.928710879691884608e-03
2.925154450701997547e-03
2.921822407265536534e-03
2.918521447452835076e-03
2.915339504174295493e-03
2.911852401357423355e-03
2.908957513862225116e-03
2.905267495982154658e-03
2.901301821033350475e-03
2.897130123341281564e-03
2.892943683919663774e-03
2.888711191286290163e-03
2.884523637661328202e-03
2.880510651966514384e-03
2.877145826250793268e-03
2.873639215252753003e-03
2.869477757617194293e-03
2.865223757986871695e-03
2.861310228844302604e-03
2.857612124219856883e-03
2.854118194581821682e-03
2.850167881887493392e-03
2.846294408836995589e-03
2.841945335945450079e-03
2.837807143680611596e-03
2.833702309243322365e-03
2.830429965960975895e-03
2.826865178712713051e-03
2.823541828977612408e-03
2.820614471602363432e-03
2.817984814627368974e-03
2.814667019807520938e-03
2.811330437366573419e-03
2.807735199933821240e-03
2.804085777335062635e-03
2.800835201676602285e-03
2.797432683860344958e-03
2.793985660814612797e-03
2.790279426701708365e-03
2.786932732301350413e-03
2.783524404687428427e-03
2.779854306897020823e-03
2.776285319599869003e-03
2.773433040900776751e-03
2.769949956026473981e-03
2.766915512088170912e-03
2.763615184201824015e-03
2.760646234182735984e-03
2.757672894628751797e-03
2.754844716868209541e-03
2.751738503958871263e-03
2.748364971115803759e-03
2.745222204331159918e-03
2.742542717628249516e-03
2.739589943471146434e-03
2.736361317736724606e-03
2.733098184943093169e-03
2.730107023335725559e-03
2.727565293347900596e-03
2.725071095805042636e-03
2.722062992109913673e-03
2.719216843665319457e-03
2.715982166797524175e-03
2.713204127403174692e-03
2.710539426689850210e-03
2.708031313263012385e-03
2.705212308402400647e-03
2.702184840229189013e-03
2.698514010515539775e-03
2.694713316911746901e-03
2.691171905559940850e-03
2.687945181639274546e-03
2.685051872377839603e-03
2.682339447741224035e-03
2.680061585630164663e-03
2.676872273343086292e-03
2.673457423828036646e-03
2.670542882051068177e-03
2.667491726828159857e-03
2.664224165145360687e-03
2.660861861967297060e-03
2.658095689664670500e-03
2.655536835261054340e-03
2.652768879994527561e-03
2.650003312938894150e-03
2.647496928848148620e-03
2.645457762686223568e-03
2.643131196906318894e-03
2.640429441571530336e-03
2.637538361581911583e-03
2.634878362676007935e-03
2.632233296218086833e-03
2.629616281377142924e-03
2.627525283133551239e-03
2.625397270982694851e-03
2.623001806402574295e-03
2.620113511404625548e-03
2.617312698865633010e-03
2.614741105763301182e-03
2.612017685587093505e-03
2.609131209057065706e-03
2.606323461112940599e-03
2.603551799444734759e-03
2.601453005984656012e-03
2.599444707491290613e-03
2.597222311967281594e-03
2.594941349341312736e-03
2.591975376679385434e-03
2.589537850736887449e-03
2.587533648329756134e-03
2.585536027876099690e-03
2.583448755624448770e-03
2.581172299367107126e-03
2.578848866716752092e-03
2.576109230147539085e-03
2.573573385354995750e-03
2.571319207343631709e-03
2.569211526987738234e-03
2.567066473533274017e-03
2.564689755326042368e-03
2.562094777731963469e-03
2.559820568429601543e-03
2.557499091293386883e-03
2.555183245850153970e-03
2.552884784403516155e-03
2.550862754571683010e-03
2.548164363454880239e-03
2.545464612183752796e-03
2.542917374498371557e-03
2.540912164533113034e-03
2.538968957040818510e-03
2.536666681640059422e-03
2.534747018737491114e-03
2.532700544084900540e-03
2.531000090540415273e-03
2.529228510850049880e-03
2.527139937425203296e-03
2.524771716003237042e-03
2.522456043071242496e-03
2.520444276596854952e-03
2.518149441510717217e-03
2.515970623699482003e-03
2.513962937925060762e-03
2.511698307711654043e-03
2.509046679748527017e-03
2.506115670478790275e-03
2.503490845277055957e-03
2.501319980866889992e-03
2.499230691488944084e-03
2.496868919834797484e-03
2.494262950885262585e-03
2.491463560361744170e-03
2.489174342936822416e-03
2.487322972972889033e-03
2.485196550147578815e-03
2.482871039497748164e-03
2.480948463033684492e-03
2.478793169175711169e-03
2.477060293994078326e-03
2.475120682449328743e-03
2.473006390172667428e-03
2.470972240428429435e-03
2.468708838457324851e-03
2.466713413025622970e-03
2.464647720277135610e-03
2.462843618498673001e-03
2.461377435242268711e-03
2.459422219027702396e-03
2.457550524125076425e-03
2.455428402538029770e-03
2.453532178458317590e-03
2.451165054845142258e-03
2.448591703741786162e-03
2.446031302469053696e-03
2.443639196269823365e-03
2.441636957202922894e-03
2.439626795367569843e-03
2.437207230354223805e-03
2.435008762381703998e-03
2.433320141749367119e-03
2.431456971550143096e-03
2.429466043096868873e-03
2.427002118996699799e-03
2.425359723029712252e-03
2.423752534346834513e-03
2.422235492186798709e-03
2.421108291099711551e-03
2.419767349607967761e-03
2.418143624310239125e-03
2.416256901949654593e-03
2.414789606359468363e-03
2.413341457936517536e-03
2.412419292475155054e-03
2.410744845604239229e-03
2.409323002280544350e-03
2.408166385490235865e-03
2.407167256508674965e-03
2.406016413530861868e-03
2.404740881979963718e-03
2.402953165071419848e-03
2.401182691611035772e-03
2.399618207581484183e-03
2.397765959415595199e-03
2.395925662911541770e-03
2.393790870525836986e-03
2.391829875367502706e-03
2.389995287685358835e-03
2.388075794816024548e-03
2.385786654379890969e-03
2.383806700847700653e-03
2.382038956219841973e-03
2.380135964442027345e-03
2.378799686472856008e-03
2.377465542539467826e-03
2.375925619954383488e-03
2.373850961236784445e-03
2.371932532118561660e-03
2.370560570653688654e-03
2.369466407492319595e-03
2.368240033320303736e-03
2.366798785721250901e-03
2.365354438828867409e-03
2.363941117703139815e-03
2.362658088045222274e-03
2.361110094357610732e-03
2.359872334548329415e-03
2.358526588648714520e-03
2.356920689008988948e-03
2.355291703391438219e-03
2.354026915668903062e-03
2.352662872408538362e-03
2.351617530801122964e-03
2.350389161909812417e-03
2.348883974764363804e-03
2.347471516198597168e-03
2.346289806279906222e-03
2.344633455639688353e-03
2.342987818184166186e-03
2.341670543607405740e-03
2.339969204950336553e-03
2.338589514419204575e-03
2.337031888466223600e-03
2.335615483323170202e-03
2.333701085899819467e-03
2.332071002353321328e-03
2.330558101605058937e-03
2.328963130853371841e-03
2.327349630503260103e-03
2.325825912172826103e-03
2.324287806833785081e-03
2.323157528255101727e-03
2.321773290290064188e-03
2.320282875535741897e-03
2.318921610843494106e-03
2.317253797807532732e-03
2.315695587508890922e-03
2.314484715754410501e-03
2.312878790051489924e-03
2.311779939840208613e-03
2.310204240215854316e-03
2.308519805723939153e-03
2.306702850256862631e-03
2.305093501538006250e-03
2.304034175830706275e-03
2.303424086741117857e-03
2.302445149119667755e-03
2.301105436176024456e-03
2.299187185240994264e-03
2.297336889089745052e-03
2.295455150372559955e-03
2.294203601693839151e-03
2.293116683353618908e-03
2.291887984502743916e-03
2.290594117233045283e-03
2.288932879344517807e-03
2.288018224310489190e-03
2.287441431711850163e-03
2.286480071326626919e-03
2.285849975083061991e-03
2.285184547462607366e-03
2.284213140078593905e-03
2.282968378416325855e-03
2.281300676050398817e-03
2.280126161959200766e-03
2.278797779986991168e-03
2.277584845273796302e-03
2.276439416511759871e-03
2.275302132921458009e-03
2.273982977976888187e-03
2.272858658639327969e-03
2.271548996566335500e-03
2.270531686804724749e-03
2.269394758682658896e-03
2.268603516647219043e-03
2.267883002420062032e-03
2.267213730155691245e-03
2.266557743380737816e-03
2.266197832045540282e-03
2.265122052523963533e-03
2.263979907503091502e-03
2.262989975279603144e-03
2.262798226723850524e-03
2.262075940028917664e-03
2.261291445347327067e-03
2.260499010952688858e-03
2.259917370531578252e-03
2.259207726694894419e-03
2.258604144689020741e-03
2.258051065149650500e-03
2.257247717916972818e-03
2.255991935370377666e-03
2.254756728168273629e-03
2.253086062093203473e-03
2.251419916790006054e-03
2.250233556359764169e-03
2.248605534273809530e-03
2.247431219163816257e-03
2.246338153602766424e-03
2.245367767344570980e-03
2.244572174969068114e-03
2.243844934320416221e-03
2.243580592051521317e-03
2.242798449551013876e-03
2.242052879910253621e-03
2.241318194684948240e-03
2.241109692774160764e-03
2.241143037310981689e-03
2.240461616670649456e-03
2.239785363464470973e-03
2.238994130742228469e-03
2.238310540269029467e-03
2.237735957159826036e-03
2.237269999255758930e-03
2.236681470608459666e-03
2.235792700005996645e-03
2.234991658277870122e-03
2.234249025378174172e-03
2.233532157270329450e-03
2.232746575328954045e-03
2.231826238912955080e-03
2.230589204813593872e-03
2.229885501995538481e-03
2.229552375474473224e-03
2.229211236531645005e-03
2.228994973886380595e-03
2.228436299675513443e-03
2.227864450883838051e-03
2.227154552196697942e-03
2.226477806605145233e-03
2.225601976285616380e-03
2.224426071453609356e-03
2.223622109203344469e-03
2.223113806805823191e-03
2.222294372489693262e-03
2.221468041682457279e-03
2.220798550715429812e-03
2.219656618254971497e-03
2.218839070745909792e-03
2.218630470841341257e-03
2.218551165663906234e-03
2.218403762557871750e-03
2.217825733488741624e-03
2.217201427855918471e-03
2.216346114575920481e-03
2.215640864775232383e-03
2.214858694227256515e-03
2.214317546132931348e-03
2.213873911190822330e-03
2.212913467493301395e-03
2.212081681264418433e-03
2.210895246007782769e-03
2.209964196449607475e-03
2.209335028325795473e-03
2.208874645076281881e-03
2.208858410169941590e-03
2.208846216605587186e-03
2.208806722209187209e-03
2.208785460590947328e-03
2.208399667354124865e-03
2.208137142661246739e-03
2.207604734435825253e-03
2.207409873762382346e-03
2.207457464227598112e-03
2.207102222331054891e-03
2.206346082884949860e-03
2.205876575921277959e-03
2.205343514335697964e-03
2.204734502976219562e-03
2.204243164461584369e-03
2.203091524534440959e-03
2.202336516123498591e-03
2.201759081693922208e-03
2.201318256723011190e-03
2.200970710873773051e-03
2.200909503064997236e-03
2.200368526614694415e-03
2.199904399977938279e-03
2.199155761931478360e-03
2.198712328177970712e-03
2.197928080091556685e-03
2.197035749612005241e-03
2.195833998412786373e-03
2.194555986406861517e-03
2.193715273068970375e-03
2.192984790368516113e-03
2.192389327430231249e-03
2.191917120083129028e-03
2.191504547147853001e-03
2.191406832693936282e-03
2.191134742670063865e-03
2.191280162772462920e-03
2.190619710320780046e-03
2.189685851998155863e-03
2.189137869275947952e-03
2.188184484469737467e-03
2.187688589308032193e-03
2.186468863705074046e-03
2.185129388358026357e-03
2.183907933225059852e-03
2.182828167031464987e-03
2.181757142618786019e-03
2.180634838841244167e-03
2.179494559570678558e-03
2.178195207726902911e-03
2.177302337042125863e-03
2.176342394799538494e-03
2.175496200513858842e-03
2.174828329943061331e-03
2.173890420401145690e-03
2.172952388127099167e-03
2.172446493913666229e-03
2.172274664248730752e-03
2.171315997791620645e-03
2.170920337418329182e-03
2.170692251715591620e-03
2.170131845458443762e-03
2.169844459633177639e-03
2.169165148413799288e-03
2.168607722367567586e-03
2.168128432553526053e-03
2.167281256938696516e-03
2.167013608357086681e-03
2.166301036633611326e-03
2.165906524223644089e-03
2.165582176068893937e-03
2.165581497962913281e-03
2.165024404410757688e-03
2.164309760647845169e-03
2.163728811949972280e-03
2.163123643794949078e-03
2.162552580389372724e-03
2.162083040426539694e-03
2.161707938404454528e-03
2.161267364266253582e-03
2.161111257858042492e-03
2.160532149036686802e-03
2.159648946294644330e-03
2.158512952052595198e-03
2.157644959111665751e-03
2.157237249793990397e-03
2.156855088138474440e-03
2.156140102215763597e-03
2.155480975676888657e-03
2.154582517012248490e-03
2.154005636138157844e-03
2.154000537528746005e-03
2.154320977478590190e-03
2.154740211488270947e-03
2.155050048708993804e-03
2.155218957559178628e-03
2.155028593015640738e-03
2.154942489866592138e-03
2.154653745808569280e-03
2.154397933466294015e-03
2.154477040400146030e-03
2.153633095664761986e-03
2.152821211057473223e-03
2.151936975024752903e-03
2.151169433456234098e-03
2.150497904566923014e-03
2.149544254547476607e-03
2.148780625236404625e-03
2.148043761586188299e-03
2.147483427171335141e-03
2.147237270183303438e-03
2.147042278514081203e-03
2.146949369160802180e-03
2.146863484649848622e-03
2.147078104315211164e-03
2.147374629102056110e-03
2.147266831986121595e-03
2.147250301770045004e-03
2.147147959924415421e-03
2.146731684183493527e-03
2.146128273220560944e-03
2.145076593313447518e-03
2.144554396836438614e-03
2.144229683251690569e-03
2.144247166641317232e-03
2.144470889571705244e-03
2.144600237068573084e-03
2.144690148137299180e-03
2.144244124439352930e-03
2.143847883951785407e-03
2.143433461102155300e-03
2.143390203316288076e-03
2.143338153320339338e-03
2.143276365434236205e-03
2.143132891073891173e-03
2.142725890321693378e-03
2.142428058222091251e-03
2.142046639740212508e-03
2.141861375338849089e-03
2.141587656110819238e-03
2.141171289311875545e-03
2.140922954564123456e-03
2.140522375640512356e-03
2.140473008469838487e-03
2.140039308718773466e-03
2.139451214324823193e-03
2.139364372676530630e-03
2.139029764195132279e-03
2.139028532872482968e-03
2.139229994512477015e-03
2.139204523312271573e-03
2.139317384131164766e-03
2.139082028926669269e-03
2.139279883014170037e-03
2.138606011697621965e-03
2.137764199803719473e-03
2.137037774906023081e-03
2.136966154426044560e-03
2.137147752308778039e-03
2.136734313647829439e-03
2.136371322280466393e-03
2.136232687915514544e-03
2.136008088229069020e-03
2.135796633669092160e-03
2.135667244394111233e-03
2.135525652697651232e-03
2.135332403421617061e-03
2.135375409393206522e-03
2.135393808022794694e-03
2.135156724037540026e-03
2.135134106542727235e-03
2.135274815658061865e-03
2.135427987879311845e-03
2.135539944037931261e-03
2.135484176796657169e-03
2.135225400992870563e-03
2.135361409804660375e-03
2.134760278608247453e-03
2.134628248169907760e-03
2.134429872049755511e-03
2.134119922442242676e-03
2.133835896758991442e-03
2.133834037307970333e-03
2.133613510814743718e-03
2.133540956676633921e-03
2.133406102170624843e-03
2.133414198901030772e-03
2.133214015254707684e-03
2.132649755490190722e-03
2.132261785575684677e-03
2.131968416610815435e-03
2.131570409472651698e-03
2.131146594996170818e-03
2.130943891391675910e-03
2.130562960888838023e-03
2.129997906542935131e-03
2.129388916302416175e-03
2.128870998958932656e-03
2.128034146587788784e-03
2.127910765236994649e-03
2.128068469202450217e-03
2.128202294367312689e-03
2.128196556296938803e-03
2.128336682731704708e-03
2.128523722515354190e-03
2.128642471207390415e-03
2.128820187838847793e-03
2.129077948058739206e-03
2.129134983009941216e-03
2.129224359980220853e-03
2.129614770758762095e-03
2.129639373246434639e-03
2.129450456679244947e-03
2.129158054819191206e-03
2.128823155580023430e-03
2.128307364036436701e-03
2.128397074475214812e-03
2.128480285352519694e-03
2.128395392505129033e-03
2.128491142409843183e-03
2.128961484254105526e-03
2.129356094698383033e-03
2.129913038533217187e-03
2.130285560496369360e-03
2.130518331004098778e-03
2.130324798750078078e-03
2.130280345667960422e-03
2.130100812157800436e-03
2.130101897293980567e-03
2.130064125658978538e-03
2.129700140004064327e-03
2.129237541086956027e-03
2.129097111431302921e-03
2.128996809438421858e-03
2.129233932869967379e-03
2.129076094466985595e-03
2.129203532677581383e-03
2.129372540427573821e-03
2.129407751446474751e-03
2.129386496273223076e-03
2.128953675269585309e-03
2.128515203943302878e-03
2.128748739402830381e-03
2.128983619896670110e-03
2.128993959046730517e-03
2.128899089194881585e-03
2.128655513031427367e-03
2.128541656490759177e-03
2.128761804310117488e-03
2.128922684016208364e-03
2.129000365605683131e-03
2.129017962509173467e-03
2.129063152648635535e-03
2.129224599112463940e-03
2.129710698323395573e-03
2.130124429483598158e-03
2.129970488582896490e-03
2.129918709691813305e-03
2.129949793109644270e-03
2.129827432442634155e-03
2.129764558050240269e-03
2.129635410196470055e-03
2.129314393453729873e-03
2.129128091371931385e-03
2.128512706393281481e-03
2.127995414413431235e-03
2.127618698567501545e-03
2.127615921329201968e-03
2.128072049300227045e-03
2.128264344845498882e-03
2.128990893053713754e-03
2.129739147038601198e-03
2.130279104028098315e-03
2.131139803389278057e-03
2.131675528027857959e-03
2.131844518155809852e-03
2.131971278617687381e-03
2.132497760402283365e-03
2.132648416290278300e-03
2.132613464993645801e-03
2.132493219991218880e-03
2.132504481912227481e-03
2.132346198224369885e-03
2.131993796080648880e-03
2.131561968386659622e-03
2.131528379247571870e-03
2.132183820526732231e-03
2.132441731226091940e-03
2.132822018227484122e-03
2.133396255157358860e-03
2.133830924284956052e-03
2.134636686731754447e-03
2.134940178378021657e-03
2.135638658333393041e-03
2.135764189297501784e-03
2.136544924689877389e-03
2.136725569416331270e-03
2.137191540525672923e-03
2.137603673752214248e-03
2.137429931399127681e-03
2.137517349573764703e-03
2.137474064014448574e-03
2.137402716000477276e-03
2.137584018803938973e-03
2.137625758139121129e-03
2.138142765276635025e-03
2.138429571209426398e-03
2.138923989515614452e-03
2.139044940265338781e-03
2.138812473598703575e-03
2.138635687895174692e-03
2.138251569063647200e-03
2.138267834379405097e-03
2.137777752630911580e-03
2.137123300718488193e-03
2.136707123093323137e-03
2.136412427385471057e-03
2.136217651905721396e-03
2.135650357582979508e-03
2.135429461869408491e-03
2.135089735716172183e-03
2.135018007277065914e-03
2.134906726445966098e-03
2.134721435925241665e-03
2.134879801130792031e-03
2.135028776342663952e-03
2.134952289587433317e-03
2.134889046676431007e-03
2.134998099991855872e-03
2.135093730650586274e-03
2.135374088410045123e-03
2.135769809527643306e-03
2.136206015015059811e-03
2.136637893728278708e-03
2.137308106718840452e-03
2.137756131663905677e-03
2.137678339564088280e-03
2.137739718412349620e-03
2.138143249798878532e-03
2.138620566979257311e-03
2.138652637690915265e-03
2.138491145628522005e-03
2.138638514221194269e-03
2.138835731706548605e-03
2.138949586488647810e-03
2.139265818134436069e-03
2.139096129868978038e-03
2.139230967429405460e-03
2.139232389834653299e-03
2.139475083850997817e-03
2.139972672786797162e-03
2.140443554265470880e-03
2.140999757026617809e-03
2.141646172710408996e-03
2.142280494180374018e-03
2.142770164235857124e-03
2.143026283814899232e-03
2.143151965082453446e-03
2.143695851570513039e-03
2.144218253729520719e-03
2.144460396410845498e-03
2.144669731832890818e-03
2.145380692482857631e-03
2.145937185222356654e-03
2.145987195047624561e-03
2.146171778924090261e-03
2.146348003780221541e-03
2.146751349676804133e-03
2.147134997626491161e-03
2.147234818962678524e-03
2.147313653419227666e-03
2.147498799561645914e-03
2.147690816033538761e-03
2.147910105399183575e-03
2.148454166796299157e-03
2.149039465745194305e-03
2.149395228926048382e-03
2.149779858914798326e-03
2.150377342514444082e-03
2.150534840478239042e-03
2.150742621935530612e-03
2.151296359752745847e-03
2.151741676560446539e-03
2.152003381534351844e-03
2.152038284041851886e-03
2.151975117582350522e-03
2.151655139414794526e-03
2.151681886423654870e-03
2.151342128668685613e-03
2.151458714611306083e-03
2.151671665815810437e-03
2.151699597260575171e-03
2.151403833736310542e-03
2.151169783991122540e-03
2.151399080811914905e-03
2.151764409386627483e-03
2.151426852608617941e-03
2.151566810934577457e-03
2.151545129054468868e-03
2.151618974556363667e-03
2.151389912978692726e-03
2.151416555277837345e-03
2.151676829736592304e-03
2.151801587406064822e-03
2.152108882767877693e-03
2.152519820018563776e-03
2.152713273501717910e-03
2.153052781126432117e-03
2.153281159011827955e-03
2.153334790817526285e-03
2.153663053544076830e-03
2.153538247205101421e-03
2.153200405148490357e-03
2.153193879396729342e-03
2.153751005183738177e-03
2.154044696215179616e-03
2.154247938801777829e-03
2.154485538714138223e-03
2.154438726579450958e-03
2.154371024757452575e-03
2.154803813317399380e-03
2.155146936897438248e-03
2.155924066891955117e-03
2.156370917355595034e-03
2.156476672265348910e-03
2.156612686694898452e-03
2.156435154895971432e-03
2.156660234507339676e-03
2.156950845019932859e-03
2.156910877155644723e-03
2.156549127184935986e-03
2.155910905870010979e-03
2.155550700958731164e-03
2.155359734660062306e-03
2.154880744620825146e-03
2.154476927153095404e-03
2.154123165401326725e-03
2.154278444066677015e-03
2.154190843949939285e-03
2.154551401296201773e-03
2.154823203314867267e-03
2.154601811133479740e-03
2.154612172190591406e-03
2.154858406359853266e-03
2.155224659607976601e-03
2.155488684298654308e-03
2.155581219967225154e-03
2.155712174611482557e-03
2.156177397742823059e-03
2.156141563404460979e-03
2.156323977190911876e-03
2.156580313899657524e-03
2.156883603687100807e-03
2.156689845010002337e-03
2.156378197040560545e-03
2.156224084058991960e-03
2.155882085276417462e-03
2.155914048904673808e-03
2.156344278637524221e-03
2.156457941423062848e-03
2.156778822676168762e-03
2.156833908446939563e-03
2.156905040533991721e-03
2.156767473830669985e-03
2.156516413259955585e-03
2.156091073421018134e-03
2.155959907631072991e-03
2.155515986259148344e-03
2.155295564329114469e-03
2.154880981253830003e-03
2.154252416598123349e-03
2.153926892664003064e-03
2.153608593738248669e-03
2.153550100848957826e-03
2.153114219706009705e-03
2.152805469595961332e-03
2.152217673121003920e-03
2.151709501957650705e-03
2.151750279484330227e-03
2.151201833895801090e-03
2.150238977409040918e-03
2.149252972415111040e-03
2.148753388905265838e-03
2.148548003212639480e-03
2.148178133072793389e-03
2.147966441267246552e-03
2.147591489643699194e-03
2.147679674709292337e-03
2.147590219608800765e-03
2.147146461735693901e-03
2.146457847266683514e-03
2.145424517716426529e-03
2.144506263510574055e-03
2.144009915626782399e-03
2.143275099524062210e-03
2.142384676340146430e-03
2.141649629013291783e-03
2.140791619454361031e-03
2.140065143776394459e-03
2.139245102095040443e-03
2.138649791541487582e-03
2.137529494137937591e-03
2.137109857533549696e-03
2.136831091484923863e-03
2.136486654537996660e-03
2.136160444172303333e-03
2.135407133422633375e-03
2.134737320260971221e-03
2.134364620941618142e-03
2.133891869162162121e-03
2.133601088078058029e-03
2.133469991284014759e-03
2.133239128887789212e-03
2.133138472105661990e-03
2.132781438311358389e-03
2.132531487559565647e-03
2.132361673933948730e-03
2.132345744685971642e-03
2.132291873507258413e-03
2.132461964900340175e-03
2.132086233731187667e-03
2.131296995086057796e-03
2.130477753369239800e-03
2.129769587523129646e-03
2.129147762100292666e-03
2.128333721621716423e-03
2.127719224068272321e-03
2.127483570433785602e-03
2.127097773746470209e-03
2.126817875251712717e-03
2.126755770063803661e-03
2.126560840916446714e-03
2.126404606963910697e-03
2.126071183335478954e-03
2.126304345079021649e-03
2.126912548686722259e-03
2.127407897637043684e-03
2.128254315657422506e-03
2.129003643692867643e-03
2.129906708203409098e-03
2.130759904527320964e-03
2.131880372837088953e-03
2.132429074274368262e-03
2.132970042674612200e-03
2.133068485017720547e-03
2.132862893282730030e-03
2.132456988560567195e-03
2.132105499142756232e-03
2.131573938079127286e-03
2.131534894619177382e-03
2.131934103436760718e-03
2.132027540444049202e-03
2.132102690094516990e-03
2.132333007524609553e-03
2.132927772831692912e-03
2.133362341519803515e-03
2.134095653227063502e-03
2.134495725428280956e-03
2.134955886451579254e-03
2.135266396062217992e-03
2.135309693943510025e-03
2.135354127547635979e-03
2.135441531992578103e-03
2.135838711239783361e-03
2.136360657001746318e-03
2.136832131765396738e-03
2.137254346946076793e-03
2.137772322129184895e-03
2.137952891661110220e-03
2.138070449981206104e-03
2.137906786481612222e-03
2.137568654725754795e-03
2.137338772772632255e-03
2.137296393514591906e-03
2.136968630315750489e-03
2.136709468367711459e-03
2.136580702071781256e-03
2.136566583091536759e-03
2.136272720140094949e-03
2.136287857581773125e-03
2.136160939245175354e-03
2.135903243936218207e-03
2.135461562030988979e-03
2.135285158191093692e-03
2.135027565992839681e-03
2.135237094898965755e-03
2.135370122347997768e-03
2.135643623140563458e-03
2.135969121094341734e-03
2.136174589301462895e-03
2.136657943688152501e-03
2.136875335580426180e-03
2.137315628212592064e-03
2.137823810761097214e-03
2.138310571790538565e-03
2.139070767507084223e-03
2.139057428378159965e-03
2.139057921821332572e-03
2.138790519779192132e-03
2.138735821242270917e-03
2.138613472304397127e-03
2.138139314223760565e-03
2.137725729552072008e-03
2.137095352382393978e-03
2.136732648652308643e-03
2.136239271694511787e-03
2.135580329401736126e-03
2.134849140162782283e-03
2.133845015429609512e-03
2.133589398985426700e-03
2.133056409210419384e-03
2.133200245486435026e-03
2.133163718895025093e-03
2.133525929487734875e-03
2.133925936481104527e-03
2.134270637878953828e-03
2.134598553351862299e-03
2.134702267831657067e-03
2.135355722404083841e-03
2.135025335715954199e-03
2.134961841821340391e-03
2.134776293846381810e-03
2.134719424106515297e-03
2.134377098827319394e-03
2.134434895356638381e-03
2.135027177704936115e-03
2.135378287499441630e-03
2.136013105928575781e-03
2.136741719895985867e-03
2.137352368914524278e-03
2.137885972453154853e-03
2.138969321595619606e-03
2.139780526899854457e-03
2.140644644093908557e-03
2.140948295078345595e-03
2.141403874199888317e-03
2.141705946221610004e-03
2.141900248542836453e-03
2.142184469097624128e-03
2.142206205726384510e-03
2.142079017861547603e-03
2.141862872214216670e-03
2.141910971035265124e-03
2.142364850130138495e-03
2.142723246402460091e-03
2.142438941934122695e-03
2.142418137845541939e-03
2.142077619801740357e-03
2.142093962163914810e-03
2.142393151765533115e-03
2.142663984180182175e-03
2.142990826245529026e-03
2.143798483859293488e-03
2.144180566740319042e-03
2.144307446212911916e-03
2.144207525967109246e-03
2.144329832827361268e-03
2.144347394980354420e-03
2.144695127869657852e-03
2.144596142332619564e-03
2.144700195498640098e-03
2.144823029128693943e-03
2.145155251956278042e-03
2.145312243735988771e-03
2.145790536085271077e-03
2.145995806881937067e-03
2.146380263531712327e-03
2.146997711345735669e-03
2.147362067080469967e-03
2.147575260240949975e-03
2.147641188412395975e-03
2.147469672539753429e-03
2.147489036173560930e-03
2.147465025411945429e-03
2.147186149797077233e-03
2.147193215585610493e-03
2.147164773794668982e-03
2.147016895813870854e-03
2.147023010233202814e-03
2.146775160828865055e-03
2.146326232657070308e-03
2.145880795696281616e-03
2.145756983563405600e-03
2.146232552837020607e-03
2.146537602525124423e-03
2.146936442804558542e-03
2.147191197069088595e-03
2.147241831683446324e-03
2.147450651380677228e-03
2.147949609560051432e-03
2.147698799844899049e-03
2.147712143740588414e-03
2.147642804353813977e-03
2.147332095369213455e-03
2.146934252124043079e-03
2.146803598619092309e-03
2.146807265311010283e-03
2.146547840628565840e-03
2.145896044034202501e-03
2.144992935144744272e-03
2.144390625690826332e-03
2.143689971407375383e-03
2.143094653204083606e-03
2.143061012428260168e-03
2.143027151224454006e-03
2.142936559689318128e-03
2.143195506596346552e-03
2.143589765753783297e-03
2.143974699327904927e-03
2.144047270969499062e-03
2.144235869034559136e-03
2.144193901534755236e-03
2.144851735433358879e-03
2.145027449230132999e-03
2.145639485010637521e-03
2.146089587921658302e-03
2.146586099050033607e-03
2.147076206422087255e-03
2.147643788516779510e-03
2.148066610529744073e-03
2.148463968408581819e-03
2.148700826206377101e-03
2.149220757538018289e-03
2.149229238731927786e-03
2.149487125379796661e-03
2.149560838136990379e-03
2.149720697215598119e-03
2.149778131333959091e-03
2.149989906294363061e-03
2.150117703873968660e-03
2.149967534146624958e-03
2.150218849485275707e-03
2.150372887011220337e-03
2.150759499586038254e-03
2.151188406197167540e-03
2.151486455743757166e-03
2.152043440442904122e-03
2.152587084464555652e-03
2.153181759508318322e-03
2.153589829083988553e-03
2.153576541384551266e-03
2.153995571288405599e-03
2.153974689459705813e-03
2.154078490529016086e-03
2.154053776426142954e-03
2.154113092946184204e-03
2.153766432154697111e-03
2.153639033215696413e-03
2.153584248215097835e-03
2.153500587107655927e-03
2.153172491499959727e-03
2.152945855265164105e-03
2.152370867518359036e-03
2.152506023648855654e-03
2.152295763219094511e-03
2.152566054269562656e-03
2.152731342198311963e-03
2.152812965239210216e-03
2.152773555326400069e-03
2.152856356402489853e-03
2.152924944429156478e-03
2.152844106500440956e-03
2.153059612865573097e-03
2.153214070155124848e-03
2.153173081300817620e-03
2.152654138117930226e-03
2.152850097717510288e-03
2.153011604283701450e-03
2.153147616255154766e-03
2.153242131277786908e-03
2.153484260347088286e-03
2.153914504004370185e-03
2.154296069968413430e-03
2.154721508073184719e-03
2.154780469603192507e-03
2.155384841125131123e-03
2.155619895244692292e-03
2.155621043995334211e-03
2.155591150599453585e-03
2.155457974028237352e-03
2.155597827730752845e-03
2.155166140340825792e-03
2.154719941017169387e-03
2.154545992619562832e-03
2.154533917155850107e-03
2.154224278507190990e-03
2.154182781787545437e-03
2.154564450342649762e-03
2.155117878085003377e-03
2.155216860117089260e-03
2.155708967846337899e-03
2.156261586012970816e-03
2.157068145766577461e-03
2.157720970161496402e-03
2.157945641205744839e-03
2.158024028118031047e-03
2.157788225778564141e-03
2.157704725379332427e-03
2.157549868864325898e-03
2.157330474414821501e-03
2.157268632828447576e-03
2.157207147265474082e-03
2.157360562072221759e-03
2.157001725802428979e-03
2.156291559643947787e-03
2.155573961985924984e-03
2.155165360156206626e-03
2.154789599842239084e-03
2.154796483504041980e-03
2.154223878798869427e-03
2.154146998041906944e-03
2.153793801281715225e-03
2.153583959712734777e-03
2.153339065160606285e-03
2.153185704024586193e-03
2.153513320194973095e-03
2.153339895877337366e-03
2.153336332065144531e-03
2.153101500420563207e-03
2.152749316003545622e-03
2.152733311080645175e-03
2.152575470183746859e-03
2.151871862504352740e-03
2.150830612354778272e-03
2.149850436983148476e-03
2.148927910744473889e-03
2.148059019339704657e-03
2.147220783587014750e-03
2.146228055966736912e-03
2.145351279553138219e-03
2.144645577653124264e-03
2.144031290942334696e-03
2.143330969572083793e-03
2.142912921741609977e-03
2.142446368495214484e-03
2.141913294746187156e-03
2.141889357715962439e-03
2.141752536166071849e-03
2.141797773550582935e-03
2.141576463064953639e-03
2.141891335000023749e-03
2.142176205875868412e-03
2.142241122813740538e-03
2.142688867235625558e-03
2.143007293778829547e-03
2.143603768120234954e-03
2.143618794271637089e-03
2.143612286291372588e-03
2.143709664361009501e-03
2.143796988948686727e-03
2.143979031817794777e-03
2.143831941961542309e-03
2.143985945781833654e-03
2.143840093080074619e-03
2.143952671627520710e-03
2.144076029734025106e-03
2.144504337029938448e-03
2.145193810759029457e-03
2.145654189849135855e-03
2.146541112236141462e-03
2.147011673450161841e-03
2.147554765620142674e-03
2.147905820264500720e-03
2.148348234866726339e-03
2.148394045520918283e-03
2.148988299657526770e-03
2.149590657322980169e-03
2.150068118918648571e-03
2.150483939027338434e-03
2.150831313769164480e-03
2.150800595817012502e-03
2.151082038056505337e-03
2.151003742555807063e-03
2.151075607733438349e-03
2.151122198332397484e-03
2.151063468903903486e-03
2.150775086245161789e-03
2.150570393195691803e-03
2.150734628037473655e-03
2.150812725678313657e-03
2.151071429222955415e-03
2.151411151119506007e-03
2.152106017356134743e-03
2.152286044802099747e-03
2.152607806479123025e-03
2.153260040395360390e-03
2.153300587119707805e-03
2.153825291243897325e-03
2.153951376653537222e-03
2.154450962798278631e-03
2.154330590323629262e-03
2.154685060007700565e-03
2.155042873449663100e-03
2.155337129084795595e-03
2.155437907854504745e-03
2.155115989830665331e-03
2.154954611995448400e-03
2.154454693849798454e-03
2.153933240495679597e-03
2.153761610083632181e-03
2.153399071744364207e-03
2.153178059062146616e-03
2.153213395282293184e-03
2.153351739687116208e-03
2.153313859746074695e-03
2.153386423416243662e-03
2.153986153107503333e-03
2.154104123192044241e-03
2.154532329737045195e-03
2.154974081400301035e-03
2.155774243806914386e-03
2.156399199741518714e-03
2.156887231716870211e-03
2.157465847470583630e-03
2.158090922302352641e-03
2.158958493589935301e-03
2.159303570836670037e-03
2.160016983727037609e-03
2.160500759771770331e-03
2.160805487743840559e-03
2.161153071608314623e-03
2.161608939347563468e-03
2.161841170427128856e-03
2.162584387458082492e-03
2.162836182867781259e-03
2.163338540153442700e-03
2.163800532970144592e-03
2.164019072208688780e-03
2.164327184563020427e-03
2.164387394866127030e-03
2.164694947644580422e-03
2.164788646156929567e-03
2.164984796337838559e-03
2.165190828123970870e-03
2.165698569642160454e-03
2.166052109471825176e-03
2.166919514044503368e-03
2.167101153244015838e-03
2.167588887302631349e-03
2.168138703785035901e-03
2.168868633290352461e-03
2.169881942706536771e-03
2.170452161372577859e-03
2.171425914835020936e-03
2.172353444624263753e-03
2.173390240395945208e-03
2.173908466393776901e-03
2.173837429703141203e-03
2.173737928189993420e-03
2.173435075444129280e-03
2.173165039930092992e-03
2.173390116183727006e-03
2.174025456930945774e-03
2.174652596309067237e-03
2.175298375809763072e-03
2.175995271414410924e-03
2.177032415997980606e-03
2.177902898532549369e-03
2.178825100665524647e-03
2.180218663048808393e-03
2.181528773479794823e-03
2.182535958109917996e-03
2.183792073082874759e-03
2.184532858681084884e-03
2.185260368632346503e-03
2.185595242521869153e-03
2.185581909286654894e-03
2.185867682131671218e-03
2.185845157529156882e-03
2.186075980570049634e-03
2.186364384310576087e-03
2.186960379819908543e-03
2.187892491725667004e-03
2.188718617242053997e-03
2.189259345617328417e-03
2.189511937780995975e-03
2.189993062731165636e-03
2.190151808469627606e-03
2.190283781980482871e-03
2.190110329660668442e-03
2.189708296764610995e-03
2.189934408916963376e-03
2.190144309450096829e-03
2.190206770269558737e-03
2.189692335075253161e-03
2.189258482664225344e-03
2.189076949012987855e-03
2.189174253830562800e-03
2.188921391664785596e-03
2.188787099604910889e-03
2.188629034923443139e-03
2.188269717834441692e-03
2.187887481224835926e-03
2.187384546677479877e-03
2.186981788220630427e-03
2.186548702947241612e-03
2.186692006296361498e-03
2.186113587082874881e-03
2.185859971616059810e-03
2.185770208365825536e-03
2.185055268408210138e-03
2.184398215199036698e-03
2.183810348422953254e-03
2.183710379466183901e-03
2.183350064748402954e-03
2.183130067391456271e-03
2.182956900873906075e-03
2.182388860312480493e-03
2.182065049956077862e-03
2.181608351283273548e-03
2.181369432367651507e-03
2.181346804596136484e-03
2.181083916713197866e-03
2.180966059415809840e-03
2.180991236898579492e-03
2.180739226895263543e-03
2.181079626838079537e-03
2.180831341513831366e-03
2.180692932772020781e-03
2.180362027059876400e-03
2.179577663091095737e-03
2.179153629866399568e-03
2.178931572940359922e-03
2.178811375517372088e-03
2.178739616072188339e-03
2.179026210468484794e-03
2.179199884767107822e-03
2.179070063187616129e-03
2.179003184440850283e-03
2.178906071455859010e-03
2.178506017171202153e-03
2.178488536124888100e-03
2.178136493607671885e-03
2.177804644110143892e-03
2.177454444554573817e-03
2.177458270681830853e-03
2.177848839602172099e-03
2.178015260871563226e-03
2.177833507053107947e-03
2.177814168289061644e-03
2.177697360799738316e-03
2.177812658222841573e-03
2.178001059691923869e-03
2.178126488475008986e-03
2.177903690033468863e-03
2.178380664383604282e-03
2.178271379019931179e-03
2.178414835583306584e-03
2.177993131256263700e-03
2.177902568687960227e-03
2.177456608988079505e-03
2.177541368820929378e-03
2.177389429447364882e-03
2.177085707248451688e-03
2.176858813572497831e-03
2.176232622067198266e-03
2.176096006008327709e-03
2.175967901159666859e-03
2.176405130911329266e-03
2.176863324583563387e-03
2.177439947069900999e-03
2.177815538394659630e-03
2.177803303634685394e-03
2.178169244141853200e-03
2.178312183289729271e-03
2.178498280453070989e-03
2.178530212453313759e-03
2.178270621902930575e-03
2.178249968486589260e-03
2.178141431488317056e-03
2.177906218532819297e-03
2.177608145969986246e-03
2.177474250837991426e-03
2.177737811531993417e-03
2.177939750413689785e-03
2.177842856386248954e-03
2.177492407542120333e-03
2.176967279655732303e-03
2.176734353073988496e-03
2.176484587017390657e-03
2.176241448592528341e-03
2.175833802644374856e-03
2.174911292175843707e-03
2.174243670471978900e-03
2.173589366297878391e-03
2.172981198769018216e-03
2.172906808157651533e-03
2.172862421589602001e-03
2.172921981718005466e-03
2.173488723832424450e-03
2.173798179640887025e-03
2.173961180029887561e-03
2.174206469538652025e-03
2.174524592381949645e-03
2.174285691087839058e-03
2.174142443866881620e-03
2.174392688254700879e-03
2.173977617965307946e-03
2.173783425141327403e-03
2.173569891309489084e-03
2.172849230506002875e-03
2.172255781201308609e-03
2.172055038906893325e-03
2.172019367364217465e-03
2.172609715724236213e-03
2.173179234774415096e-03
2.173947940436750468e-03
2.174528687613742212e-03
2.175280785665908555e-03
2.175699230703472074e-03
2.175893925284056330e-03
2.176377773259910702e-03
2.176501256812812726e-03
2.176223981909264533e-03
2.175763316059736805e-03
2.175678681165168007e-03
2.175736472762675525e-03
2.175567710145232762e-03
2.175385929222260501e-03
2.175269738827046925e-03
2.174880765290838208e-03
2.174699126352438051e-03
2.174278607054525546e-03
2.174206023585096258e-03
2.174031707723411439e-03
2.173662247268906555e-03
2.173580878939937802e-03
2.173327657606259015e-03
2.173270238266138740e-03
2.173631456595315897e-03
2.173228549032595134e-03
2.173244756746950650e-03
2.172667995069250176e-03
2.171654518469208831e-03
2.171023960588127927e-03
2.170013344518284711e-03
2.169429319012031697e-03
2.169083015197576306e-03
2.168311989784826605e-03
2.167906529343005019e-03
2.167590849392411929e-03
2.167165964392639508e-03
2.166641263368744314e-03
2.165801785523687947e-03
2.164735825322557788e-03
2.164374083763920872e-03
2.164249949546322681e-03
2.163855037013481374e-03
2.164078204501958171e-03
2.164529158505499630e-03
2.165241701110194247e-03
2.165811294969474752e-03
2.166546885888863232e-03
2.167590352310821630e-03
2.168144431644944501e-03
2.168475553088708516e-03
2.168595662137580166e-03
2.168870924162622556e-03
2.168960368296870590e-03
2.169064406736309191e-03
2.168760899122970567e-03
2.168646661863886382e-03
2.168394195011327102e-03
2.168120400729600921e-03
2.168069575169629271e-03
2.168233708113003009e-03
2.168385830441290490e-03
2.168071189506967124e-03
2.168218451598129520e-03
2.168210581740727481e-03
2.168737200203379491e-03
2.169107590902470163e-03
2.169482671925691657e-03
2.169437357795060261e-03
2.169877944630673339e-03
2.170258314539250978e-03
2.170320658617627338e-03
2.170616093974201462e-03
2.170708908295013347e-03
2.170916469262461086e-03
2.170529754977239181e-03
2.170154280701265710e-03
2.169907507650035722e-03
2.169304714265778838e-03
2.169150545219204751e-03
2.168951286566335457e-03
2.168836573490226603e-03
2.168309482182731451e-03
2.167620830941916280e-03
2.166920110079830798e-03
2.166074907049900938e-03
2.165456296436350792e-03
2.164733926279110120e-03
2.164636266536528256e-03
2.164491836051111312e-03
2.164469845715821621e-03
2.164169926594540754e-03
2.164083343460573156e-03
2.163594889463191055e-03
2.163757263076806093e-03
2.163418647122943191e-03
2.163072859429722092e-03
2.162998378259332454e-03
2.163251349299647516e-03
2.163228136523954580e-03
2.162957529716525926e-03
2.162544460822543937e-03
2.162192334013398817e-03
2.161904870942163090e-03
2.161852343989666310e-03
2.161820115425996079e-03
2.161743344936228276e-03
2.161392228548717539e-03
2.161126142690962971e-03
2.160880138344896308e-03
2.161081335471735487e-03
2.161174181759730178e-03
2.161108602876818038e-03
2.160737541388990310e-03
2.160658580212605154e-03
2.160510905312793949e-03
2.160482011282083368e-03
2.160293879078332459e-03
2.160112792690410330e-03
2.159542918715058428e-03
2.159081994994226095e-03
2.158481768203735721e-03
2.158027235047436238e-03
2.157894842390601763e-03
2.158065630620569029e-03
2.158170960902966624e-03
2.158289866528747495e-03
2.158019660251918846e-03
2.158357525379669527e-03
2.158423349850616384e-03
2.158355540710722546e-03
2.158408340010697663e-03
2.158321135881191653e-03
2.158015973739689682e-03
2.157672697770693891e-03
2.157380877209316445e-03
2.157196321764179216e-03
2.156380045248165733e-03
2.156121152109387578e-03
2.155687975608503587e-03
2.155421607283016221e-03
2.155242254932060193e-03
2.155327975707289120e-03
2.155451720522839811e-03
2.155696040519437112e-03
2.156014608372778304e-03
2.156466184196618140e-03
2.156489905745427593e-03
2.156540851201129740e-03
2.156423239616353429e-03
2.156033134508022683e-03
2.155910680204006866e-03
2.155582501163925968e-03
2.155257453391692078e-03
2.155007577575616690e-03
2.154836907169947052e-03
2.154728246676665925e-03
2.154800916433022902e-03
2.155156907734759840e-03
2.155445103270347326e-03
2.155740337232667312e-03
2.156077782072794279e-03
2.156220728303611788e-03
2.156316690530752506e-03
2.156760254303191106e-03
2.157173346737579697e-03
2.157761265467544442e-03
2.157560982639134765e-03
2.157651602700520581e-03
2.157840666985356547e-03
2.157355079127555759e-03
2.157233144951095985e-03
2.157337929449532152e-03
2.157135274419338510e-03
2.157276188489517903e-03
2.157079995430374961e-03
2.157120208857728205e-03
2.156542116342700672e-03
2.155938491353977509e-03
2.155673206324486453e-03
2.155413264226454639e-03
2.155065473390083922e-03
2.154896167154151092e-03
2.154312970264700422e-03
2.153974214338964886e-03
2.154181200678754234e-03
2.153720830050324508e-03
2.153518207438146620e-03
2.153066802074365179e-03
2.152321240419039286e-03
2.151648795538690408e-03
2.150743186739569220e-03
2.150292059132378510e-03
2.149942562499700636e-03
2.149385733428660870e-03
2.148975157877772071e-03
2.148440239748267405e-03
2.148190691328637041e-03
2.148006225404736156e-03
2.147970505060530205e-03
2.147737310159055814e-03
2.148040556366380416e-03
2.147893499035913832e-03
2.147909144651204139e-03
2.147945354671096374e-03
2.147760104404154019e-03
2.147508337488057261e-03
2.147129739045309984e-03
2.146450956540869783e-03
2.146061471643800726e-03
2.145976378454169005e-03
2.146134713285955103e-03
2.146411907436218593e-03
2.146590114920702598e-03
2.146389897655174434e-03
2.146275207977060059e-03
2.146325533795449391e-03
2.146196652091831875e-03
2.146306001997028579e-03
2.146501506020053428e-03
2.146492258302037156e-03
2.146383784300508624e-03
2.146077648563808702e-03
2.145892110607240753e-03
2.145384098673013950e-03
2.144590857518415689e-03
2.143585628508482607e-03
2.142491488850559265e-03
2.141346054561981370e-03
2.140656605711641330e-03
2.140102318521265416e-03
2.139890469114690864e-03
2.139162857777595489e-03
2.138284289848494876e-03
2.137723612494271674e-03
2.137410845632638744e-03
2.137189050482249733e-03
2.137069574329145995e-03
2.136786003761536549e-03
2.136905281601737729e-03
2.136945076480072613e-03
2.137459022583241674e-03
2.137757497613628366e-03
2.137883132536588619e-03
2.138169799226855364e-03
2.137668978506443961e-03
2.137272258294331193e-03
2.137557755958177565e-03
2.137441346532922924e-03
2.137232385437351501e-03
2.136284288549132084e-03
2.135393357410774341e-03
2.134674699028617575e-03
2.133864296943379681e-03
2.133081925813817750e-03
2.132785049526606663e-03
2.132412080965280683e-03
2.132097312171401041e-03
2.132092471801569529e-03
2.132309221738223036e-03
2.132666023567734645e-03
2.132774407413943335e-03
2.133565493407647232e-03
2.133851028742351358e-03
2.134006634957664496e-03
2.133850700363862027e-03
2.133882834335710469e-03
2.133907044602315756e-03
2.133612404791829405e-03
2.133384757357221530e-03
2.132882409878533031e-03
2.132200781856792744e-03
2.131474590932630475e-03
2.130525014914574650e-03
2.130100141247259771e-03
2.129413007447087790e-03
2.128901724893386520e-03
2.128225318191935989e-03
2.127341529574453775e-03
2.126356511323135995e-03
2.125635192925819702e-03
2.124661510584316924e-03
2.124364867416978202e-03
2.123924023415918200e-03
2.124258190226179389e-03
2.124282438279339810e-03
2.124493828625339219e-03
2.124871101321622064e-03
2.125576868338542244e-03
2.126188440539697813e-03
2.126781404264909640e-03
2.127051546819305576e-03
2.127500317946906701e-03
2.127664734654236348e-03
2.128064610613252493e-03
2.128387901779505483e-03
2.128366901844940765e-03
2.128124757162577763e-03
2.127943316014932300e-03
2.127247228264463833e-03
2.126591564873471507e-03
2.125989690501414731e-03
2.125321459252712576e-03
2.124912836010146595e-03
2.124598843003240676e-03
2.123994229706130995e-03
2.123427390294852640e-03
2.123327042813037777e-03
2.122520840779071934e-03
2.122402944093912652e-03
2.122316368665799237e-03
2.122494334672962897e-03
2.122849496610061237e-03
2.123173673768634969e-03
2.123744445426429140e-03
2.123668094884456192e-03
2.123859701591462087e-03
2.124150779579409270e-03
2.124672467387180366e-03
2.125490101015851344e-03
2.125955044769266538e-03
2.125735292070130792e-03
2.125467201944574586e-03
2.125446639096131071e-03
2.125317856167738967e-03
2.125256257444562043e-03
2.124801553831942059e-03
2.125088990654621941e-03
2.125279531519704435e-03
2.125530112749491208e-03
2.126337507932181837e-03
2.127105949400909680e-03
2.127614117235884523e-03
2.128401462870710328e-03
2.129216540749294048e-03
2.129791818094829963e-03
2.130353425150303178e-03
2.130651643165478674e-03
2.130872272570479876e-03
2.131217253714903174e-03
2.130750572964832962e-03
2.130293684133149120e-03
2.129662033920256409e-03
2.129449370583166856e-03
2.129604326387463283e-03
2.129689629841913148e-03
2.129895441259388542e-03
2.130421950664549216e-03
2.130668768611519975e-03
2.131237949997262949e-03
2.131798646979485030e-03
2.132541643052906881e-03
2.132961517262817706e-03
2.133207254645159805e-03
2.132978303552295063e-03
2.133164598079064899e-03
2.133703253115436412e-03
2.134202602718899503e-03
2.134018827831345687e-03
2.133863158111100333e-03
2.133991676887471434e-03
2.133783918747421664e-03
2.133726495829487996e-03
2.133780701339615775e-03
2.133323039108398714e-03
2.132722360418873222e-03
2.131854617993128326e-03
2.131187192644328973e-03
2.131121734008217198e-03
2.131042234747490202e-03
2.131115242571305322e-03
2.130974400524093815e-03
2.130850732328900318e-03
2.130292290601647990e-03
2.129532050042071134e-03
2.129011047661839417e-03
2.128482431250255675e-03
2.127871135111660504e-03
2.127311706996489350e-03
2.127264490616327317e-03
2.127298756573808933e-03
2.127146149407239083e-03
2.127039385300052987e-03
2.127012621341847071e-03
2.126710537576411309e-03
2.126565050776985447e-03
2.126543266750715970e-03
2.126538311651720789e-03
2.126821154744687210e-03
2.126982289198010943e-03
2.127365775328599919e-03
2.127215350195416944e-03
2.127267112038047202e-03
2.127306851048565203e-03
2.127330330907884186e-03
2.127235782712437288e-03
2.126711590413645804e-03
2.126505765552392634e-03
2.126192617945728280e-03
2.125805109424842593e-03
2.125471738053275050e-03
2.125767501443086033e-03
2.125688363680355072e-03
2.125918665540173832e-03
2.126097680125472837e-03
2.126959843753479726e-03
2.127649487054759491e-03
2.128604838220994437e-03
2.129456987796042502e-03
2.130247108188834670e-03
2.130678964045799352e-03
2.130954391160664197e-03
2.131168214491159767e-03
2.131091286518277741e-03
2.130917244595789337e-03
2.130713589534880339e-03
2.130105837156537861e-03
2.129512219234532076e-03
2.129413300325543219e-03
2.128701399359875235e-03
2.128628034555428428e-03
2.128798397613441626e-03
2.128695776789714042e-03
2.128921771693171802e-03
2.128704643024889338e-03
2.129204388131392903e-03
2.129629484840277372e-03
2.130052772589715194e-03
2.130066518741263390e-03
2.129574134435085423e-03
2.129618610763391907e-03
2.129823153746472023e-03
2.129975576439777953e-03
2.129798429842143671e-03
2.129986420140693015e-03
2.130007848071512489e-03
2.129959419628603846e-03
2.129834771470338287e-03
2.129477876257610154e-03
2.129269135983083774e-03
2.129247296822282809e-03
2.128768848871526956e-03
2.128763645959355546e-03
2.128550682546784169e-03
2.128504781503037877e-03
2.128329933770714381e-03
2.128743226108018374e-03
2.129199755672318145e-03
2.129559891121480912e-03
2.130224694214794164e-03
2.130637295449898383e-03
2.131276945263722421e-03
2.131775348318877029e-03
2.131911973404071979e-03
2.131917055108529819e-03
2.131824205393669132e-03
2.131876108976091169e-03
2.132012164753120404e-03
2.131935566371338017e-03
2.131566293427162879e-03
2.131070967575782616e-03
2.130799902428601091e-03
2.130612850263194098e-03
2.130312374101747935e-03
2.129911602949747379e-03
2.129304685234203846e-03
2.129016931778304322e-03
2.128969584752885089e-03
2.128667404613941629e-03
2.128333646142834164e-03
2.128313134705035053e-03
2.128574884846137164e-03
2.128954560683573964e-03
2.129135912421666749e-03
2.128857997174850563e-03
2.128284279458346907e-03
2.128036149322999528e-03
2.127899719526711152e-03
2.127680304332833523e-03
2.127559149928966165e-03
2.127247832794163570e-03
2.126893620439776304e-03
2.126572604892862980e-03
2.126637475051492299e-03
2.126193940204777061e-03
2.126042694332764323e-03
2.125619432790749018e-03
2.125700301447170076e-03
2.125739490330064065e-03
2.126018722648611442e-03
2.125848883093824689e-03
2.126469987019743036e-03
2.126733862204681358e-03
2.127175950003996289e-03
2.127452844188565569e-03
2.127652077633177072e-03
2.127363835709789302e-03
2.127411365744036244e-03
2.126982104894197412e-03
2.126790433913694402e-03
2.126462874645664459e-03
2.126431765684210287e-03
2.126407665036230375e-03
2.126445131479368002e-03
2.126680455776938476e-03
2.126703321315262778e-03
2.127287915684943076e-03
2.127655793849380760e-03
2.127377139168388359e-03
2.127596964530013846e-03
2.128074248332941648e-03
2.128459072829907549e-03
2.128616764621736428e-03
2.128398372396366010e-03
2.128123180760963483e-03
2.127604463361265109e-03
2.127127660449193523e-03
2.126787556983154252e-03
2.126611847769816627e-03
2.126646406970950261e-03
2.126591370932924292e-03
2.126641997056983278e-03
2.126962769934963044e-03
2.127121984130478979e-03
2.127317799014696517e-03
2.127891397722272461e-03
2.128216198789992762e-03
2.128833839308477433e-03
2.129374715033135416e-03
2.129818073822587268e-03
2.130451647305292486e-03
2.131285597058020769e-03
2.131887578449578012e-03
2.132435592757777991e-03
2.132805015046036236e-03
2.133316453385801677e-03
2.133803268801992906e-03
2.134000406557218493e-03
2.133976931421126527e-03
2.133798414350493704e-03
2.133632834911035163e-03
2.133015641078518220e-03
2.132226429484866161e-03
2.131397752779215851e-03
2.131093928608484948e-03
2.130401882141150140e-03
2.129868729365541526e-03
2.129555736013602051e-03
2.129336471202035626e-03
2.129237070073661687e-03
2.129541036580785262e-03
2.129932100784354999e-03
2.130487081971296423e-03
2.131027802075445739e-03
2.131042466673590055e-03
2.130851670026340412e-03
2.130106074280183233e-03
2.129936250064659760e-03
2.129883113982785833e-03
2.129869027638973521e-03
2.129848861363626850e-03
2.129595360653962176e-03
2.129700541418979524e-03
2.129785115237417623e-03
2.129811903014884340e-03
2.129882351561516920e-03
2.130444210280585480e-03
2.130491318279410622e-03
2.130463688649060494e-03
2.130434784111212218e-03
2.130650396883686497e-03
2.130967878205812863e-03
2.131295302858222072e-03
2.131709925349689963e-03
2.132028025599946863e-03
2.132024864674888706e-03
2.132407717841668278e-03
2.132392179815827474e-03
2.132728238496750094e-03
2.133578093414992445e-03
2.134136816428414910e-03
2.134594570563069088e-03
2.135164041024051936e-03
2.135432815770160232e-03
2.135622252698292627e-03
2.136175679485423362e-03
2.136427586033198302e-03
2.136633766861736634e-03
2.137228885708955528e-03
2.138033309148172027e-03
2.138838281450208736e-03
2.139375863708794373e-03
2.140088913092130177e-03
2.140527484312728518e-03
2.141315937913750543e-03
2.141325623261532574e-03
2.141504754678987942e-03
2.141370629710496500e-03
2.141194937049823496e-03
2.141464242376325648e-03
2.141358371514932423e-03
2.141092950096528617e-03
2.141217663676901577e-03
2.141882891040178608e-03
2.142290323285853202e-03
2.142490266269273490e-03
2.143124291958453664e-03
2.143777454212450993e-03
2.144478703454364647e-03
2.145232063391042804e-03
2.145615175402380576e-03
2.145976512585008687e-03
2.146521725604861111e-03
2.146565967380012919e-03
2.146339517504859858e-03
2.146529162566676151e-03
2.146719980193420845e-03
2.147126386019722766e-03
2.147536861272160164e-03
2.147689378260263324e-03
2.147898532931033586e-03
2.147656310566564176e-03
2.147556443747413932e-03
2.147648365873646749e-03
2.147550565690254428e-03
2.147371122660500162e-03
2.146993161152838722e-03
2.146562663932831318e-03
2.146613214325973108e-03
2.146023930063928158e-03
2.145463018142401441e-03
2.145127020570896260e-03
2.144847971602527673e-03
2.144339941556373981e-03
2.144110109881912449e-03
2.144085813982076621e-03
2.144667667330483682e-03
2.144618757643436749e-03
2.144607367513634739e-03
2.144831756765499479e-03
2.144777878602866731e-03
2.144937497212630415e-03
2.145041689300002368e-03
2.145233181710279064e-03
2.145381138269209041e-03
2.145290998366449625e-03
2.145597687244890292e-03
2.145728598417715946e-03
2.146122752258095533e-03
2.146181407631489371e-03
2.146504336675972291e-03
2.146474252289852416e-03
2.146499254901442465e-03
2.146805882768154043e-03
2.147097939782860194e-03
2.147046974476184752e-03
2.147050047658875284e-03
2.147168159531688287e-03
2.147282485071933499e-03
2.147541451059987311e-03
2.147434250610673855e-03
2.147697244304238792e-03
2.147820537401660002e-03
2.147963486080704896e-03
2.147906160242049004e-03
2.147882734579698982e-03
2.148044365655502400e-03
2.148053540769433167e-03
2.148075084027312176e-03
2.147923944115934670e-03
2.147946026471600055e-03
2.148504951641372774e-03
2.148895691108431392e-03
2.149409001695632912e-03
2.149764417499861694e-03
2.150065622757056909e-03
2.150443135813800890e-03
2.150721835751840966e-03
2.151241508643813617e-03
2.152093802058518447e-03
2.152748899188261511e-03
2.153365764606554687e-03
2.153810081626779480e-03
2.154605164876379451e-03
2.154895437109542126e-03
2.154925204439039291e-03
2.155262611385564808e-03
2.155666557018533387e-03
2.155957210088592802e-03
2.156640907218750677e-03
2.157092618546903144e-03
2.158087362168463127e-03
2.159090647881631818e-03
2.159771687520154956e-03
2.160157280225969388e-03
2.160229265301152630e-03
2.160239804526075530e-03
2.159733958979773247e-03
2.159980774187161140e-03
2.159796063415889145e-03
2.159623633965475874e-03
2.159597283305459900e-03
2.159452561817610736e-03
2.159322277351166317e-03
2.159085431402293920e-03
2.159024333606625237e-03
2.158738500005362958e-03
2.158859372019495890e-03
2.159154673374700118e-03
2.159355601371529352e-03
2.159699253847669614e-03
2.160346559039543011e-03
2.160983740467545353e-03
2.161811216705828223e-03
2.162337411892538593e-03
2.162766105867221667e-03
2.163180699939408307e-03
2.163751673833340904e-03
2.164158703956997522e-03
2.164358332899572832e-03
2.164365580384860956e-03
2.163814685487517459e-03
2.163319490442855084e-03
2.163388819622690494e-03
2.163175678412606728e-03
2.162994191913666497e-03
2.163146343332549796e-03
2.163153833656665526e-03
2.163607521696125652e-03
2.163872289895650298e-03
2.164594711839560540e-03
2.165280532377512630e-03
2.165889781372125258e-03
2.166246269470819500e-03
2.166529527532340665e-03
2.166716788015152217e-03
2.166733251243268491e-03
2.166323393450877294e-03
2.165896229411388811e-03
2.165175183840612524e-03
2.164624592131547762e-03
2.164150396194644034e-03
2.163354136473073005e-03
2.162967229026993565e-03
2.162382010945203097e-03
2.162007885916089264e-03
2.161689818558394736e-03
2.161506215998377708e-03
2.161957520022672000e-03
2.162509742106499041e-03
2.162873752077168824e-03
2.163671201471569286e-03
2.164486211069652829e-03
2.164971520428157943e-03
2.165355056280477124e-03
2.165427046118568750e-03
2.165454886319283841e-03
2.165119614632804793e-03
2.165322631386678524e-03
2.164947232325578879e-03
2.164660477378047357e-03
2.164619956469238451e-03
2.164626849323527530e-03
2.164714638648582243e-03
2.165267948977359601e-03
2.165608451631160711e-03
2.166181983751032988e-03
2.166745086876702316e-03
2.167335577707746926e-03
2.167873748988731128e-03
2.168770062939929296e-03
2.169529340559310689e-03
2.170459900594941954e-03
2.171550163392471818e-03
2.172769277356681201e-03
2.173389984860685589e-03
2.174104748076820595e-03
2.174805204494428042e-03
2.174737771050597873e-03
2.174575128940806155e-03
2.173671191848474890e-03
2.173086553574806075e-03
2.172825627072086721e-03
2.172812430033709257e-03
2.172969476953985710e-03
2.172537892448265021e-03
2.172652930687313851e-03
2.172497456542992443e-03
2.172577477551761779e-03
2.172957550999575493e-03
2.173622418386274464e-03
2.174264649217231161e-03
2.174440220639500300e-03
2.174968473721458542e-03
2.174981480275369698e-03
2.174841531915406960e-03
2.174430535331444304e-03
2.173885900803484289e-03
2.173375864918779352e-03
2.173255653296947160e-03
2.173444888165002118e-03
2.174072189344788096e-03
2.174427378482278114e-03
2.174564437124242976e-03
2.174407298498957052e-03
2.174342937016508336e-03
2.174773564232252137e-03
2.174710249775863892e-03
2.174760876574902049e-03
2.174340064428479779e-03
2.174048160374873143e-03
2.174015851855466870e-03
2.173762285239918580e-03
2.173511556777627841e-03
2.173850416770730081e-03
2.173822104410135653e-03
2.174039328971328049e-03
2.174032015013919149e-03
2.174486566977930097e-03
2.175044258244615038e-03
2.175652071253950798e-03
2.175882568609939158e-03
2.175981097777575108e-03
2.176163113805583069e-03
2.176460776977672592e-03
2.176160733623583657e-03
2.175457651320285464e-03
2.175604318687150707e-03
2.175916286029865553e-03
2.176271921061768110e-03
2.176030036188826480e-03
2.175965725845545751e-03
2.175694739126498873e-03
2.175148640770273659e-03
2.174751979520209676e-03
2.174265769361944257e-03
2.173925361725440996e-03
2.173709692319337073e-03
2.173191309772104333e-03
2.172921210978566182e-03
2.173016789112816594e-03
2.173165653988297016e-03
2.173149292043696171e-03
2.173251145211533512e-03
2.173353030020953001e-03
2.173450206868957676e-03
2.173903650787446101e-03
2.174057197851319168e-03
2.173866642851560171e-03
2.173818889884440980e-03
2.173796630945262591e-03
2.173680157773179820e-03
2.173292652221042211e-03
2.172145823248872610e-03
2.171849872043977829e-03
2.171331435084915881e-03
2.171231387580394023e-03
2.170574935731007203e-03
2.170231794231270057e-03
2.169978164017281452e-03
2.169789147065220337e-03
2.169590545512771126e-03
2.169473720632418209e-03
2.169250962015924992e-03
2.168941541179752672e-03
2.168933968315291724e-03
2.168570002684392511e-03
2.169080431959043067e-03
2.169132125545723822e-03
2.169385505623457836e-03
2.169726392760901353e-03
2.170081181406804862e-03
2.170459607852819311e-03
2.170533679216713353e-03
2.170744944616977579e-03
2.170989689414518434e-03
2.170992065509812045e-03
2.171242312619367770e-03
2.171662472030349254e-03
2.171419164499589251e-03
2.171388154534408498e-03
2.170819470054519227e-03
2.170289153335707572e-03
2.170147441279894878e-03
2.169573208126347914e-03
2.169615199953605061e-03
2.169557987771929698e-03
2.169560899399867147e-03
2.169539600605375606e-03
2.169847155459550536e-03
2.170109610188610937e-03
2.170273309100093952e-03
2.170518417856377724e-03
2.171225923564243897e-03
2.171930526235895439e-03
2.172347216771123874e-03
2.172260918514026199e-03
2.172514948982907403e-03
2.172652773766586571e-03
2.172593346277715276e-03
2.172672788354032720e-03
2.172670974948174086e-03
2.172267533120719740e-03
2.171899081003514798e-03
2.171884185233756513e-03
2.171872784112473340e-03
2.171304120509008791e-03
2.170891627866163454e-03
2.170470702843312494e-03
2.170440995267611858e-03
2.170822011719978489e-03
2.170671182767364930e-03
2.170771437662226931e-03
2.170521521131220551e-03
2.170728018837816964e-03
2.170440590454182552e-03
2.170260423430239033e-03
2.170233935220622443e-03
2.170144351328726681e-03
2.170123228156797639e-03
2.169968817913087069e-03
2.169929689908219658e-03
2.169713411966575634e-03
2.169230481207144734e-03
2.169089726923248938e-03
2.168765555834292671e-03
2.168310149813686312e-03
2.168212165195172736e-03
2.167638912108708384e-03
2.166551795618560251e-03
2.165654779810791391e-03
2.164941545701913866e-03
2.164323289552411243e-03
2.163868620714749780e-03
2.163409095860335113e-03
2.162693087120800411e-03
2.162339219185828443e-03
2.162467240380765154e-03
2.162775312656991036e-03
2.163097171398093311e-03
2.163538214436847192e-03
2.163466615526010977e-03
2.163501676340289295e-03
2.163522072072978850e-03
2.163436900245419795e-03
2.163092621705723501e-03
2.162804760494805960e-03
2.162332575627086244e-03
2.161736682904012458e-03
2.161155709205426698e-03
2.160672844398277628e-03
2.160238486267028035e-03
2.159869743430895429e-03
2.159529940976836690e-03
2.159430194958643356e-03
2.159705368726414464e-03
2.160401281045440987e-03
2.160849857350113489e-03
2.161322521525782872e-03
2.161883437789607811e-03
2.162442684539332000e-03
2.162678698534577313e-03
2.162871184937979231e-03
2.163091149434485851e-03
2.162843405423847502e-03
2.162589708488442744e-03
2.162474135951348436e-03
2.162145476872842295e-03
2.161573156664479099e-03
2.161196917093707610e-03
2.160713159236025711e-03
2.159801767104166034e-03
2.159075359022679091e-03
2.159065886951394651e-03
2.158977637769346307e-03
2.158984172149119689e-03
2.158769960804143330e-03
2.158963894947448902e-03
2.158736660460172738e-03
2.158422444056571146e-03
2.158172831459240736e-03
2.158151410409779158e-03
2.158109908470318573e-03
2.157855288311017177e-03
2.157260203122498676e-03
2.156625095683751842e-03
2.155764387080415581e-03
2.154803808046822002e-03
2.154017862358208538e-03
2.153364844624791608e-03
2.153136547161802784e-03
2.153488900318428594e-03
2.153473035121077420e-03
2.152934247364733742e-03
2.153076922283427876e-03
2.153330827664883852e-03
2.152990463039997863e-03
2.152747515310749794e-03
2.152408487582926043e-03
2.152506682975705715e-03
2.152739667681857587e-03
2.152346119539890867e-03
2.152003391949362712e-03
2.151455243965309794e-03
2.151080369120882824e-03
2.150965557684329614e-03
2.151213492065244797e-03
2.151289096995239337e-03
2.151340555154656036e-03
2.151729891520958848e-03
2.152450119474929278e-03
2.152719776863597310e-03
2.153190746898230468e-03
2.153404171155449444e-03
2.153802119544308280e-03
2.154382463142164202e-03
2.154633940839277562e-03
2.154810803377575027e-03
2.154509467253460514e-03
2.154188613827059950e-03
2.153923140682663297e-03
2.153780128988351354e-03
2.153265876290666892e-03
2.152363401874448235e-03
2.151498854026925086e-03
2.150778175854134531e-03
2.149542953022164603e-03
2.148347814068325874e-03
2.147631007486976856e-03
2.147343885393159738e-03
2.146949731030810965e-03
2.146800768848161275e-03
2.146810141790695368e-03
2.147048393089414243e-03
2.147379070886520653e-03
2.147328503714261705e-03
2.147478960346799453e-03
2.147813720477284756e-03
2.147700803723382335e-03
2.147704719693902843e-03
2.147712835936340520e-03
2.147930452838407982e-03
2.148145210249202772e-03
2.148545486125375166e-03
2.148823018012741264e-03
2.148476337457124168e-03
2.148581627473977393e-03
2.147909638019303985e-03
2.148190029045401843e-03
2.148181072889845944e-03
2.147743993325932060e-03
2.147277546473957618e-03
2.146535716684750805e-03
2.145905715756471922e-03
2.145487346217775978e-03
2.145642672577653415e-03
2.145364543123389443e-03
2.145051698912704002e-03
2.144600838563997733e-03
2.144531747738239683e-03
2.144640175691602934e-03
2.144502789424283275e-03
2.144506274661979808e-03
2.144137057794709075e-03
2.143528564221815116e-03
2.143038545528786094e-03
2.143202268077137179e-03
2.142442672498123639e-03
2.141713596205164615e-03
2.141137280757993665e-03
2.140481950601511203e-03
2.139736094356701427e-03
2.138944877386805832e-03
2.138502264010218659e-03
2.138038322238322055e-03
2.137625974077950880e-03
2.137132302433288836e-03
2.136710435741824565e-03
2.136034852758692416e-03
2.135138841550762202e-03
2.134561969833848744e-03
2.133756964650018392e-03
2.133440157050128880e-03
2.132971981538778206e-03
2.132799823728173672e-03
2.132595906479523972e-03
2.132505351499574490e-03
2.132632203577013944e-03
2.132801620603133694e-03
2.132831835727576082e-03
2.132662196846600230e-03
2.132609524677321275e-03
2.132451943373107547e-03
2.131697015904558592e-03
2.131366495621874694e-03
2.131102789609613975e-03
2.131183593777407053e-03
2.131372442924133002e-03
2.131441951905611171e-03
2.131087109658439272e-03
2.130774838547705875e-03
2.130556617749448413e-03
2.130181501203528855e-03
2.129695339538391352e-03
2.129745770293943376e-03
2.129523719079820781e-03
2.129568139924114048e-03
2.129560823407154919e-03
2.129584547678584679e-03
2.129720897290007797e-03
2.129868047620789729e-03
2.130238447679067004e-03
2.130409702824443818e-03
2.130827675387750135e-03
2.131044913401268590e-03
2.131316003614191698e-03
2.131647928219180740e-03
2.132009457140430792e-03
2.132003799093974521e-03
2.132628851135983002e-03
2.133165158171202933e-03
2.133303520677407462e-03
2.133282968179492974e-03
2.133517548752721354e-03
2.133704387535582340e-03
2.133416698699663622e-03
2.133321630481103178e-03
2.133229081909576285e-03
2.133435642512863592e-03
2.133032298510492350e-03
2.133062190157989854e-03
2.132895586386161519e-03
2.132677825235705649e-03
2.131925507014459722e-03
2.131880909862148791e-03
2.131869251988155814e-03
2.131781267502693734e-03
2.131798040675456345e-03
2.131954930831747759e-03
2.132094852328896874e-03
2.132066699039408559e-03
2.132071974199391436e-03
2.131795074814494574e-03
2.131584687464558973e-03
2.131789704648276180e-03
2.131785085920102386e-03
2.132082126987759705e-03
2.132547248928618865e-03
2.132533226482619376e-03
2.132732722138281928e-03
2.133075303906138438e-03
2.133597293801271170e-03
2.134052701757009271e-03
2.134550054575616845e-03
2.134374101892900014e-03
2.134440600891161083e-03
2.134580230881578250e-03
2.134329425998220554e-03
2.133688472836250526e-03
2.133290595552236359e-03
2.132894435187599261e-03
2.132458896346545001e-03
2.132051402351866493e-03
2.131669685578245748e-03
2.131323413147028379e-03
2.131354929285809562e-03
2.131917844026330264e-03
2.132160977453380086e-03
2.133064103011601473e-03
2.133567565092292246e-03
2.134347980220726616e-03
2.135009795258468665e-03
2.136024055010936600e-03
2.137090186094118324e-03
2.137773206399449545e-03
2.137790648661457103e-03
2.137585697168812270e-03
2.137363213031117683e-03
2.137309172200937100e-03
2.136750221401943848e-03
2.136587798296562656e-03
2.136895507465911941e-03
2.136860694961981166e-03
2.137116609206260627e-03
2.137404451232449275e-03
2.137749374855594468e-03
2.137784644262003767e-03
2.137862025776528837e-03
2.137455343682546742e-03
2.137470721333675772e-03
2.137880236060863120e-03
2.138527333894910728e-03
2.139230442935954185e-03
2.139717563756705562e-03
2.140257977102866509e-03
2.140587912887006224e-03
2.141143718648035477e-03
2.141298387619355263e-03
2.141414834574890871e-03
2.141261324312091277e-03
2.141124473074872570e-03
2.140707518560381641e-03
2.140695119384028889e-03
2.140338986437749502e-03
2.140409782260036930e-03
2.140639898214279600e-03
2.141084557099739299e-03
2.141412066719008446e-03
2.142114930315508307e-03
2.143363339930381712e-03
2.143820606461685398e-03
2.144419786086987877e-03
2.145120395431244966e-03
2.145420450249743618e-03
2.145972664888243751e-03
2.146534126942379640e-03
2.146907377839073813e-03
2.146259650587858947e-03
2.145653045508947275e-03
2.145180492276628319e-03
2.144624493551715912e-03
2.144118888226743437e-03
2.144002831483255832e-03
2.143936726739060356e-03
2.143768056452594224e-03
2.143794903278962126e-03
2.143633678436246241e-03
2.143443255700527676e-03
2.143531786632321950e-03
2.143762908026456988e-03
2.144229900898771482e-03
2.144357208953657709e-03
2.144643146333240560e-03
2.144770734827129537e-03
2.144987455347708433e-03
2.144384279523185461e-03
2.144481523375788186e-03
2.144069291811627562e-03
2.144234286313560604e-03
2.144391811005864294e-03
2.144420795185303201e-03
2.144848562002268054e-03
2.144625259925459892e-03
2.144551818247237077e-03
2.144622735839139295e-03
2.145182538129203776e-03
2.145316175602886809e-03
2.145783847473235750e-03
2.146176961797580020e-03
2.146555591998955577e-03
2.146986800163798101e-03
2.147707684957004311e-03
2.148034544232889278e-03
2.148305142859815650e-03
2.148242313958839255e-03
2.147842119004306043e-03
2.147717849647044503e-03
2.147079838800304910e-03
2.146925217904683495e-03
2.147151392787559777e-03
2.147635953133902268e-03
2.147823501223485552e-03
2.147882233302290077e-03
2.147497481058384915e-03
2.147410672847325803e-03
2.147591572966775497e-03
2.147378160702627554e-03
2.146948861572822286e-03
2.146730420098818051e-03
2.146374148625974313e-03
2.146464255207060617e-03
2.146358394936858510e-03
2.146097444534571935e-03
2.146189746124641407e-03
2.146640082405342105e-03
2.146905213682293815e-03
2.147571119397001863e-03
2.147610411462883614e-03
2.148169907870758726e-03
2.148286682141656648e-03
2.148947010184519904e-03
2.149617389111291299e-03
2.150563318110436731e-03
2.151112722771938383e-03
2.151613137307455473e-03
2.152185909675949620e-03
2.152915418257740111e-03
2.153391217692171740e-03
2.153904521442368339e-03
2.154403112111816839e-03
2.154603832321654033e-03
2.154801612756552555e-03
2.155414138872731918e-03
2.156085401440121889e-03
2.156789882452914229e-03
2.157385982573503409e-03
2.158511810047102856e-03
2.159761520884677030e-03
2.160403033865268205e-03
2.161246581705827084e-03
2.162274777476620898e-03
2.162950930596247920e-03
2.163866142981529794e-03
2.164489926257319452e-03
2.165055102642919269e-03
2.165046409605117950e-03
2.164995478756563761e-03
2.165174921188935207e-03
2.165328465899699680e-03
2.165607563733170336e-03
2.165331520254006482e-03
2.164816547497296160e-03
2.164524996817797278e-03
2.164467285739444039e-03
2.164623105302958695e-03
2.164416034843387460e-03
2.164295656790712636e-03
2.164020357241807323e-03
2.164504583532747984e-03
2.164845032715351572e-03
2.165303663206637544e-03
2.165780037717009599e-03
2.166535645741660479e-03
2.167175581508533084e-03
2.168007155170806766e-03
2.168699416413608083e-03
2.168689221552062407e-03
2.168455588918165658e-03
2.168296658215438429e-03
2.168096509046565749e-03
2.168050964639367008e-03
2.168194692458695876e-03
2.168234436262871535e-03
2.168246402647855571e-03
2.168495828255290192e-03
2.168943375773993518e-03
