3.952215232752796445e-03
3.952215232752796445e-03
3.930998803435486327e-03
3.914304563062557911e-03
3.896451419175746625e-03
3.877814990353061538e-03
3.860461657315739092e-03
3.843579481634063107e-03
3.827950495481205646e-03
3.811693242055246185e-03
3.795949296707252368e-03
3.779420215091231199e-03
3.761336886132010324e-03
3.743249207345956085e-03
3.727900903482021973e-03
3.711543001077656501e-03
3.696060738495014417e-03
3.682099165587484572e-03
3.668702557601071033e-03
3.654486192464004562e-03
3.640057672989524713e-03
3.626194283182549143e-03
3.612744008036902071e-03
3.598803108990980115e-03
3.583912308406478169e-03
3.570373333933599038e-03
3.556450962804353234e-03
3.541463469904934745e-03
3.526173287558910345e-03
3.512846831276731936e-03
3.498584578410364205e-03
3.484402107326207976e-03
3.470606901457700365e-03
3.457704862444265122e-03
3.444392394258355677e-03
3.431170697571284036e-03
3.416798963324204231e-03
3.403346084935217949e-03
3.389784772053781002e-03
3.375558549073951094e-03
3.361696225678696172e-03
3.348174212429833908e-03
3.334836224260894020e-03
3.320304707859995496e-03
3.306748587719281207e-03
3.294322159394779195e-03
3.281912390182873535e-03
3.268344745636566229e-03
3.253866852685838394e-03
3.240569316341271756e-03
3.228079479672891269e-03
3.216634760970882561e-03
3.204303632652761701e-03
3.192295915518613986e-03
3.181139257753806942e-03
3.170014598654390028e-03
3.157458100542699739e-03
3.144454499576056390e-03
3.131745673045738948e-03
3.120048677725629355e-03
3.108553346006071461e-03
3.097261029653487589e-03
3.085811522951890061e-03
3.074457396020895388e-03
3.064013856552374147e-03
3.053761058388870450e-03
3.043067592713690189e-03
3.031510955251283737e-03
3.019765192293129546e-03
3.008767682164629770e-03
2.998216530096860667e-03
2.987427002941167239e-03
2.976255057642780005e-03
2.964250786843345559e-03
2.952366861004401995e-03
2.941131745177180852e-03
2.930691542464266240e-03
2.920613655362307680e-03
2.910050219286453976e-03
2.899057321426951050e-03
2.888747227574640659e-03
2.878176121323574536e-03
2.867667392478865773e-03
2.858085425378241971e-03
2.848257610595248280e-03
2.837586542049149937e-03
2.826456382717892294e-03
2.815774386009033386e-03
2.805543804524020073e-03
2.795006832247877437e-03
2.784874826477466876e-03
2.774447939117446766e-03
2.763544662291805322e-03
2.753374341982678126e-03
2.743022405797252913e-03
2.733411996843947058e-03
2.723738059337964083e-03
2.714942564350250696e-03
2.705035653968745207e-03
2.695442493570163623e-03
2.686707128629991191e-03
2.677493463560715829e-03
2.669104849778662636e-03
2.659456680671550086e-03
2.650211746665196658e-03
2.641389449696816306e-03
2.631810414658507236e-03
2.622889880662379603e-03
2.614872367262019697e-03
2.606189255647061755e-03
2.597007963711655751e-03
2.587450608653658977e-03
2.578860991499501085e-03
2.570047135225936134e-03
2.561543294565643905e-03
2.554073735639228373e-03
2.546586495570815276e-03
2.539325341786489131e-03
2.530738979799062888e-03
2.522560153915563534e-03
2.513570037246394464e-03
2.505253197654575686e-03
2.497516655697340146e-03
2.489287750924906641e-03
2.479912157675194864e-03
2.471282013056352433e-03
2.463025267240642139e-03
2.454682708256877757e-03
2.446271516554967499e-03
2.438296827531668577e-03
2.430177295357075114e-03
2.422539701972698314e-03
2.415054434978866106e-03
2.407858074780168736e-03
2.400432909456041378e-03
2.393234818883368826e-03
2.386047826654807188e-03
2.379211646104987220e-03
2.372018705487585061e-03
2.365508744838177788e-03
2.358990382352254070e-03
2.351788777633030507e-03
2.344551232850355590e-03
2.336792321879988671e-03
2.329425651153340434e-03
2.321940616145752243e-03
2.315190376658480837e-03
2.308407756215122373e-03
2.301493820348016455e-03
2.294531860335608138e-03
2.287662090422691672e-03
2.280906783864349811e-03
2.273580109763958645e-03
2.266546362182883436e-03
2.259798912287736602e-03
2.253237662552860614e-03
2.246156182018052127e-03
2.239591948263119046e-03
2.233210776654754627e-03
2.227454575109779483e-03
2.220943357128478662e-03
2.214303832793257463e-03
2.207877418020680153e-03
2.201511041206539229e-03
2.194592687513778964e-03
2.187807486516502378e-03
2.181482922677099000e-03
2.174989145799921617e-03
2.168219899312000612e-03
2.161249153988508212e-03
2.154415330219885960e-03
2.148140435458181438e-03
2.142526235995622415e-03
2.135322868099604181e-03
2.129481877945621493e-03
2.123165592157798265e-03
2.116315963817809107e-03
2.110508289259313639e-03
2.104207518856813716e-03
2.098038726747454737e-03
2.091795567945244246e-03
2.085687566681019949e-03
2.079446950430683793e-03
2.072829393804605669e-03
2.066506556584345525e-03
2.059224849757810248e-03
2.052824761799227401e-03
2.046173532549010188e-03
2.039411731359056738e-03
2.033309221085170641e-03
2.027438392922481774e-03
2.021275892779073654e-03
2.016004536020024433e-03
2.010800757126569860e-03
2.005211319217325983e-03
1.999219557105040915e-03
1.993545507770020254e-03
1.987884788346008357e-03
1.982478250995388727e-03
1.977166834011984294e-03
1.971553581566908801e-03
1.966223047552330145e-03
1.961395000389934071e-03
1.956189106637779007e-03
1.951051807834414467e-03
1.945697644493965062e-03
1.939946924367321954e-03
1.934607816948439316e-03
1.929286661784020487e-03
1.924145368740037138e-03
1.918981208238957920e-03
1.913940420237631411e-03
1.908833294780178970e-03
1.903926566264230831e-03
1.898850491628389795e-03
1.893843819355822645e-03
1.888626461942844456e-03
1.883720156863164354e-03
1.878742492716282573e-03
1.873868499735421552e-03
1.868694297375501565e-03
1.863532143937508389e-03
1.857983112841058880e-03
1.852897194219599222e-03
1.847674659448247632e-03
1.842314279828972555e-03
1.837741590140395476e-03
1.832666671779610394e-03
1.827301796880764209e-03
1.822050622525104137e-03
1.816590160607857831e-03
1.811561972095061725e-03
1.807014954527787773e-03
1.802156788011417040e-03
1.797416651512430191e-03
1.792977099275466172e-03
1.788043277434704127e-03
1.783376632084353753e-03
1.778968374270232557e-03
1.774145287264145172e-03
1.769123766515031402e-03
1.764572818102162896e-03
1.759960590882262040e-03
1.755955794028850065e-03
1.751441769280275397e-03
1.747230064848646208e-03
1.742533821903292923e-03
1.737895487168474116e-03
1.733024706263778690e-03
1.728430983916925132e-03
1.723846693791123742e-03
1.719668666971763344e-03
1.715418571191188119e-03
1.711155496559298682e-03
1.706781927725607804e-03
1.702399766195686597e-03
1.698053602078727952e-03
1.693518704961013586e-03
1.689303952479674197e-03
1.685283305532122265e-03
1.681226033299282460e-03
1.676832433238320281e-03
1.672980231975417301e-03
1.668906973126716743e-03
1.664781609077453563e-03
1.661260649103637067e-03
1.657290293236367978e-03
1.653242762981604408e-03
1.649235766983827558e-03
1.644953610302380027e-03
1.640670131822081785e-03
1.636156265485273461e-03
1.631886058287634412e-03
1.627722413175329954e-03
1.623630996423140651e-03
1.619894289903834207e-03
1.615917869684418582e-03
1.612205776634052443e-03
1.608165654700727384e-03
1.604156046366484465e-03
1.600038997053114141e-03
1.595923910789264714e-03
1.592043839237394873e-03
1.588229689519510962e-03
1.584301130916407688e-03
1.580433189706484257e-03
1.576554236327397948e-03
1.572567862559966787e-03
1.569004407831710171e-03
1.564877764481422935e-03
1.560842755874798302e-03
1.556846554780183566e-03
1.553085244439364855e-03
1.549069075972682929e-03
1.545376946581189515e-03
1.541650565333963548e-03
1.538130064568500903e-03
1.534622346039357784e-03
1.531085930691483687e-03
1.527226393593781716e-03
1.523599860947898090e-03
1.520099217973771210e-03
1.516419578509818579e-03
1.512842540262364930e-03
1.509815776564243104e-03
1.506153732556030902e-03
1.502644490964740896e-03
1.499285921377067465e-03
1.495759244969807177e-03
1.492514491560261369e-03
1.488995823659198040e-03
1.485629404720291598e-03
1.482072157027203817e-03
1.478534408944946581e-03
1.474998987181684856e-03
1.471361735517897913e-03
1.468350442901230875e-03
1.465108278365185842e-03
1.461710575075042453e-03
1.458730817147687719e-03
1.455231662739987861e-03
1.451641670882521237e-03
1.448097990664971467e-03
1.444766390918343591e-03
1.441130912904285254e-03
1.437525125423944061e-03
1.433615902210652821e-03
1.430227682795701984e-03
1.426962903517208035e-03
1.424211112867348594e-03
1.421359087555341526e-03
1.418324314408349720e-03
1.415642692257915430e-03
1.412381103183712322e-03
1.409609792967069430e-03
1.406442788334943267e-03
1.403722065732762592e-03
1.400724180646457971e-03
1.398076068020024125e-03
1.395369655120644835e-03
1.392724500041016538e-03
1.389635967097377399e-03
1.387118629730040584e-03
1.384081378502603939e-03
1.381220707282421276e-03
1.378040418212072692e-03
1.375276721414820172e-03
1.372268866856241141e-03
1.369526542705363755e-03
1.366495494169582331e-03
1.363817861763656769e-03
1.361292407846086605e-03
1.358767114638439891e-03
1.355747946030840499e-03
1.353032630408765227e-03
1.349999256959155507e-03
1.346904999477422813e-03
1.344200367332528149e-03
1.341444619416150546e-03
1.339076681870203338e-03
1.336673916898790861e-03
1.334297314468882055e-03
1.331641863927600627e-03
1.329292491527320945e-03
1.326422163712009722e-03
1.324185831589539059e-03
1.321290397613248671e-03
1.318709834887088657e-03
1.315714565049201385e-03
1.313137819980736984e-03
1.310304607198414144e-03
1.308140464875541227e-03
1.305511865805046015e-03
1.303413223364486640e-03
1.300921515064722015e-03
1.298309872410786719e-03
1.296002999956730141e-03
1.293790566252038922e-03
1.291320967650258630e-03
1.288662096517075245e-03
1.286335552391840598e-03
1.283633032413998088e-03
1.281200760914835831e-03
1.278626162590271479e-03
1.276273748708295960e-03
1.273675391637321469e-03
1.271712312249021707e-03
1.269302660580758427e-03
1.266655303982981359e-03
1.264153348690314101e-03
1.261652714823685312e-03
1.259310190354236093e-03
1.256773172368784485e-03
1.254793585168968760e-03
1.252524276897142236e-03
1.250205075316204121e-03
1.248158526879001662e-03
1.245900413199071402e-03
1.243909297023159614e-03
1.241545728200315517e-03
1.239115210687293184e-03
1.236989471606465872e-03
1.234340892541851411e-03
1.231997276617689558e-03
1.229402595352775641e-03
1.227085957682469723e-03
1.224682312997635563e-03
1.222493053247536432e-03
1.220260521430464266e-03
1.217833345159703750e-03
1.215444570333939567e-03
1.213157248865031745e-03
1.210975911081888304e-03
1.208731649005837135e-03
1.205922328974212568e-03
1.203724624745153597e-03
1.201577030023271092e-03
1.199269608530320955e-03
1.197085402977404343e-03
1.195121105556022200e-03
1.192674315288752909e-03
1.190541184795291954e-03
1.188385630949099310e-03
1.186233568022145675e-03
1.184031424955903251e-03
1.181428386909366083e-03
1.179095022902502173e-03
1.176694935109481432e-03
1.174540916321318261e-03
1.172016550678823188e-03
1.169915252807297986e-03
1.167575965723256694e-03
1.165443423812572224e-03
1.163283649480851027e-03
1.161025144961612800e-03
1.159242530570565562e-03
1.156863683103728259e-03
1.155041140787213582e-03
1.153030852070647530e-03
1.151017588829438606e-03
1.149028550200358002e-03
1.147140584395004879e-03
1.145355900986880183e-03
1.143515801435521359e-03
1.141950702672153619e-03
1.139770663104128700e-03
1.137734891866228060e-03
1.135431113526074289e-03
1.133883085638127475e-03
1.131652685115141837e-03
1.129571505105075174e-03
1.127767907930118029e-03
1.125638254685028261e-03
1.123333943047586866e-03
1.121511041098872518e-03
1.119340339496955206e-03
1.117401361138527140e-03
1.115542169426184853e-03
1.113666556609534206e-03
1.111603779601181641e-03
1.109733966252988329e-03
1.108242111425230539e-03
1.106201206853932870e-03
1.103983412633077234e-03
1.102303757518574351e-03
1.100838375171073061e-03
1.099019453784373483e-03
1.097512871442915799e-03
1.095426715997536039e-03
1.093564609574270829e-03
1.091705421273065583e-03
1.090108346288909879e-03
1.088193286165684351e-03
1.086247017130129600e-03
1.084488723454701299e-03
1.082584181935801210e-03
1.080471112860451185e-03
1.078569542012755567e-03
1.077026665514726252e-03
1.075159410337090705e-03
1.073499417517560133e-03
1.071864100288341280e-03
1.070434078435420367e-03
1.068747730346024643e-03
1.066992048271891156e-03
1.065216661375827925e-03
1.063618718769494126e-03
1.061644376577613319e-03
1.059963152177273524e-03
1.058049926592481921e-03
1.056522911940978304e-03
1.054658006922688752e-03
1.052623411896449167e-03
1.050914226003405458e-03
1.049278880369920253e-03
1.047731694959020982e-03
1.045913309017961271e-03
1.044247302541834350e-03
1.042531742568640878e-03
1.040941167910084146e-03
1.039399688820418985e-03
1.037527103672809163e-03
1.036266698292283902e-03
1.034943642081775526e-03
1.033601130982921652e-03
1.032383519880577171e-03
1.030761650784992565e-03
1.029049044417335891e-03
1.027718683793189119e-03
1.026738730002699912e-03
1.024912125885350106e-03
1.023445123776891511e-03
1.022037412551106287e-03
1.020424478979734808e-03
1.019181086816411562e-03
1.017761091469708383e-03
1.016275977452306238e-03
1.014741161254762358e-03
1.013253936288837026e-03
1.011555233038515054e-03
1.010417661565665096e-03
1.008560517745409838e-03
1.007169942912880837e-03
1.005316293547451343e-03
1.004041860189216736e-03
1.002601527999222785e-03
1.001200287440900992e-03
1.000024868046363270e-03
9.985807431427231370e-04
9.974200491032784652e-04
9.962054413920151761e-04
9.950978355975283619e-04
9.936242179443249400e-04
9.924906946285746642e-04
9.913559976367026030e-04
9.897573258369465801e-04
9.885069985638137748e-04
9.873247669290609839e-04
9.858894563111800236e-04
9.847942418065879812e-04
9.833552315092781038e-04
9.819737773326391462e-04
9.809584108878691752e-04
9.797067040678351761e-04
9.782591151930529992e-04
9.769156980113276323e-04
9.755595893148648941e-04
9.741075198739100778e-04
9.727815197234048654e-04
9.713724773089687939e-04
9.703846431098025246e-04
9.690933541326603434e-04
9.677289217542415665e-04
9.664795430065001303e-04
9.653269909824949233e-04
9.640784654307759998e-04
9.627461913425470596e-04
9.611295672186349285e-04
9.598118866569325296e-04
9.585777009633819103e-04
9.571826071856687126e-04
9.561996659374667621e-04
9.550099288170698503e-04
9.536707021851561529e-04
9.524864800820382520e-04
9.513523125253783332e-04
9.501055501088721085e-04
9.487038745561398147e-04
9.475441412309368100e-04
9.458321858449923562e-04
9.443895297865429915e-04
9.432078534524615315e-04
9.415271034757147044e-04
9.400305610322737086e-04
9.384278638246279633e-04
9.375088714308306903e-04
9.359270514652490809e-04
9.344011986521297535e-04
9.331035834947732375e-04
9.317996226446843746e-04
9.304959067602358407e-04
9.291960236225059412e-04
9.278546273424741761e-04
9.268206509515446948e-04
9.252516969163099075e-04
9.238233294900053153e-04
9.227213569540878603e-04
9.212394409644711216e-04
9.202073606383710889e-04
9.188161130143723083e-04
9.174717102199155374e-04
9.163965093051832994e-04
9.153269878279591317e-04
9.140975238447518643e-04
9.129777789879669429e-04
9.117361965728525185e-04
9.105268786211757502e-04
9.092524720677378066e-04
9.082546176883999354e-04
9.071163057448952422e-04
9.061019042780423969e-04
9.050450255094820515e-04
9.039242570248802889e-04
9.031580064356247535e-04
9.020545421017373130e-04
9.009541179680506185e-04
9.000874993134556435e-04
8.989772934022644208e-04
8.979989339087976301e-04
8.967425993197128496e-04
8.959730953237191823e-04
8.950709516421425640e-04
8.939536115300744743e-04
8.926274882280045781e-04
8.914029518616018149e-04
8.906163906709246457e-04
8.896420810211315942e-04
8.886123166101138815e-04
8.876352239098861917e-04
8.865881276855150503e-04
8.859627300450317097e-04
8.846459865055113789e-04
8.837530414269790689e-04
8.827635262670209060e-04
8.818249079944580696e-04
8.811420336422828761e-04
8.799833794814866878e-04
8.789085033279038462e-04
8.781455918974538904e-04
8.772580904065281930e-04
8.760105026420244483e-04
8.752713182380394931e-04
8.744327172908953737e-04
8.736557869757729427e-04
8.730078789037541091e-04
8.720085057609965225e-04
8.710447345366336292e-04
8.698960933790400628e-04
8.692146845839181886e-04
8.682584502745165729e-04
8.672475635609000130e-04
8.666299499835353583e-04
8.657557263113200684e-04
8.647825166479488441e-04
8.638913226905271716e-04
8.631511849952874706e-04
8.623549710598469708e-04
8.612949624843699520e-04
8.604115378831699154e-04
8.592507465556829295e-04
8.584994306638504824e-04
8.574699826888193413e-04
8.565100375781271305e-04
8.555273826085212779e-04
8.546383136818195723e-04
8.537401159883241646e-04
8.527979648997434121e-04
8.517969209170345125e-04
8.506829786491353204e-04
8.495631837516980046e-04
8.483950899524253346e-04
8.471620692608331166e-04
8.462087389604488075e-04
8.451992188057262873e-04
8.445138868318227904e-04
8.433781867998724332e-04
8.424115263700560985e-04
8.412849878519760866e-04
8.401931747486947192e-04
8.392142521923446090e-04
8.381336041991792069e-04
8.375556838753610983e-04
8.361509294908150676e-04
8.354151677845866224e-04
8.344288574445848580e-04
8.333605622201842571e-04
8.323807671464172149e-04
8.313509089987085668e-04
8.303735556104805023e-04
8.294876370266283418e-04
8.284657440199007196e-04
8.277775774968879020e-04
8.269102188108554304e-04
8.258778818168416953e-04
8.253439865916153452e-04
8.244527599289364420e-04
8.235951701348092268e-04
8.227755230854181699e-04
8.220532878986650839e-04
8.212497399572477345e-04
8.203432189415252448e-04
8.196344623084822608e-04
8.185817716680209065e-04
8.179730118395100004e-04
8.171804931177288666e-04
8.162004087722713472e-04
8.152949422001740457e-04
8.144183725602823420e-04
8.135831413313570921e-04
8.127420067848038169e-04
8.117077018602598514e-04
8.110838073474236016e-04
8.105056914524663486e-04
8.098163360803659972e-04
8.086640751749826208e-04
8.080704735781815869e-04
8.073704399276679334e-04
8.064478921449666927e-04
8.055264292318614107e-04
8.044958907874743973e-04
8.034891519906574775e-04
8.026942448431617595e-04
8.018872043042651714e-04
8.010000245155417860e-04
8.002257503604112872e-04
7.996310269613768991e-04
7.984618291087399811e-04
7.979521808376795677e-04
7.970539500824478686e-04
7.963153957112864599e-04
7.955454355664401617e-04
7.947285006244211207e-04
7.938022783177118950e-04
7.929501514219759262e-04
7.923105128371453173e-04
7.914292764617413727e-04
7.906167889392665170e-04
7.898569635136938735e-04
7.889904848611313266e-04
7.883337828577490066e-04
7.876589848471862243e-04
7.870045487931191320e-04
7.863130782729028804e-04
7.853950925996130202e-04
7.845437945119011075e-04
7.838369758423687113e-04
7.832168685589539162e-04
7.822267361063497178e-04
7.816436185018651181e-04
7.805589108243967972e-04
7.798956355078694863e-04
7.788024376115610173e-04
7.782117890029862164e-04
7.773919549986453743e-04
7.766865741843175614e-04
7.757597706992012867e-04
7.750197918613190842e-04
7.742800217461538346e-04
7.733562658361325124e-04
7.727228154689221983e-04
7.721874150859952234e-04
7.712721304162231065e-04
7.706670244766207619e-04
7.700350358087786539e-04
7.693942813157910419e-04
7.687371150594731481e-04
7.679698900115504261e-04
7.671897564584949543e-04
7.665841174809495066e-04
7.658744517514134509e-04
7.652183637404107478e-04
7.643862519923057481e-04
7.633932561183046387e-04
7.627267390305458817e-04
7.622011340238804295e-04
7.612511845917997516e-04
7.606415850584108407e-04
7.597983467320409794e-04
7.592017181696916143e-04
7.586949110888108107e-04
7.582154280486612039e-04
7.575204169953047391e-04
7.568634728743674645e-04
7.564150775096272709e-04
7.554020732858977112e-04
7.549285065853229316e-04
7.544008235313567293e-04
7.537792066216299561e-04
7.529933511200848084e-04
7.524577612578401808e-04
7.518171911840911296e-04
7.513534269460617979e-04
7.509714553524588811e-04
7.504192961462255972e-04
7.500723350239757491e-04
7.495389363807827051e-04
7.488550993620319337e-04
7.485174282876238747e-04
7.479790187835337178e-04
7.475180534618232602e-04
7.468679272605386601e-04
7.464668734836298189e-04
7.459351163550609820e-04
7.455139257949151789e-04
7.450758778998363679e-04
7.445816790265262150e-04
7.439341942158901383e-04
7.436156471386167702e-04
7.430749839713514816e-04
7.424026699388008030e-04
7.418682840754002670e-04
7.412511447542531346e-04
7.409098296644907452e-04
7.402885663145636818e-04
7.396029164537868935e-04
7.391088436412389384e-04
7.384519549806273404e-04
7.378534855618780431e-04
7.370139984394819292e-04
7.366331616644214257e-04
7.359844571390470680e-04
7.355255031155947610e-04
7.347659527275337632e-04
7.344968063108086578e-04
7.337326351551616077e-04
7.329903578366832317e-04
7.322795492992577315e-04
7.320542948231074367e-04
7.315215087411525629e-04
7.310257984961557537e-04
7.305163978195755234e-04
7.298764868613036218e-04
7.293753239355190224e-04
7.287187996580276727e-04
7.284468321514354309e-04
7.276803512468377937e-04
7.270052096504197149e-04
7.264257590726696818e-04
7.259659605144465908e-04
7.256148572893809457e-04
7.251127626048466546e-04
7.245377157473010870e-04
7.241837359727335910e-04
7.237035800485445893e-04
7.233391246193447179e-04
7.226290956761395601e-04
7.222219581042916463e-04
7.216424771241121243e-04
7.210889971973915473e-04
7.207817324886062107e-04
7.201608027065407392e-04
7.195872738088158376e-04
7.190879826079947350e-04
7.184966947020089180e-04
7.177834266722639758e-04
7.174121138502634809e-04
7.164740199186676655e-04
7.161385087234489527e-04
7.157927221502858933e-04
7.152399057905883687e-04
7.145344968828971997e-04
7.143445070321212615e-04
7.134276604985985079e-04
7.128941898611905123e-04
7.122534372029828411e-04
7.118257581493712136e-04
7.114925908570790677e-04
7.110112626012701558e-04
7.102935087311742363e-04
7.096349583931101015e-04
7.091224523038877755e-04
7.087681410714932739e-04
7.081132512360623511e-04
7.075785592106286978e-04
7.071014417369045606e-04
7.065207240379198748e-04
7.062544494293505242e-04
7.054613875868702595e-04
7.048152267154440733e-04
7.047202713780645941e-04
7.041491334616960642e-04
7.037233339990730391e-04
7.031560717905471682e-04
7.025380680157419658e-04
7.022231080568171581e-04
7.019687685955872114e-04
7.015695653524691355e-04
7.012379286065049044e-04
7.009235764273456315e-04
7.003011724032523347e-04
6.998091335843735104e-04
6.994235923553775462e-04
6.991028486495430572e-04
6.986746500585249526e-04
6.981626701730737211e-04
6.977913837742645521e-04
6.975749712151938387e-04
6.969888543214366756e-04
6.966473682327807473e-04
6.962008205451562445e-04
6.959176379901939845e-04
6.954901352173196516e-04
6.951038231458226378e-04
6.948556561991634482e-04
6.944404877642543867e-04
6.938749175634257704e-04
6.934693618238841652e-04
6.929507165201190732e-04
6.925471262944496789e-04
6.920894176343932213e-04
6.916930934277945326e-04
6.915934722128772028e-04
6.910217844829217616e-04
6.906464244531619091e-04
6.901330370348579286e-04
6.896377129899558100e-04
6.892243983074840003e-04
6.888353122649349932e-04
6.881988238333989604e-04
6.877768367549653072e-04
6.873245130052652290e-04
6.868947473909345824e-04
6.865466466901712578e-04
6.861342458418464739e-04
6.856659178929231432e-04
6.851714340412732359e-04
6.847150725858986830e-04
6.844204375356497836e-04
6.838655151864749416e-04
6.836044322033164129e-04
6.831311558616184410e-04
6.823189853644464047e-04
6.820761907274540056e-04
6.816811988200421977e-04
6.812316659133481420e-04
6.807525814757632273e-04
6.802781938448874965e-04
6.798489581845897642e-04
6.795411406183770545e-04
6.788425366305544766e-04
6.785364579452962501e-04
6.782281730040712591e-04
6.777468607435309335e-04
6.773179667096676992e-04
6.769077763217133236e-04
6.762773675731948396e-04
6.758371168730575515e-04
6.754717487468576715e-04
6.751214610567933191e-04
6.746367049771109185e-04
6.742254152509809294e-04
6.735509902443696578e-04
6.730077379431706431e-04
6.723621738507566236e-04
6.719531187222607367e-04
6.715146388978485885e-04
6.710195852756622656e-04
6.704778809229176720e-04
6.698883473351943457e-04
6.696090186700592514e-04
6.690844500255804057e-04
6.687527047804667311e-04
6.682502381033929122e-04
6.677244085797212365e-04
6.672026225619084785e-04
6.666561232385396617e-04
6.662054087828820107e-04
6.656528260289332720e-04
6.653893252221507052e-04
6.648757086626537255e-04
6.645034735442852634e-04
6.639037219300260436e-04
6.635197350550602231e-04
6.628985806719930006e-04
6.624021802523615172e-04
6.623373473242288780e-04
6.619284022342249814e-04
6.613088307177824232e-04
6.609951255070492483e-04
6.605693305599731223e-04
6.600131717334013553e-04
6.598566569772175341e-04
6.592655092696539246e-04
6.591103579745247751e-04
6.586621656905670237e-04
6.583088350286916187e-04
6.579848216660900062e-04
6.576948859187981824e-04
6.571629932863429138e-04
6.568959939855272467e-04
6.564432716767659801e-04
6.563833281681035522e-04
6.561468314844266965e-04
6.556516029499555222e-04
6.552951018720330192e-04
6.549696545964945596e-04
6.544407669584608811e-04
6.541996122586616865e-04
6.537734743600869805e-04
6.535251527453753368e-04
6.531169577997141332e-04
6.528705891044480052e-04
6.525024802789485641e-04
6.522425230734060211e-04
6.519148741536453769e-04
6.514747880351871032e-04
6.512629262236488848e-04
6.510953456542811031e-04
6.508402180987110435e-04
6.506908805825891524e-04
6.505687942812742389e-04
6.500575597367257196e-04
6.496647423307884113e-04
6.494495601777753365e-04
6.492353107495685066e-04
6.488083367171241936e-04
6.483830546604607168e-04
6.477237678175652843e-04
6.474751923063059742e-04
6.471587587754942588e-04
6.468209081458321796e-04
6.463751506228940713e-04
6.459560585884520627e-04
6.454522797769206245e-04
6.448876630451516817e-04
6.446586647462874140e-04
6.442763356989607585e-04
6.437151598759695585e-04
6.435546874480425677e-04
6.433101067204176782e-04
6.428368951042725318e-04
6.425774797717743623e-04
6.425551479703837249e-04
6.421427888509367811e-04
6.418648631328930862e-04
6.414364206228580527e-04
6.412845358093351546e-04
6.409137788882277942e-04
6.403820190692336009e-04
6.402233529053471834e-04
6.398804051268575229e-04
6.392824261057196335e-04
6.393102115890476368e-04
6.389501362741089674e-04
6.388333058328930824e-04
6.383899056830478211e-04
6.381716613354130674e-04
6.378509001357693343e-04
6.374199539160818303e-04
6.373137405718045387e-04
6.371851871624415430e-04
6.369439630760263208e-04
6.364477590734294926e-04
6.363507389924961477e-04
6.360545766180424228e-04
6.356814080973142165e-04
6.354025343162161355e-04
6.350963790344190101e-04
6.346739699490108527e-04
6.344719132751775468e-04
6.342604375713541392e-04
6.337306307192782295e-04
6.334513051648244441e-04
6.332244365804611756e-04
6.327406071469519801e-04
6.322737881724617946e-04
6.321217095223783788e-04
6.317795235974029127e-04
6.312243946277881291e-04
6.310839096032194078e-04
6.309593210525430047e-04
6.304190815775577612e-04
6.302289119776277853e-04
6.297872637276129152e-04
6.294633236857928235e-04
6.292070706498887256e-04
6.286626892094237910e-04
6.285720903360976367e-04
6.280911280696358434e-04
6.280542743152006148e-04
6.277781102273841379e-04
6.275759860698648749e-04
6.275318024115036355e-04
6.270799794645979738e-04
6.265365743001589894e-04
6.264886043454947866e-04
6.261077764879232092e-04
6.259021952802009845e-04
6.254802185198865203e-04
6.251826603200381829e-04
6.249951349425792889e-04
6.249070604293673059e-04
6.243678768295039903e-04
6.240374042891459186e-04
6.239872510096142449e-04
6.236996425027348462e-04
6.234469729946889903e-04
6.230194229950085328e-04
6.227802229794085617e-04
6.223491505585617258e-04
6.221867127450049929e-04
6.217331002061982298e-04
6.217507232283937466e-04
6.215525214833020036e-04
6.213588368534288080e-04
6.211257210037084923e-04
6.208335842848911913e-04
6.205607337809068398e-04
6.203641418289351913e-04
6.202123236571891341e-04
6.198541581889959514e-04
6.196563040061383015e-04
6.193476875501906275e-04
6.191920255275075880e-04
6.189471327897145625e-04
6.186219808106306010e-04
6.183587380221656831e-04
6.181617021740274656e-04
6.178654730822500177e-04
6.174812793717150174e-04
6.173289047866195372e-04
6.170748828077737228e-04
6.171337664065621982e-04
6.168318608703222700e-04
6.165760189994946589e-04
6.164870171345675090e-04
6.161930443181996234e-04
6.160211240824334722e-04
6.159061347433032610e-04
6.158405582730661076e-04
6.158211948065658555e-04
6.155101501159308559e-04
6.152228265563920283e-04
6.151705018724409110e-04
6.149266374283049235e-04
6.147295974765412804e-04
6.145900880840599392e-04
6.143954312722972816e-04
6.142593299340672920e-04
6.139733595629930660e-04
6.138830492294581470e-04
6.136573679097716413e-04
6.135048996099650397e-04
6.130369601331023266e-04
6.131250638598924807e-04
6.130581301399341864e-04
6.129003956447473143e-04
6.127732546479802700e-04
6.125438169118573939e-04
6.125434174548534611e-04
6.122716906042761920e-04
6.121273492814054097e-04
6.119121703012785508e-04
6.118069726151842500e-04
6.116474830561601699e-04
6.115850354139035737e-04
6.113518802791054630e-04
6.112209992265672581e-04
6.107963067675396861e-04
6.105967550429921382e-04
6.103931496597967982e-04
6.101311149718962375e-04
6.098338520095754681e-04
6.095797076104711529e-04
6.094563618418867221e-04
6.091107314906967374e-04
6.088411347901383002e-04
6.087633956123644947e-04
6.086319878882692292e-04
6.082950164956227009e-04
6.081469428200037648e-04
6.078250865666038087e-04
6.078019657706900270e-04
6.075357857018211802e-04
6.070739326229098549e-04
6.070215340453438777e-04
6.067207698211478459e-04
6.065743796383959389e-04
6.062583338897687335e-04
6.060611797309346403e-04
6.058507294828338477e-04
6.057676470679237675e-04
6.058116957332188024e-04
6.057594584042097583e-04
6.053400667660826812e-04
6.049298981528610387e-04
6.048012659514536479e-04
6.044234214710246219e-04
6.042682442398122217e-04
6.041072080596264883e-04
6.039769730843225302e-04
6.038769690846179346e-04
6.036572976745704965e-04
6.035450853484743096e-04
6.033435924969927661e-04
6.033317893930839138e-04
6.031718192441334718e-04
6.028094826802977979e-04
6.028927215395542879e-04
6.028335076817268375e-04
6.026480996579852136e-04
6.024573629929547407e-04
6.023477164365622413e-04
6.019945684482939799e-04
6.017950366285763865e-04
6.016981228662486537e-04
6.017777541010355851e-04
6.016875365983663819e-04
6.013935918530690294e-04
6.012255761191526464e-04
6.009898017437061623e-04
6.009034781216213584e-04
