3.945394954300631210e-03
3.945394954300631210e-03
3.947942729172512592e-03
3.937440877717308940e-03
3.927544454170573372e-03
3.915665961443179008e-03
3.909869126490506282e-03
3.904631644693147812e-03
3.899300265141575003e-03
3.891070614379221922e-03
3.884611376726858963e-03
3.880732303577434910e-03
3.873146320513339447e-03
3.868167260608709572e-03
3.860351905948045462e-03
3.858551668768446866e-03
3.849698007259727030e-03
3.847598446773404547e-03
3.842124177514051348e-03
3.837223441211007249e-03
3.830465962759507879e-03
3.825339421274104659e-03
3.818896987631430640e-03
3.812797964509421697e-03
3.807685656731785596e-03
3.801080149497798339e-03
3.793434615242288147e-03
3.789530655729109621e-03
3.784346070964765812e-03
3.774854917234023773e-03
3.771197866851469082e-03
3.764780884982560447e-03
3.760111757710850669e-03
3.751621551334703274e-03
3.746076693601232098e-03
3.740319678373789196e-03
3.738459464455860023e-03
3.730951523825072440e-03
3.724583382491026759e-03
3.720087278737096732e-03
3.712670616234433653e-03
3.707469764999624974e-03
3.701116360797449163e-03
3.697435412724164091e-03
3.693174213778318855e-03
3.682979224075579559e-03
3.679988905573954722e-03
3.677117500404392982e-03
3.670429009359060194e-03
3.664183120190570714e-03
3.659498059569402540e-03
3.654828909895499380e-03
3.648376218261728619e-03
3.642762185235856511e-03
3.636791615596727568e-03
3.631168609607596763e-03
3.624431042746855541e-03
3.620528377590469336e-03
3.614820710095946812e-03
3.612516369875070320e-03
3.604314685779683430e-03
3.596439634118863207e-03
3.591881474648400338e-03
3.585810758014566519e-03
3.577723369015580347e-03
3.570716854978933392e-03
3.565458074240121511e-03
3.564031449405782176e-03
3.556946066603196548e-03
3.556877893370087064e-03
3.550020179179989941e-03
3.541181380588968343e-03
3.537922649629442022e-03
3.533387126712721725e-03
3.527086769511197841e-03
3.521750931833608680e-03
3.513051891503885145e-03
3.511588659064702068e-03
3.505692605642736406e-03
3.501609709113745732e-03
3.497754390682544529e-03
3.495697962200083799e-03
3.491283694159945643e-03
3.485122230267871830e-03
3.479267820091213551e-03
3.475220252516024368e-03
3.468316880059682614e-03
3.460913754070583243e-03
3.455130783431526516e-03
3.452675392773216397e-03
3.441665184071651153e-03
3.439908294977234680e-03
3.434912809984634521e-03
3.429234949567757946e-03
3.424551272332650425e-03
3.418993516498586901e-03
3.415033881554536011e-03
3.411359889680250571e-03
3.405899721353660824e-03
3.403343549203639243e-03
3.393938531790520029e-03
3.390332293655063181e-03
3.389893126076875228e-03
3.388022997368797008e-03
3.382491725488804505e-03
3.378952374419695506e-03
3.376725513951414539e-03
3.371063864398701586e-03
3.364033041008388739e-03
3.363103820659751192e-03
3.355397263263525543e-03
3.351949419761227848e-03
3.347310660176607867e-03
3.341747224725850722e-03
3.336476182660907779e-03
3.332509317282474591e-03
3.327609480276858683e-03
3.324249544115353942e-03
3.317718644202572245e-03
3.316554666461296944e-03
3.312652714130131029e-03
3.308465197505095629e-03
3.301279261894893638e-03
3.301273181506450896e-03
3.295907397860914183e-03
3.292736593398292409e-03
3.290311658630461992e-03
3.285751802433892286e-03
3.284153182897276910e-03
3.280493107328114489e-03
3.275201137310515109e-03
3.268933528237018271e-03
3.266884726904358167e-03
3.265192134994962352e-03
3.255919766345683440e-03
3.250218369524114029e-03
3.248316451813542532e-03
3.242208825827852612e-03
3.240806822033965359e-03
3.235974120895584744e-03
3.233712818280982167e-03
3.230181982640914322e-03
3.228086048339069529e-03
3.218726941727223425e-03
3.216417603446750963e-03
3.210193972819811760e-03
3.207284960509493472e-03
3.203421541320899263e-03
3.198360895268564062e-03
3.192566463262948816e-03
3.193170727896480886e-03
3.184589274550028801e-03
3.181896338949467481e-03
3.178559047590419091e-03
3.175335619449946682e-03
3.173268060531877176e-03
3.170150175511350730e-03
3.164892977050739239e-03
3.159832075585196094e-03
3.156214442226858066e-03
3.151842699407781875e-03
3.147587016570804492e-03
3.145682848092563096e-03
3.141533019808072456e-03
3.139643271482599543e-03
3.135449975240105908e-03
3.135385634372194179e-03
3.134261933632961905e-03
3.127595354379466251e-03
3.127545117748747189e-03
3.124539251611303803e-03
3.124224838715053236e-03
3.117438021132362506e-03
3.115486774844581069e-03
3.112979188270514723e-03
3.108902315891794686e-03
3.108663099542261811e-03
3.104244385902676494e-03
3.096349441002689638e-03
3.092472858646117505e-03
3.087481552496163829e-03
3.083693031673453554e-03
3.085827342833271508e-03
3.082303862430791491e-03
3.076887987331030673e-03
3.075172620194510046e-03
3.073151421727883179e-03
3.069440738377045806e-03
3.070539161179272787e-03
3.066070144960193321e-03
3.062311291126721107e-03
3.057498695940116373e-03
3.055891919354425303e-03
3.050917114164717822e-03
3.045505746937658426e-03
3.043934641000755822e-03
3.043968116359244483e-03
3.038933194832596409e-03
3.037201553264449235e-03
3.035066590251671217e-03
3.031163729056346890e-03
3.031976783145702830e-03
3.024814674315466113e-03
3.023289064307487905e-03
3.019973240220343632e-03
3.020070180135187715e-03
3.018238764551396062e-03
3.015588263796252673e-03
3.011946294121858967e-03
3.010553315533999550e-03
3.008352049408042055e-03
3.004999083415592961e-03
3.003363909500649485e-03
3.001975080196758565e-03
2.997543359884028476e-03
2.996014502690120401e-03
2.995916140001230604e-03
2.991815746186099554e-03
2.991334203163279176e-03
2.988033247138597963e-03
2.984916971439690193e-03
2.982520430643111672e-03
2.982442049620452791e-03
2.979194632908429338e-03
2.978648443238728679e-03
2.976316860037530026e-03
2.973620376912388188e-03
2.971525911816908904e-03
2.969748248345164231e-03
2.965927624609380857e-03
2.962562425878677991e-03
2.960456210580475131e-03
2.954438205279043533e-03
2.954376151347980466e-03
2.954602520798136570e-03
2.953359931201189528e-03
2.951897645424084605e-03
2.947598128578330767e-03
2.946361464204051272e-03
2.942628155764800447e-03
2.939336740501662451e-03
2.935769111460086352e-03
2.933692610226674644e-03
2.929927001103128578e-03
2.928279311512973614e-03
2.926426393967268298e-03
2.925133418031672546e-03
2.921202407880948114e-03
2.920831809440199364e-03
2.919700231269483064e-03
2.915658770844137878e-03
2.912367875731051818e-03
2.909273702947486225e-03
2.906684328116689291e-03
2.902804695985619979e-03
2.903874477051649351e-03
2.902930496844821975e-03
2.900652239053602525e-03
2.897615352323373254e-03
2.897143989674492125e-03
2.895867974775739179e-03
2.892478093886081177e-03
2.889091999288852936e-03
2.888810144842602224e-03
2.888599414189093554e-03
2.885284158154768474e-03
2.885105572447782974e-03
2.881756578425989906e-03
2.881214869213895302e-03
2.876494342691747214e-03
2.874200250891773001e-03
2.869532437145003081e-03
2.868420593539696990e-03
2.866768596912453500e-03
2.866169060343159297e-03
2.867441068005575217e-03
2.869140496000203207e-03
2.864752261817326857e-03
2.865249378581003620e-03
2.864466395570248840e-03
2.860794524378181772e-03
2.860178964489925105e-03
2.858608207908745671e-03
2.856816882321012128e-03
2.855414893613830198e-03
2.853835162358752623e-03
2.852953298994539717e-03
2.849206574689059756e-03
2.848113133624374359e-03
2.848539932245697931e-03
2.845497221158585586e-03
2.842189116099407172e-03
2.842598198446231236e-03
2.837837489928434365e-03
2.837436454395770614e-03
2.833264870621998374e-03
2.830362762025671192e-03
2.829296924908721901e-03
2.824676190471724253e-03
2.828484121348440010e-03
2.825819267520339462e-03
2.820950659840143048e-03
2.816037518663940756e-03
2.816613463652891617e-03
2.814387239579604211e-03
2.814038530670073465e-03
2.813870174279493180e-03
2.812057842758755328e-03
2.807563660200058150e-03
2.807784642296579005e-03
2.802753110697357806e-03
2.800526175802940144e-03
2.803226044591905063e-03
2.801084445045883518e-03
2.798514647315345199e-03
2.796405557584562360e-03
2.796440724141876968e-03
2.794705164917308301e-03
2.796471358260547123e-03
2.793846633266734193e-03
2.789707313321633173e-03
2.790459224745568852e-03
2.789089866963005964e-03
2.788413428489372892e-03
2.788299716584531455e-03
2.785381079832325614e-03
2.784256490795352854e-03
2.782407178976485738e-03
2.778217840267126204e-03
2.774776809275973557e-03
2.771219162370335606e-03
2.772578845859238056e-03
2.771804821389905419e-03
2.769369269154599040e-03
2.768978733930251707e-03
2.767125686045932790e-03
2.769075855274060090e-03
2.766532082084905211e-03
2.764543019101389255e-03
2.761771994575968128e-03
2.760904511963484416e-03
2.761344819437633845e-03
2.759236910779732863e-03
2.758036966378804404e-03
2.755294862631526252e-03
2.752434148335135625e-03
2.757176633576150816e-03
2.756011257484419687e-03
2.750330452263729988e-03
2.748904732696920428e-03
2.744816678472586455e-03
2.747859835841678054e-03
2.746038223198620301e-03
2.741516550130313531e-03
2.739428017692614216e-03
2.739549835428927837e-03
2.737268637787853079e-03
2.737059013520500277e-03
2.737505930417882382e-03
2.735707527018301378e-03
2.738406196439025289e-03
2.737303410859529516e-03
2.735469261678595380e-03
2.737496138252592821e-03
2.734709681586836548e-03
2.737983264006961948e-03
2.735474861300112286e-03
2.734282883887520239e-03
2.731681446650399518e-03
2.732973907903536726e-03
2.729374937854844255e-03
2.725182022911630097e-03
2.726360542413848367e-03
2.724126580250548022e-03
2.723094696214279492e-03
2.720607289311348636e-03
2.717174386250846563e-03
2.713448072755381395e-03
2.712295472872502857e-03
2.710498979957173555e-03
2.710773611401652052e-03
2.710728512568500153e-03
2.712821538548667276e-03
2.710509859134257495e-03
2.706629389086115649e-03
2.707060809997031102e-03
2.704482802770130558e-03
2.703666753534732844e-03
2.705070620997186790e-03
2.704630212509650470e-03
2.702540148339580440e-03
2.703941570963206038e-03
2.699233746796877043e-03
2.699147004789161954e-03
2.699901688608377127e-03
2.695049722517388942e-03
2.696212165778918285e-03
2.694184591765870322e-03
2.691589070215748454e-03
2.688312095499331093e-03
2.689334002086148350e-03
2.684005140850544927e-03
2.685151090984189137e-03
2.684432367424239956e-03
2.685536587926436354e-03
2.682030054971731338e-03
2.681032014394874041e-03
2.679322281639011198e-03
2.677966314257972016e-03
2.680005653222661786e-03
2.678613774531571085e-03
2.677637994494586580e-03
2.678197855553786019e-03
2.675472207475800349e-03
2.675159047438898600e-03
2.672231139235508278e-03
2.673082525319433154e-03
2.668136703326129313e-03
2.668894591775546749e-03
2.666665494938559675e-03
2.664379921512611150e-03
2.665445723993159488e-03
2.665139215391175345e-03
2.662986072749592807e-03
2.661238621228207996e-03
2.662665566133819769e-03
2.662954606478611617e-03
2.658115585441728906e-03
2.658346359181355031e-03
2.657016686831220696e-03
2.656549260544098252e-03
2.653492858521506841e-03
2.655054625630010913e-03
2.656533684338568003e-03
2.652218374881768446e-03
2.649889744067886188e-03
2.652965335708926987e-03
2.647461901727966860e-03
2.649669809249339310e-03
2.646828084490259348e-03
2.645169076486040324e-03
2.642591131359373156e-03
2.641780067788353746e-03
2.640416024565572263e-03
2.635588311196604416e-03
2.636117539441388147e-03
2.635925246012315887e-03
2.633315074312756257e-03
2.631958444820656218e-03
2.629885215441575812e-03
2.629680772701816285e-03
2.631550982812685263e-03
2.629402099976628840e-03
2.629214510806414471e-03
2.627794243481914021e-03
2.626003941281289909e-03
2.623930854580378697e-03
2.624402726717415483e-03
2.622888884395325072e-03
2.622036989251758099e-03
2.620095977625903211e-03
2.618153357384447356e-03
2.617089696676434384e-03
2.615866937707439152e-03
2.614666695793470014e-03
2.618111125784947785e-03
2.620020193183237884e-03
2.618662677208363505e-03
2.615544392038723995e-03
2.614204175263939393e-03
2.616430003447796186e-03
2.616277120360042865e-03
2.621448131611912088e-03
2.614004826720090456e-03
2.614481327171260232e-03
2.614311748817764111e-03
2.611397898585970934e-03
2.609576167254159477e-03
2.610795030612339009e-03
2.611535998163235991e-03
2.606482473403218779e-03
2.605884364269921236e-03
2.604754869908769942e-03
2.603317173328170784e-03
2.605052319358708811e-03
2.602697765054819579e-03
2.603938998872133096e-03
2.602205439310254203e-03
2.605670370182888284e-03
2.603588847829786408e-03
2.603947712161798836e-03
2.603055516073576187e-03
2.601846696177311218e-03
2.601195654323703449e-03
2.603409180931260097e-03
2.601696031557791666e-03
2.599254778287306191e-03
2.598308325184012658e-03
2.595428681206989573e-03
2.599208010542502188e-03
2.596890274160378563e-03
2.596021087564967869e-03
2.594154041771901901e-03
2.592835602394211268e-03
2.593189197292422067e-03
2.588401435615198583e-03
2.589271242666832569e-03
2.587340845154612132e-03
2.586763673074577580e-03
2.587935004638837033e-03
2.587784131571195870e-03
2.584320835884878868e-03
2.582660436632718774e-03
2.584738594451272981e-03
2.582620046737281894e-03
2.584833578331092573e-03
2.583874156570738472e-03
2.583944681023798897e-03
2.585947507339853187e-03
2.586958747108568032e-03
2.588796889759688215e-03
2.585926456238538378e-03
2.585928414496676923e-03
2.584712867614855688e-03
2.588014352665027416e-03
2.580975835605596545e-03
2.580615383325586629e-03
2.580592945932185488e-03
2.578032778632409049e-03
2.578785534849133837e-03
2.577557758745553217e-03
2.575131874287499203e-03
2.576608585770586313e-03
2.578278080351013857e-03
2.577614326421318568e-03
2.577148981349176859e-03
2.574003751242081618e-03
2.578391705049535437e-03
2.574320113907538083e-03
2.574828968481200978e-03
2.573166354466830449e-03
2.568800425821009953e-03
2.568644767591382518e-03
2.570785818458101116e-03
2.567492793093650860e-03
2.564372784380090919e-03
2.563952875303506310e-03
2.564026660107970521e-03
2.564822389733045771e-03
2.565347310060044420e-03
2.564028829108917253e-03
2.562377374372060927e-03
2.562250184152396314e-03
2.561830682315531949e-03
2.561091736962741849e-03
2.562662322276888609e-03
2.565209835547386207e-03
2.567979494062760503e-03
2.563886512040876742e-03
2.562773067474595750e-03
2.564866431705661518e-03
2.562511365372324799e-03
2.561624025812505104e-03
2.560377666198876846e-03
2.558305564251922831e-03
2.557088060139030370e-03
2.558266136940524904e-03
2.554380674512005903e-03
2.552673040152879814e-03
2.551695437541290617e-03
2.551547006979551415e-03
2.551086447761780063e-03
2.548805847359661512e-03
2.549231742177046275e-03
2.550877541546175097e-03
2.546238604366338806e-03
2.547573099248624535e-03
2.545006807706503074e-03
2.545491587886283911e-03
2.545930885950496193e-03
2.544567154474176689e-03
2.545517094429596266e-03
2.544541844931716163e-03
2.546216818802691031e-03
2.544974958701014169e-03
2.543599104509543067e-03
2.540190443193791024e-03
2.542157777732396030e-03
2.541385112517125563e-03
2.540610412674369073e-03
2.538153774835327867e-03
2.539905399728592094e-03
2.540334921949157637e-03
2.538231907048911409e-03
2.534064183569585248e-03
2.534619561629696850e-03
2.532345365467458462e-03
2.532017972041930142e-03
2.529180114362034396e-03
2.531210515359308931e-03
2.526899007714480082e-03
2.527012799546801518e-03
2.525714726582847357e-03
2.527333701784156925e-03
2.529713941621560512e-03
2.525410807658432389e-03
2.526127992010871424e-03
2.526400378193705346e-03
2.523656536394919356e-03
2.520651041182351421e-03
2.521826326597192448e-03
2.521126020989754041e-03
2.518067538470646245e-03
2.516255170005427932e-03
2.512612187704875086e-03
2.512711260371244901e-03
2.513351131925838783e-03
2.507600792034951100e-03
2.511396403696789046e-03
2.510258782051193790e-03
2.509120696401219777e-03
2.510383905788999507e-03
2.506924597834631410e-03
2.506595826015615199e-03
2.509592653138979258e-03
2.510482335130847630e-03
2.513122205117052695e-03
2.510296542065188277e-03
2.507809580043764922e-03
2.509878796377170915e-03
2.505959778613132613e-03
2.505610273185718967e-03
2.504361925883524451e-03
2.504572501533314059e-03
2.507708356322917338e-03
2.508988775291568114e-03
2.505602786973594367e-03
2.502252971480616386e-03
2.504777238597519478e-03
2.505547089014481879e-03
2.503662812732516084e-03
2.504471516616377583e-03
2.501251814378971719e-03
2.502887759555808521e-03
2.500401072191695082e-03
2.499413792721331528e-03
2.499985065167717284e-03
2.500979633552023306e-03
2.498138515168325541e-03
2.497870575267996992e-03
2.495752741440019143e-03
2.496001152265770601e-03
2.492813873831831520e-03
2.493449392857567670e-03
2.492799278033600453e-03
2.495603495268676648e-03
2.491846564136872885e-03
2.490439234630829196e-03
2.487477035116533470e-03
2.488343274986429526e-03
2.489439707168331246e-03
2.488046132808398227e-03
2.485770884533497222e-03
2.485358891181628505e-03
2.488237320017005431e-03
2.485078109753724711e-03
2.484141447482894963e-03
2.483409369960869022e-03
2.482985144821631303e-03
2.483139384414363281e-03
2.481038389035730360e-03
2.478384441640711557e-03
2.482443207451605349e-03
2.477490359814891584e-03
2.479303045227637583e-03
2.477701893844594383e-03
2.479281609200974235e-03
2.478488253304373615e-03
2.479116117586839963e-03
2.477864610876096430e-03
2.477250605067424834e-03
2.474459609826307541e-03
2.474221856329196327e-03
2.476027230357646589e-03
2.472570791842063163e-03
2.471280614479997445e-03
2.470781956398002480e-03
2.467734128531154543e-03
2.466579131029861868e-03
2.468996175570177531e-03
2.468905759016272981e-03
2.465103303147523316e-03
2.466092285651970851e-03
2.468337572184709037e-03
2.466733601369868866e-03
2.467678452506276866e-03
2.466531465700803113e-03
2.465235910783790049e-03
2.466113520104212115e-03
2.465303093706416610e-03
2.462287970800365079e-03
2.463753122141327384e-03
2.462154938829082436e-03
2.464310180066508083e-03
2.459817154666651441e-03
2.459059677622530121e-03
2.458585834310608124e-03
2.460790373016477975e-03
2.461056048232439838e-03
2.461303737105405547e-03
2.463688789783679764e-03
2.463920691933854483e-03
2.466509629271608755e-03
2.466019934337893797e-03
2.467182890942315639e-03
2.468494503221757997e-03
2.465292354252544404e-03
2.467692011311250176e-03
2.464742472812822983e-03
2.464944210119211256e-03
2.463289946659722850e-03
2.464738182690111908e-03
2.465279803226339949e-03
2.463383627423358473e-03
2.462900455605748079e-03
2.462686197436340235e-03
2.461697498614024305e-03
2.464273312834698582e-03
2.459733935213707662e-03
2.458382248788942414e-03
2.456278786764653534e-03
2.455869339260945139e-03
2.455014912975788006e-03
2.455531288956952496e-03
2.453587196541916118e-03
2.455133753459083721e-03
2.453949599331452062e-03
2.454271845204948187e-03
2.452703370131619886e-03
2.449971536708423370e-03
2.448618192600887991e-03
2.452604032474730092e-03
2.453327717116939987e-03
2.450649010189026328e-03
2.449897580311600348e-03
2.447016361415930812e-03
2.447303550076295343e-03
2.447967047174503131e-03
2.446795070397296372e-03
2.445227349443033441e-03
2.442223554127626473e-03
2.439446935474561158e-03
2.441382368019620174e-03
2.438899140421210265e-03
2.441847481741999618e-03
2.438069083848283091e-03
2.439383441890010523e-03
2.437200650792525815e-03
2.438468558085962919e-03
2.434422428980545852e-03
2.433860729290752284e-03
2.434387412047100529e-03
2.435172826633450263e-03
2.432897518000687320e-03
2.431559327562530289e-03
2.429629745057215566e-03
2.430636528928875866e-03
2.428196699269670467e-03
2.428375722996142533e-03
2.427144315172289311e-03
2.425453928887656187e-03
2.426949080670310569e-03
2.421663925729833182e-03
2.423133391624380552e-03
2.418596515893344390e-03
2.418353645482630276e-03
2.418950468408765774e-03
2.419564371892898337e-03
2.419588449551016065e-03
2.418833142743005357e-03
2.422496844545097162e-03
2.420519712011251490e-03
2.423373934378168955e-03
2.424425624900064004e-03
2.423276493821416733e-03
2.418669012904551587e-03
2.420087163109235773e-03
2.419554564050047964e-03
2.422694068083874452e-03
2.419832188858775639e-03
2.419655026509212950e-03
2.418748549040053951e-03
2.416343404578850506e-03
2.414842445383047227e-03
2.415137731418883719e-03
2.415000552638248577e-03
2.414939767936490067e-03
2.413864229343572719e-03
2.415002730060729179e-03
2.410746245995146197e-03
2.410042880356976381e-03
2.410519153372423125e-03
2.413300047601024852e-03
2.408573156306683533e-03
2.410696209223489594e-03
2.406088973940149253e-03
2.408319723229001771e-03
2.403218588614611413e-03
2.401572356711922842e-03
2.403347228688492744e-03
2.399986588700546864e-03
2.402040660451284192e-03
2.396908667239073566e-03
2.400197709957299294e-03
2.398374687578468546e-03
2.396892931936443673e-03
2.399084995396598158e-03
2.397331478803736617e-03
2.398005795844209472e-03
2.398590479678070191e-03
2.399501959007587816e-03
2.398910428663156812e-03
2.399020669917778775e-03
2.396563044212045475e-03
2.397255733232455267e-03
2.395316832483446092e-03
2.395856760909225412e-03
2.394906843357034847e-03
2.394957033259606516e-03
2.391051017764099160e-03
2.393084669084510636e-03
2.394801283520306412e-03
2.394352845825168351e-03
2.393939959051692538e-03
2.388838402599055988e-03
2.390684157431173257e-03
2.387908673756726410e-03
2.392123401947265741e-03
2.389799361931903895e-03
2.389378896313393025e-03
2.394879328126369323e-03
2.389501849385150360e-03
2.390313587885123207e-03
2.387808869157662453e-03
2.388591397178321720e-03
2.388754258255819819e-03
2.389651077614167278e-03
2.391454264617930755e-03
2.392474864421837832e-03
2.388884883288320497e-03
2.389074695471984401e-03
2.385788329847687590e-03
2.386307371527092349e-03
2.384485899203703241e-03
2.383688529358686786e-03
2.379779122518734576e-03
2.383419978040758960e-03
2.383076247824882175e-03
2.385247575967530675e-03
2.385648568284440101e-03
2.386070223285340422e-03
2.389424469551210215e-03
2.384693425221032226e-03
2.386183616189036915e-03
2.387381552368394999e-03
2.383485607972130830e-03
2.383992913574094121e-03
2.384302686106468550e-03
2.383357444425547589e-03
2.382855996024159546e-03
2.385114545900228044e-03
2.385097169768066443e-03
2.383513156790268567e-03
2.382972671051576414e-03
2.381762631910502599e-03
2.380025456530911188e-03
2.377663105546884079e-03
2.376465173269615584e-03
2.376307400734652304e-03
2.373839755749397075e-03
2.374512931087921237e-03
2.372017530667436345e-03
2.372040633399141469e-03
2.368894063580112824e-03
2.365711632847548179e-03
2.370289297735985855e-03
2.367985324590214050e-03
2.366462763462473529e-03
2.367653175143975657e-03
2.362720529285503891e-03
2.363837546354926721e-03
2.360335613691395308e-03
2.362538392465832367e-03
2.363787242340343979e-03
2.364132543504959046e-03
2.363479658955177243e-03
2.364909706631064101e-03
2.361781027147598268e-03
2.361393493477052016e-03
2.357739006095120691e-03
2.356773168090702322e-03
2.356349247178331826e-03
2.354992502911446624e-03
2.353589345451869482e-03
2.358418746901991790e-03
2.360269802195378176e-03
2.355336261313311242e-03
2.358324677935413720e-03
2.355444007732271795e-03
2.356855145072313685e-03
2.358979839174695642e-03
2.357280457798443911e-03
2.360888908667371170e-03
2.357023898881070029e-03
2.359877860438177113e-03
2.359691735766055853e-03
2.358082462157335031e-03
2.357777219166612079e-03
2.358472298898418081e-03
2.361798831649610745e-03
2.358361023861416540e-03
2.360600873379691076e-03
2.360078285030034560e-03
2.360603667620405320e-03
2.360312688334005940e-03
2.361223344671455407e-03
2.362528059090019360e-03
2.358610067827111249e-03
2.362809451186540823e-03
2.362762588966429902e-03
2.362188909285306213e-03
2.363254066355480968e-03
2.363432819122976859e-03
2.361048254717237026e-03
2.360779734117008852e-03
2.361306357843153628e-03
2.361857591911456673e-03
2.360536979070875473e-03
2.359894326061905741e-03
2.358223980171300031e-03
2.361672748806678546e-03
2.357720854201032605e-03
2.360871995489275711e-03
2.358970445902907644e-03
2.358500055336058571e-03
2.358655462426461139e-03
2.359264057542399037e-03
2.355494377608645384e-03
2.358086728622196988e-03
2.361894955448936781e-03
2.359243300528019588e-03
2.356724574763058907e-03
2.354738764276647495e-03
2.352908859293886389e-03
2.353431172392941514e-03
2.351720568080901182e-03
2.352815662839796360e-03
2.347339808386590242e-03
2.348420381810651172e-03
2.347425527776284254e-03
2.343192421879767683e-03
2.347289117505432267e-03
2.344316530660950880e-03
2.347159095009894187e-03
2.345916232828348155e-03
2.345448225636497311e-03
2.347361434780930942e-03
2.348094861573289064e-03
2.349364567036236594e-03
2.352695212301059245e-03
2.354360079681990826e-03
2.353520472915021818e-03
2.349316126435450815e-03
2.348884258778225712e-03
2.349302165354329348e-03
2.349986336080480374e-03
2.353340418063204053e-03
2.349221509219445118e-03
2.348148269646299201e-03
2.350312895826283180e-03
2.350422108786079552e-03
2.352915396977423718e-03
2.350857324846721171e-03
2.349551702264383434e-03
2.349038494805936149e-03
2.352158976363358245e-03
2.354965363234665533e-03
2.351720834801032407e-03
2.353002811027659832e-03
2.347902967797784422e-03
2.350052726521368283e-03
2.347688982400650097e-03
2.351700652329278239e-03
2.349142712794089621e-03
2.346734300465525783e-03
2.348852042404634723e-03
2.349186590204038489e-03
2.351220207478659473e-03
2.354004132888087072e-03
2.353838871656251976e-03
2.356552824182369960e-03
2.352188574786791796e-03
2.354604684702683599e-03
2.352962288963336007e-03
2.354690400412311375e-03
2.352878653269220924e-03
2.354472116026937439e-03
2.354743465355038212e-03
2.354287678347965086e-03
2.352043935301697478e-03
2.353267473571002324e-03
2.353380174452208724e-03
2.351485691288638692e-03
2.355289111555932020e-03
2.352868504622684064e-03
2.349262432197025963e-03
2.353221366465457331e-03
2.350386288471099320e-03
2.348630928715747523e-03
2.352078505012952098e-03
2.353252439004295711e-03
2.355127683859025225e-03
2.353418308103847473e-03
2.352427314899776644e-03
2.351447607183509200e-03
2.353467949743822795e-03
2.352564007923043862e-03
2.354615561079024394e-03
2.353242097282823905e-03
2.355034340400487518e-03
2.353080779119708869e-03
2.350374118905425129e-03
2.352112144726995532e-03
2.346440152832068166e-03
2.348773123276387542e-03
2.352637682030934638e-03
2.347132013819839408e-03
2.347636463785810704e-03
2.346417020927591638e-03
2.345792943405245606e-03
2.344937321190880379e-03
2.348797778485278969e-03
2.347799290152402345e-03
2.345395215242102906e-03
2.347420905786450421e-03
2.345679540459708057e-03
2.347720101398281887e-03
2.350375870257717052e-03
2.345249463970389657e-03
2.345701240657205051e-03
2.344616017890029623e-03
2.344447477634056375e-03
2.345420512835150184e-03
2.348885731205638781e-03
2.349478038425477540e-03
2.346213716906533908e-03
2.349673783456655927e-03
2.346817403688287833e-03
2.351010136069097995e-03
2.349390135972777554e-03
2.350324635897081075e-03
2.347033110449312995e-03
2.343069283390015155e-03
2.343718924406154331e-03
2.345669777505963571e-03
2.345495374739481591e-03
2.339086387296539660e-03
2.340049468543207133e-03
2.345153610400424644e-03
2.343805232436568711e-03
2.344067165980607322e-03
2.342134702417830987e-03
2.343040226435299991e-03
2.346982766929246299e-03
2.347404161139111153e-03
2.349204258783811356e-03
2.346750397753005323e-03
2.343406650572917287e-03
2.341411869764586581e-03
2.340383957981230934e-03
2.339973112695125767e-03
2.339466134586658339e-03
2.339701406500181626e-03
2.340283660384418450e-03
2.337242175354464248e-03
2.335700627551929275e-03
2.338142763267910765e-03
2.336474474769925039e-03
2.337951104223277149e-03
2.336023743481350275e-03
2.337203837702527941e-03
2.339842989332319156e-03
2.339635807939033450e-03
2.337575339096032226e-03
2.335977905455330871e-03
2.337633352946661899e-03
2.334649361709580529e-03
2.332020280624363343e-03
2.332518457329215301e-03
2.334653948854814500e-03
2.335967225558165453e-03
2.335987928730300003e-03
2.335050834774852081e-03
2.335584759782125593e-03
2.335165831910444335e-03
2.337457227617440337e-03
2.334006170653173465e-03
2.335915480907006965e-03
2.337466707112589252e-03
2.340351881951040040e-03
2.338119965550162875e-03
2.340908621125011285e-03
2.336087271157434326e-03
2.340483536205712617e-03
2.335460197803811665e-03
2.334887793828270813e-03
2.333694010086157043e-03
2.332998680510923410e-03
2.333592839980455635e-03
2.329663346838150694e-03
2.331361884768797833e-03
2.327231124814099945e-03
2.329966613627972808e-03
2.325753044252381989e-03
2.325705804401792531e-03
2.325814639566531946e-03
2.328941730895346587e-03
2.323665707536119035e-03
2.326128046775585798e-03
2.324263510911668464e-03
2.324386839348449151e-03
2.324469644863352401e-03
2.322241856750648786e-03
2.321262924238219963e-03
2.319643199043372201e-03
2.321544491849777091e-03
2.318339202586963254e-03
2.317374908997662381e-03
2.317542232500301256e-03
2.315988006441296876e-03
2.318236791956505144e-03
2.318673936794943963e-03
2.320085007498890340e-03
2.320593986947098834e-03
2.322538050013935127e-03
2.321852507818228557e-03
2.322659342785042460e-03
2.322561597309437051e-03
2.321183499253879224e-03
2.317978987247107901e-03
2.318262417730654074e-03
2.317188419570609566e-03
2.314945401798224577e-03
2.316362898044620634e-03
2.314359128510146742e-03
2.314499946326049450e-03
2.313462514854671987e-03
2.312480444143696651e-03
2.313920122294597318e-03
2.313393871189163304e-03
2.315592171427156322e-03
2.316719561268953693e-03
2.315974052489518098e-03
2.313961332741039378e-03
2.310785651115864446e-03
2.312555625334079649e-03
2.308229642868365062e-03
2.306914914186282417e-03
2.310049919892854815e-03
2.307683601162500465e-03
2.307257031875135402e-03
2.311292745636364665e-03
2.309048229484763834e-03
2.311150966480215400e-03
2.308803157919754861e-03
2.304862364728212879e-03
2.304504420786334783e-03
2.306264225884886460e-03
2.306511497021259023e-03
2.309057671371920941e-03
2.308450601094595624e-03
2.306519847174286816e-03
2.306282910122802853e-03
2.306634895701752900e-03
2.304601980792888617e-03
2.306384907496616780e-03
2.305519082302323174e-03
2.302361703500521023e-03
2.305299471201248829e-03
2.305828335120054754e-03
2.306712656683326465e-03
2.305843995928949248e-03
2.305203076805499920e-03
2.305220892590955327e-03
2.306372863640736726e-03
2.309193182894932021e-03
2.305733740241917590e-03
2.308166228702833098e-03
2.304913073245567177e-03
2.307935369014837892e-03
2.310338272294673676e-03
2.309184601173746351e-03
2.312598282927989975e-03
2.314116367259897149e-03
2.317008974199826453e-03
2.317068435303348307e-03
2.314307409794204035e-03
2.314603188221732617e-03
2.320479503025738976e-03
2.318475856981421553e-03
2.318992184185901095e-03
2.317230373629027441e-03
2.315253113860694500e-03
2.316515679162142217e-03
2.312154499944611176e-03
2.312734105631309572e-03
2.315830130012813074e-03
2.312356019216519221e-03
2.311790256471859574e-03
2.315695827684905849e-03
2.312674951837969360e-03
2.312513417303862454e-03
2.311103078517362866e-03
2.309449877712209647e-03
2.314269683584121908e-03
2.314659894678437833e-03
2.312564102120267129e-03
2.308741414302671602e-03
2.311465427469769612e-03
2.308568573348396529e-03
2.305985627782019924e-03
2.308000116664122962e-03
2.310463622696258719e-03
2.307644349258872879e-03
2.308191007732194027e-03
2.310316960627089786e-03
2.312746860768112242e-03
2.310297207023561707e-03
2.310900591257881477e-03
2.311864571482120587e-03
2.315041483906145076e-03
2.317903226824330216e-03
2.310464233990747272e-03
2.311604980534990098e-03
2.315385685273772722e-03
2.312887094992824820e-03
2.310592840063545837e-03
2.312884819751606733e-03
2.311906213517675186e-03
2.313519143700385351e-03
2.311148051977201037e-03
2.312151063156564750e-03
2.315174539749765854e-03
2.314165097160076831e-03
2.310684480914154768e-03
2.313477544084539990e-03
2.313190258767410835e-03
2.310482156506130091e-03
2.313628238567950416e-03
2.308893276713562450e-03
2.309022979264652858e-03
2.307726443283043046e-03
2.311753802313216023e-03
2.308778435684798180e-03
2.308213931695364887e-03
2.306849380707924092e-03
2.307280695837206092e-03
2.308593310797598872e-03
2.305194866222709006e-03
2.305014256676439412e-03
2.303571451961037957e-03
2.302631950235583223e-03
2.304171758987609998e-03
2.300647019867890601e-03
2.301835054148398778e-03
2.301384232066861889e-03
2.303445752915321120e-03
2.299799313554262790e-03
2.299263044799432568e-03
2.298867634259414532e-03
2.295117717366501001e-03
2.298343053165663712e-03
2.297220897359437616e-03
2.300714778639072634e-03
2.302047300752648254e-03
2.296743672141113128e-03
2.300015393360757467e-03
2.300115790169610878e-03
2.301022349043686105e-03
2.300385233774637946e-03
2.301659476401047687e-03
2.299427610996691764e-03
2.295842374792527504e-03
2.297371283765696579e-03
2.297268582710489115e-03
2.301175871269990538e-03
2.300175597636753676e-03
2.299254078247893116e-03
2.296125710964768817e-03
2.295936056655878930e-03
2.295458044007003123e-03
2.297837634906289058e-03
2.299223685050219654e-03
2.295295327237940886e-03
2.296059792500720464e-03
2.296604890354014307e-03
2.298670065119233843e-03
2.296344001031873881e-03
2.293720387147113807e-03
2.298583001775086464e-03
2.300528353079987157e-03
2.300364697660265984e-03
2.299208563507459946e-03
2.302293070019000108e-03
2.302070512679383566e-03
2.300388030062192751e-03
2.304996328115445532e-03
2.306200424620121620e-03
2.303485280298113360e-03
2.304091157124929252e-03
2.306189534773768392e-03
2.303198354152195641e-03
2.306227646736509936e-03
2.303349494049891383e-03
2.303385920728633334e-03
2.305576555479896175e-03
2.304286808160084868e-03
2.307353911094962764e-03
2.308620312430343258e-03
2.306084343583611560e-03
2.306309836572508626e-03
2.307349265269848827e-03
2.309129648819231023e-03
2.308168481538440397e-03
2.307451908426569071e-03
2.309110293066127424e-03
2.308581594656718052e-03
2.307258856643552934e-03
2.306152779375550323e-03
2.308839054303554739e-03
2.310329217299610018e-03
2.307692519527473202e-03
2.307122446886778009e-03
2.305740236264713222e-03
2.301775126864390782e-03
2.300592405565413459e-03
2.304533086120463294e-03
2.300808542183454489e-03
2.303046950103830679e-03
2.302227974290172851e-03
2.305659934764803156e-03
2.304081399785944291e-03
2.304148277023992508e-03
2.303790356976073705e-03
2.301259196335005922e-03
2.301807716011938440e-03
2.303549714650029914e-03
2.299214856788590108e-03
2.299188547382170593e-03
2.300246862971855582e-03
2.300512806072171901e-03
2.298666242998763896e-03
2.303298370557792414e-03
2.300760404046662232e-03
2.299206609872728960e-03
2.295696085758841716e-03
2.296886615378503950e-03
2.297104640055244815e-03
2.300066146693971122e-03
2.298488987898326952e-03
2.297889519239435744e-03
2.297914037284482219e-03
2.297471063543657897e-03
2.297269156736931380e-03
2.296766219829714326e-03
2.301611115972883922e-03
2.296683441272329325e-03
2.297238764791902609e-03
2.297969215064591102e-03
2.293994262471503454e-03
2.296580029495233835e-03
2.296840633217058728e-03
2.296310588334008005e-03
2.299913481958887080e-03
2.295298582374701718e-03
2.291522942310544528e-03
2.294734142092310237e-03
2.296544994282539304e-03
2.293770108909501740e-03
2.296872003717793150e-03
2.300457041910272671e-03
2.301566721157742579e-03
2.300658930552503673e-03
2.299239895292492283e-03
2.298829941494533440e-03
2.299659187492524015e-03
2.304022242516374358e-03
2.300348204984015675e-03
2.299768343207595801e-03
2.298651193811007253e-03
2.302254825426464698e-03
2.298461118828849445e-03
2.298712750150290907e-03
2.299548266447617659e-03
2.294452680638860587e-03
2.297903243555959700e-03
2.296288234019589793e-03
2.295156186766146838e-03
2.294966600814331726e-03
2.292128187663687588e-03
2.295847483158424459e-03
2.292450638229875763e-03
2.292389861637399162e-03
2.293434892821323394e-03
2.296513445348015003e-03
2.296194038844598644e-03
2.292019121343560374e-03
2.289865474593759560e-03
2.288516046789199239e-03
2.287706778158957437e-03
2.290877744808804233e-03
2.289691699243368451e-03
2.292604804280891188e-03
2.292597528447712623e-03
2.290367646716750215e-03
2.293280548296433834e-03
2.293703997696998603e-03
2.291873376954707726e-03
2.292195227826935178e-03
2.293291624226926045e-03
2.292781358601207135e-03
2.295127481208244797e-03
2.297526291013470522e-03
2.295058683352314832e-03
2.293389751524529084e-03
2.293106337789145230e-03
2.291435599297810682e-03
2.290219587390551585e-03
2.291348799788066846e-03
2.293310734917606165e-03
2.291986559635883838e-03
2.293620227374128760e-03
2.290208812449988970e-03
2.287551012698450445e-03
2.288352636586891281e-03
2.287005042428456088e-03
2.283051912237322057e-03
2.284208325307220209e-03
2.284025408003117260e-03
2.284794751176109310e-03
2.282633904303116388e-03
2.283926569953975000e-03
2.281979354029524398e-03
2.280670748861532513e-03
2.280547885494373962e-03
2.281279770499634353e-03
2.281712949232964343e-03
2.283136247630918221e-03
2.285666885434793627e-03
2.284247851575874587e-03
2.287251284380970289e-03
2.288555700454554878e-03
2.292220609299071895e-03
2.288992280718156729e-03
2.288819004969824562e-03
2.291097867447057946e-03
2.288523825739617948e-03
2.294168340314058693e-03
2.293218439844837715e-03
2.295869994966241202e-03
2.297296350475143151e-03
2.296885677100310962e-03
2.295190144492017647e-03
2.291640087862707731e-03
2.294358515279048844e-03
2.291621625955743164e-03
2.292020825196137632e-03
2.288347032144363163e-03
2.288725702469307684e-03
2.284616469777063768e-03
2.285264513711581479e-03
2.283729225265996362e-03
2.282299155445990067e-03
2.281673864289080530e-03
2.282425608868831040e-03
2.281880232133671246e-03
2.279430655853653762e-03
2.282258599753614510e-03
2.280293167227812404e-03
2.280214881479565147e-03
2.280140438865504212e-03
2.282090948485041883e-03
2.276289356493208568e-03
2.279007357327611071e-03
2.281263622949281956e-03
2.279029514801889176e-03
2.281438693150714559e-03
2.282443913560373936e-03
2.280764273531396113e-03
2.279210883557267111e-03
2.277903890210178969e-03
2.278930318535411347e-03
2.278748467122768562e-03
2.280417687910061674e-03
2.280155069566879890e-03
2.280466800544765985e-03
2.281218389425577510e-03
2.286451513588607948e-03
2.283346083975587668e-03
2.285421928566604838e-03
2.283423598397801499e-03
2.282951523645527624e-03
2.284347362427583978e-03
2.284479925483424555e-03
2.285867623532783152e-03
2.284134765492014559e-03
2.282854858338945452e-03
2.280867371900601685e-03
2.281838939333176355e-03
2.282534490895353572e-03
2.279199198390593432e-03
2.276153359493733336e-03
2.278135936745231873e-03
2.276699217937424267e-03
2.276896014723917006e-03
2.275268945560184834e-03
2.276826985007008707e-03
2.277865677128453580e-03
2.277002310707603935e-03
2.280545977291409832e-03
2.282668903381589870e-03
2.283413629896348818e-03
2.284663447622186858e-03
2.281735354945937239e-03
2.282904499213006966e-03
2.284636670155731301e-03
2.284788289114772757e-03
2.285527584720516668e-03
2.284636514995175456e-03
2.283227895408716009e-03
2.284190031835680104e-03
2.281419755070855041e-03
2.279248299139243102e-03
2.279389145509908097e-03
2.281424176631266683e-03
2.284046169608987525e-03
2.284613733951958679e-03
2.282601475891160234e-03
2.282939114842341688e-03
2.278034106843194843e-03
2.280244570597386462e-03
2.277473266162782263e-03
2.275541771045032358e-03
2.273694909020222091e-03
2.273033654777216212e-03
2.269970915507229983e-03
2.269669115541161908e-03
2.269392241915496166e-03
2.272159153936789255e-03
2.275594636586354084e-03
2.273046665676359008e-03
2.270401857397221813e-03
2.266112880665877710e-03
2.267101340403801599e-03
2.267364425224373519e-03
2.268214938164917014e-03
2.267237009766306325e-03
2.270292233804734831e-03
2.270414180771664677e-03
2.269483319346184136e-03
2.270490108926326300e-03
2.268062694675305503e-03
2.268500260926504045e-03
2.271080595847942574e-03
2.268201661327752614e-03
2.271426094037266256e-03
2.266175856435068310e-03
2.269911513006771936e-03
2.270507081722621459e-03
2.270880505781493371e-03
2.271417209937534772e-03
2.270599507333312828e-03
2.272365757105090575e-03
2.270911841441574427e-03
2.265943032870506094e-03
2.265529118917427188e-03
2.265376603207751478e-03
2.263513759176721037e-03
2.262823587597949642e-03
2.257817869524988540e-03
2.260836140628881812e-03
2.258478559364264070e-03
2.259450757199862360e-03
2.259899697010560923e-03
2.258963034905892529e-03
2.258745854258586983e-03
2.261284600394564050e-03
2.261936349498060682e-03
2.264142337074173065e-03
2.266371754673212040e-03
2.263441155349593149e-03
2.269955063893581548e-03
2.266600525932027654e-03
2.264849709885384185e-03
2.266160617451264299e-03
2.264991003194853723e-03
2.262740213511158470e-03
2.268298782072571389e-03
2.268470792588826029e-03
2.265036048377837112e-03
2.269411184645650156e-03
2.268381632162728718e-03
2.270243986286263078e-03
2.267795354826354030e-03
2.265474526012596721e-03
2.265705922113634384e-03
2.268357967963533471e-03
2.267857023672005621e-03
2.269926226844499583e-03
2.271597431273940371e-03
2.265825341347795473e-03
2.266013999927936340e-03
2.265216542257414336e-03
2.264595065426569433e-03
2.268324111054038309e-03
2.267287850484191094e-03
2.268513802642735909e-03
2.266929032343767414e-03
2.266072205289404017e-03
2.263845825367522165e-03
2.265004368482440456e-03
2.267898862961743259e-03
2.267561806848137317e-03
2.267358933305446082e-03
2.264978113491326536e-03
2.267122804553377800e-03
2.263769007783778941e-03
2.261555562195019867e-03
2.263406791765443064e-03
2.262825908887159104e-03
2.263891034230760234e-03
2.260437745251978742e-03
2.262558277970549807e-03
2.261127586914673041e-03
2.261699786686929836e-03
2.262953875326348570e-03
2.261344416308013871e-03
2.266939936574126346e-03
2.265982453254732510e-03
2.268038197142886649e-03
2.264996237002693102e-03
2.265373823310786513e-03
2.268115457812860773e-03
2.266623488981857771e-03
2.269445291458781731e-03
2.267896240794908900e-03
2.266663497135907885e-03
2.266632792649055528e-03
2.267875018619020314e-03
2.266416434386885666e-03
2.265959102408690584e-03
2.267354441496122718e-03
2.266618722206378660e-03
2.265575429497811155e-03
2.264144216132475251e-03
2.262228084714504317e-03
2.263729513247958371e-03
2.263726898639634687e-03
2.260007937717491405e-03
2.262285030135806341e-03
2.259981617565401911e-03
2.262097450405977078e-03
2.257574499522112515e-03
2.257313141680066058e-03
2.256877580927113720e-03
2.260148662089905055e-03
2.259827144078585710e-03
2.262343448137053500e-03
2.257987218053511373e-03
2.260272361059856294e-03
2.262519085271186108e-03
2.257636154137162166e-03
2.257945306234437465e-03
2.259823770863681261e-03
2.260404171772497414e-03
2.260395148067909608e-03
2.259258761502161775e-03
2.259397752867392355e-03
2.257489314480630449e-03
2.257201366931942642e-03
2.259092730000554668e-03
2.259537122823024585e-03
2.260587861289337260e-03
2.262185826972986074e-03
2.265261523149029056e-03
2.263991865757384973e-03
2.265113839378506393e-03
2.264631273089270837e-03
2.264721100723353624e-03
2.262660428629099333e-03
2.267467697391833091e-03
2.262252477893664931e-03
2.266262359729423123e-03
2.262634784022329610e-03
2.266718576039937136e-03
2.268741694577107101e-03
2.264792277073523260e-03
2.265319916475559952e-03
2.261834616694217287e-03
2.265128365972843977e-03
2.266755114300917761e-03
2.262962036126103717e-03
2.267735610941303513e-03
2.271589566472311406e-03
2.271362383552298723e-03
2.269527408373094371e-03
2.271340534652228470e-03
2.271380864142432451e-03
2.270166879657912595e-03
2.270016886633882333e-03
2.267884609402003211e-03
2.268397226433708277e-03
2.269771534345573286e-03
2.265055052416364411e-03
2.271014194624395612e-03
2.271592287553901059e-03
2.274193441705728291e-03
2.274666307637636994e-03
2.272284692394592898e-03
2.268819155253195760e-03
2.268935737422566722e-03
2.269059606411084895e-03
2.269042552585289786e-03
2.268693425472370455e-03
2.267502812454334944e-03
2.273000706956676206e-03
2.273443041861829966e-03
2.277623065577797853e-03
2.279079991002152562e-03
2.278754525727277706e-03
2.278075384961413940e-03
2.276620297145663576e-03
2.272607394533079656e-03
2.273123996953940566e-03
2.273000435130735977e-03
2.272038599390992664e-03
2.270121439794707541e-03
2.273016384882947227e-03
2.269240986533409710e-03
2.274890557663724559e-03
2.270812290347125773e-03
2.273649847968938539e-03
2.274634373962681338e-03
2.275015585752865506e-03
2.272702207703304351e-03
2.271448144615618656e-03
2.274965751529207242e-03
2.271564968359433227e-03
2.274472430314921322e-03
2.269919677344399336e-03
2.266872277611511974e-03
2.269633779873003916e-03
2.268985509901618597e-03
2.266050167537843763e-03
2.268257388492493469e-03
2.273956965782427276e-03
2.269427941666954992e-03
2.271642391545327776e-03
2.270994631161352920e-03
2.268866545894189252e-03
2.274180272865360727e-03
2.271363953897089991e-03
2.269478230103801585e-03
2.270649663057830881e-03
2.270530710126251409e-03
2.270183131245624448e-03
2.269265635398192739e-03
2.273466881371900838e-03
2.269561007781823164e-03
2.273255204391134727e-03
2.272519430512735892e-03
2.272432880175391783e-03
2.273416989140914467e-03
2.274758373900574986e-03
2.275740699095254831e-03
2.270297517367712153e-03
2.271099053162527713e-03
2.266882562954914034e-03
2.265467429279172714e-03
2.263904634539246410e-03
2.266083897501591175e-03
2.264837873873246782e-03
2.264305891590382130e-03
2.268464826519392841e-03
2.267569943307716756e-03
2.266402805306097241e-03
2.264248666293846007e-03
2.264499577359704863e-03
2.263047556624800741e-03
2.258528616759394956e-03
2.257444655832987254e-03
2.259720648095136803e-03
2.255556556118842957e-03
2.256780921727861901e-03
2.251798453797295915e-03
2.254067435540444211e-03
2.251240393707739859e-03
2.259428132506725168e-03
2.256691025242664635e-03
2.255783132240170123e-03
2.256300996375360836e-03
2.254293346759950710e-03
2.253404330757362555e-03
2.255811204190300446e-03
2.255322051634895287e-03
2.257039768923122403e-03
2.256239286668054039e-03
2.259265242516360610e-03
2.254740823020434225e-03
2.255692894328126859e-03
2.254193819512156742e-03
2.259380478999315541e-03
2.259907096720947892e-03
2.259782428770878288e-03
2.257979598683586449e-03
2.257917389363115878e-03
2.257004666162014828e-03
2.257662531040850306e-03
2.255507422930479178e-03
2.251901364140903358e-03
2.255403269940999249e-03
2.256665429246863894e-03
2.253383071282300237e-03
2.251942998362330573e-03
2.249225792924953657e-03
2.249450521340519427e-03
2.252574677569633456e-03
2.254976580937299250e-03
2.250665792810033986e-03
2.251873858557016002e-03
2.254955777907409389e-03
2.249764172098287895e-03
2.250465772392089194e-03
2.244135282039253897e-03
2.244482355996929319e-03
2.248066064807761975e-03
2.250572352275798972e-03
2.249729873624948650e-03
2.253188238428197043e-03
2.254779063728104549e-03
2.255070080654272835e-03
2.253370215645201548e-03
2.253458729040395611e-03
2.251881841307519158e-03
2.254867552376523237e-03
2.257417993246065967e-03
2.257915823589598959e-03
2.253407232709244475e-03
2.252976290572487363e-03
2.251237871072166771e-03
2.253085717413526746e-03
2.251948500900388152e-03
2.257068756395932529e-03
2.256749797255903391e-03
2.259701937174621571e-03
2.255674499137202971e-03
2.256840509440616836e-03
2.254659829047324718e-03
2.253650095523890284e-03
2.252558389248161038e-03
2.249971850813387540e-03
2.251690996290421024e-03
2.254056922797785609e-03
2.253800211999877103e-03
2.255786642890842634e-03
2.258695574796151882e-03
2.257422056789038130e-03
2.257634542670513677e-03
2.258743780927102186e-03
2.256403050471649137e-03
2.255843776545999376e-03
2.252840152316361224e-03
2.250859578382622631e-03
2.248926152399981573e-03
2.251375154213366807e-03
2.253338136564555800e-03
2.253670219356157089e-03
2.253571339425526968e-03
2.257302005171961910e-03
2.253223758617924934e-03
2.255303561078510644e-03
2.254927999836345114e-03
2.255918184335016421e-03
2.258931286101619439e-03
2.258052779019337729e-03
2.259280581674647480e-03
2.259930502463360687e-03
2.261798249283505924e-03
2.261049176673541466e-03
2.261843534277722251e-03
2.261064910871221460e-03
2.260615341072530569e-03
2.262311202321933001e-03
2.259856037111477711e-03
2.260361660796282503e-03
2.264632406582004105e-03
2.267672703236013783e-03
2.265410647215280755e-03
2.266618251396841904e-03
2.265901202574947555e-03
2.266834752849916645e-03
2.266608330917914849e-03
2.266892298193390505e-03
2.271486540484471493e-03
2.270152317061696449e-03
2.269444485561595507e-03
2.270092181002646495e-03
2.263542193354822502e-03
2.267573502451363226e-03
2.269901996140464336e-03
2.268645602984133668e-03
2.268318797635505892e-03
2.268042770663263735e-03
2.265799727530094093e-03
2.269954229367875630e-03
2.268623490510734888e-03
2.272151927124917668e-03
2.271909293355177297e-03
2.273989974068355620e-03
2.276663811896384275e-03
2.276775729770985808e-03
2.275393800133079271e-03
2.275933910600594877e-03
2.274149362805768550e-03
2.276062804752003888e-03
2.273414046197201957e-03
2.272281362912341365e-03
2.275285686532121671e-03
2.272187615966714865e-03
2.270376582913951648e-03
2.271105441953442852e-03
2.272482185710456275e-03
2.274861341186879948e-03
2.278047446177603168e-03
2.279302230903037119e-03
2.275065112152215192e-03
2.275958689033522747e-03
2.281086738169914394e-03
2.279552167619960674e-03
2.283563343898301935e-03
2.282342200426471564e-03
2.286535207235712228e-03
2.287396964003127458e-03
2.286272940736622065e-03
2.286355154961990620e-03
2.287610864987244842e-03
2.283610776792220978e-03
2.284306450425053862e-03
2.283358572951845779e-03
2.284491199191785501e-03
2.283083195664584782e-03
2.285355092426603462e-03
2.284961819209239357e-03
2.287744341598825157e-03
2.289061574387263667e-03
2.289814870125966764e-03
2.290144586082867601e-03
2.286943631463731180e-03
2.286203011997544124e-03
2.282617755132181417e-03
2.284496477896206124e-03
2.283236493769133339e-03
2.282430606832145954e-03
2.279691251928980204e-03
2.281629689468666917e-03
2.278802013000755331e-03
2.275454264803902435e-03
2.276387431235861632e-03
2.274054265874172684e-03
2.276341368324420310e-03
2.271700100745263021e-03
2.272995004179060620e-03
2.273728663631860436e-03
2.273703568984831655e-03
2.271536055916517291e-03
2.273249182109825239e-03
2.271420365684128501e-03
2.274222053357071588e-03
2.277444543418202360e-03
2.276598946860734687e-03
2.277742534250916211e-03
2.277580308051767224e-03
2.278866187528853175e-03
2.279603813051634103e-03
2.281649194304566537e-03
2.285076432253012064e-03
2.282304541582507763e-03
2.285636051613730828e-03
2.287471193709777074e-03
2.285016265597118040e-03
2.282516073096882772e-03
2.282348560889912222e-03
2.282270561779233681e-03
2.281110513938875654e-03
2.277091268437601759e-03
2.282268204800764512e-03
2.280304918255349287e-03
2.284974112671144929e-03
2.287550691764668291e-03
2.285738716241552445e-03
2.283870426063526384e-03
2.286477388702105092e-03
2.285095707077177633e-03
2.283934100541127124e-03
2.286296442709385805e-03
2.280093803095849334e-03
2.281261543061849102e-03
2.277233095590099673e-03
2.277111401225672543e-03
2.276966576126954363e-03
2.274911734491835529e-03
2.275545223896648962e-03
2.282141996562093815e-03
2.279552509732128696e-03
2.282912737030627724e-03
2.285854171613495474e-03
2.285115378174260026e-03
2.279219260302900191e-03
2.278951784903624281e-03
2.281805932230797362e-03
2.280560086510330202e-03
2.276569624832930610e-03
2.275229423853408674e-03
2.273238595614182449e-03
2.276216161429615512e-03
2.276042071481887072e-03
2.275409866807968223e-03
2.275276716745806924e-03
2.276947322426088084e-03
2.280691674654072246e-03
2.278054421465859885e-03
2.281028724864012612e-03
2.277369713856753231e-03
2.282100873553182495e-03
2.277729102216216432e-03
2.277330382837508375e-03
2.281518674824573132e-03
2.278135474450236186e-03
2.275868121168344357e-03
2.278002886683058465e-03
2.278902804213749165e-03
2.278657087252265213e-03
2.277887483514884088e-03
2.271958525868321248e-03
2.277585452193091938e-03
2.279863673959365341e-03
2.279396918772035822e-03
2.280365922592777692e-03
2.278875748677166788e-03
2.278398360218091955e-03
2.278925412951787136e-03
2.278066483649754826e-03
2.279095397564207329e-03
2.279977341730692660e-03
2.281469345908917340e-03
2.279992625237354294e-03
2.280667229450254047e-03
2.276191619095783211e-03
2.275533420325610411e-03
2.276654103382762338e-03
2.273342829560887242e-03
2.277314223663082747e-03
2.275488556026676948e-03
2.277466540003773160e-03
2.279869802007401802e-03
2.280010892051881431e-03
2.280137104394411741e-03
2.278692576639322794e-03
2.277904215678023484e-03
2.275150311971126105e-03
2.279980460463796894e-03
2.279538233296584532e-03
2.279921314499745114e-03
2.279866273467268112e-03
2.279529736711135429e-03
2.283028477362367397e-03
2.277877395382240603e-03
2.283039594716845377e-03
2.278712344658491429e-03
2.283285504273483129e-03
2.279888724287968890e-03
2.283766624598016978e-03
2.280505396657925635e-03
2.281645161509679876e-03
2.283092646473717895e-03
2.283336283955878735e-03
2.286067761050765510e-03
2.288200750492431004e-03
2.285559849432850822e-03
2.289386061325838096e-03
2.285853669329730980e-03
2.290692350305194129e-03
2.286926372607077460e-03
2.288217201564498107e-03
2.290413724563485857e-03
2.288045405061100816e-03
2.286202347016408863e-03
2.285541805763577697e-03
2.282816978952745268e-03
2.282088271907725327e-03
2.282921497206239977e-03
2.282698778621151166e-03
2.284309350045746288e-03
2.283203540372002061e-03
2.281860847201703461e-03
2.283621432012525147e-03
2.280315232156145209e-03
2.279947505930719678e-03
2.284902702176462488e-03
2.283592908960968212e-03
2.288815778288237710e-03
2.285548243593334399e-03
2.286321566470658154e-03
2.287627652427908550e-03
2.286670360769171243e-03
2.288807605590351645e-03
2.286358161202026607e-03
2.288397138307777298e-03
2.289188260547443156e-03
2.292958485479197530e-03
2.288318966092754963e-03
2.289846454469496220e-03
2.290044953441928034e-03
2.289153863635150308e-03
2.292815236435759123e-03
2.294323738458395150e-03
2.296041786846808597e-03
2.294986369349944454e-03
2.291836479561559087e-03
2.291568236148434044e-03
2.292810826334435066e-03
2.295093817313861341e-03
2.294085710966706475e-03
2.292455259962980062e-03
2.297910826418058348e-03
2.297350167810039388e-03
2.300512748666997103e-03
2.302069035527176157e-03
2.301930759110740188e-03
2.297021396377391632e-03
2.299091532809988906e-03
2.299860321460231623e-03
2.301789000221097278e-03
2.305767739081106445e-03
2.302548903482965707e-03
2.307554584358573972e-03
2.303580171817992510e-03
2.300781766223873419e-03
2.299685232176581443e-03
2.299515705481087850e-03
2.296216120825659603e-03
2.300057323609533150e-03
2.295984363727265366e-03
2.291507553420671188e-03
2.292250061779000335e-03
2.295056709057556339e-03
2.292100537286974934e-03
2.293875309785114135e-03
2.292902836116531787e-03
2.291131253658976706e-03
2.291617330556049246e-03
2.292396916693710887e-03
2.292427001590359448e-03
2.290280647479999744e-03
2.294902280294990049e-03
2.291146708161663839e-03
2.289577234257158048e-03
2.284467648646456954e-03
2.286417393126016773e-03
2.289362751406817057e-03
2.289667512357289846e-03
2.286426500936790569e-03
2.286421998023617595e-03
2.287407644946974714e-03
2.289189169110706842e-03
2.289146340677270831e-03
2.294130430363927348e-03
2.292149565667255928e-03
2.291061343757737172e-03
2.291446168695322402e-03
2.290634622424901710e-03
2.290880980299931854e-03
2.292130131441897159e-03
2.293433240199951612e-03
2.290936903081171403e-03
2.293651233308827402e-03
2.291740465122208553e-03
2.292167176832784863e-03
2.292682016973348388e-03
2.292415814342877757e-03
2.292022504655108830e-03
2.289295217291507922e-03
2.287056747177583678e-03
2.292817094775599206e-03
2.291895255634405527e-03
2.288233518034490932e-03
2.288861731630493276e-03
2.292537968223355531e-03
2.287597397777685511e-03
2.289904746599341102e-03
2.294441369014502043e-03
2.293065040605298584e-03
2.294346706007936634e-03
2.288236527748647216e-03
2.287343568972816186e-03
2.289732978709901803e-03
2.286571236273289391e-03
2.287758546423090782e-03
2.287794851637987674e-03
2.288959295187425417e-03
2.288587663219078961e-03
2.289304929191224216e-03
2.288588458863240194e-03
2.282951951130562408e-03
2.282753374233291270e-03
2.283409882923189988e-03
2.285490979927112809e-03
2.285107244879602904e-03
2.286010433883947646e-03
2.288811427279893729e-03
2.290399074931564246e-03
2.289291148943216423e-03
2.287988409323126523e-03
2.286355037189901230e-03
2.286917388326168820e-03
2.288657033169462767e-03
2.290786248649367106e-03
2.290485031066580388e-03
2.291186056621459435e-03
2.290882416911191061e-03
2.291284905090894795e-03
2.286136600079391804e-03
2.288371404224856260e-03
2.287316645991660947e-03
2.291275597983370455e-03
2.288125286830249017e-03
2.291458437147385688e-03
2.292874498252439174e-03
2.293906419815749942e-03
2.294074548529509688e-03
2.293510388018610638e-03
2.290443598788034860e-03
2.291440793194041321e-03
2.288238769365259166e-03
2.287548358479689434e-03
2.289958936801239804e-03
2.288042399613061939e-03
2.290697709766057952e-03
2.290198441849351611e-03
2.287572905527216881e-03
2.288244987391557881e-03
2.288954540464294574e-03
2.289153600949313683e-03
2.291389428584787030e-03
2.288316904451463251e-03
2.290531425852488420e-03
2.288345898798939577e-03
2.288637856123276054e-03
2.283848611491295314e-03
2.286955445297055977e-03
2.285766955981842572e-03
2.284977634611894386e-03
2.282959088167241940e-03
2.283510586203183531e-03
2.282389024709453786e-03
2.281928166310639213e-03
2.278212375594488182e-03
2.275659674126644886e-03
2.274269273128609777e-03
2.274085691802463748e-03
2.274404164611504818e-03
2.278021674859388290e-03
2.275395645115185599e-03
2.274124667702435640e-03
2.277348569921528593e-03
2.277484917429638094e-03
2.278287261746077437e-03
2.280749019101132886e-03
2.277088068723892925e-03
2.279261859912063738e-03
2.278093897905315770e-03
2.279436322350500595e-03
2.280006029105514226e-03
2.279177878894077594e-03
2.277513421959303976e-03
2.276304998112446253e-03
2.274054766298067281e-03
2.275442837924670537e-03
2.278544221281824864e-03
2.277983462595344327e-03
2.277936217854279258e-03
2.276806770314009770e-03
2.279276733734917227e-03
2.280849345857574508e-03
2.280716749815096204e-03
2.279982523426945292e-03
2.282005173785133997e-03
2.279909545109981128e-03
2.276908847387760452e-03
2.280415831892289909e-03
2.278215434116277315e-03
2.274462429364583482e-03
2.277956509566297395e-03
2.278679220296217934e-03
2.282205465060715890e-03
2.278645943766418464e-03
2.278380711772227517e-03
2.278274558432513176e-03
2.278930326459864975e-03
2.275516102706557665e-03
2.278773011926444204e-03
2.276638816913469261e-03
2.281764907984392896e-03
2.280605788196173912e-03
2.278543156892740614e-03
2.275536163767372805e-03
2.276825190481248946e-03
2.275054701697077925e-03
2.278755726559798366e-03
2.278056652129840237e-03
2.280179846029475876e-03
2.277696941289092739e-03
2.279548496702939794e-03
2.281444683445531599e-03
2.283059205161408738e-03
2.279651155230781948e-03
2.278866390558899075e-03
2.276432145731162489e-03
2.277479748031289910e-03
2.279003851307158379e-03
2.281279548814788959e-03
2.278218896312353154e-03
2.278145154915546620e-03
2.277335180586193258e-03
2.276863379569290125e-03
2.275554741342356371e-03
2.276763792593360959e-03
2.279638816813257720e-03
2.279190743659563999e-03
2.281929347776970231e-03
2.281013547136201067e-03
2.281412159169638864e-03
2.279257744410133173e-03
2.278540291013373027e-03
2.275130823207814190e-03
2.277816691178456265e-03
2.276754459131681216e-03
2.274420749343214736e-03
2.272146521761739778e-03
2.273560332931837905e-03
2.273555017931734243e-03
2.269821612330395581e-03
2.267375157967436300e-03
2.271710777933096115e-03
2.273023685473762705e-03
2.272050725108867332e-03
2.276178048229227698e-03
2.270106574962738044e-03
2.271803197431393039e-03
2.268623461129997462e-03
2.267137864754366003e-03
2.268140534980405982e-03
2.268230571947971175e-03
2.270524219341296755e-03
2.268580588282536475e-03
2.267004611519816970e-03
2.266492907590634751e-03
2.266899237264551926e-03
2.266927514900954083e-03
2.269559737893355779e-03
2.266111311385466363e-03
2.270595915965490773e-03
2.267874813255092194e-03
2.270429101548494897e-03
2.269031308206772082e-03
2.266747124917537198e-03
2.271576471853161121e-03
2.268773671420117391e-03
2.269892331127587072e-03
2.269665678769558926e-03
2.271775524240315404e-03
2.273054947583617955e-03
2.272595135329075720e-03
2.274558501724181607e-03
2.277403453204102611e-03
2.276554184576952324e-03
2.278605562421598396e-03
2.278649901621078791e-03
2.279669785859703493e-03
2.277365953801197690e-03
2.279477752937038477e-03
2.277189229138942405e-03
2.278161918777053905e-03
2.281249777689451849e-03
2.277940122168495805e-03
2.279013718523826681e-03
2.278919112911530296e-03
2.278820707797816862e-03
2.278170917165391746e-03
2.275810087111699003e-03
2.273884987838128459e-03
2.274326967968161913e-03
2.279273290354437605e-03
2.277775379227880113e-03
2.275052956024454110e-03
2.272596264263326924e-03
2.271743132029544528e-03
2.273427153542917703e-03
2.277327001425575367e-03
2.272828221705994883e-03
2.276264362731027571e-03
2.274120767739596424e-03
2.273099578702117689e-03
2.268558643183726711e-03
2.267059468972201005e-03
2.264817412405846584e-03
2.266037998820243787e-03
2.266004775945095785e-03
2.266061950201272036e-03
2.265916445952618780e-03
2.268367741248968755e-03
2.265666104086404373e-03
2.266304655916146719e-03
2.268069056079644128e-03
2.270547751173272819e-03
2.271457497691151042e-03
2.270264480010420003e-03
2.272671779093753466e-03
2.270595896298240306e-03
2.267907632269531865e-03
2.266807682778333027e-03
2.268096314459318655e-03
2.266991615988913841e-03
2.267337303026100218e-03
2.268599039315707857e-03
2.268888425762542998e-03
2.269367732786283474e-03
2.270472608154935207e-03
2.268067970110683104e-03
2.270636928783275471e-03
2.270785937648087636e-03
2.267474346298863075e-03
2.269317981186772751e-03
2.271860729278370877e-03
2.269483840705356116e-03
2.270509654065449353e-03
2.270243140645254905e-03
2.268665863276297240e-03
2.270254728166384590e-03
2.265446984872581445e-03
2.259202587250998349e-03
2.259122915790483070e-03
2.258196500569780579e-03
2.263334801954413125e-03
2.262636741533438547e-03
2.265011597392327814e-03
2.266075868057535782e-03
2.261625944340144891e-03
2.266964894207204161e-03
2.263682799050500179e-03
2.266819624789166796e-03
2.268723049193228317e-03
2.269845837894180190e-03
2.266879079941330755e-03
2.269763466599851801e-03
2.265594357899949375e-03
2.266175147593411932e-03
2.266631276016732761e-03
2.268149252865650414e-03
2.267107604565778926e-03
2.268537313544145232e-03
2.267518100330653125e-03
2.265473151996306653e-03
2.265133374918840668e-03
2.267807259469084395e-03
2.264289335969774629e-03
2.268626097943885356e-03
2.266298972739846929e-03
2.266380986756249757e-03
2.265223314554461274e-03
2.267603813046648650e-03
2.268707003435419499e-03
2.266080659512576673e-03
2.265353388780551053e-03
2.263681664424481606e-03
2.263144644101321677e-03
2.261079826838455382e-03
2.262717205120968415e-03
2.260013890041374755e-03
2.261179154541396921e-03
2.261356021816737175e-03
2.266980177051474647e-03
2.263298559423159665e-03
2.266683532912460927e-03
2.267446431260778175e-03
2.268849175704605679e-03
2.268377518073806751e-03
2.268659354428326658e-03
2.267395163781321579e-03
2.267573467399760980e-03
2.263783740333977831e-03
2.269348409619145485e-03
2.270017819076745273e-03
2.269683250912088619e-03
2.270565711711629731e-03
2.272802966918437226e-03
2.274456484156530192e-03
2.272226516582598766e-03
2.269691998887398473e-03
2.268599960552582836e-03
2.266843226306011413e-03
2.268464425957372656e-03
2.268198531058550783e-03
2.269658361666397704e-03
2.268525486790640318e-03
2.271603468400162917e-03
2.273567135579771577e-03
2.271818763113847388e-03
2.275123873357113614e-03
2.272550967917369002e-03
2.272397225872885718e-03
2.278139430068809763e-03
2.273147090280282917e-03
2.272647152550093252e-03
2.271598078968156340e-03
2.271520265098379843e-03
2.268683278754828319e-03
2.266759415667916888e-03
2.265619294183180386e-03
2.261330163789430133e-03
2.261163353047607703e-03
2.264407159896870449e-03
2.262571437231324610e-03
2.260949998545834939e-03
2.266065871919996973e-03
2.262017709477086302e-03
2.260950998440685450e-03
2.261342597685643118e-03
2.263722327263266963e-03
2.262385007814184633e-03
2.262894180468127524e-03
2.263023065260244548e-03
2.261714782199685837e-03
2.264227693380126485e-03
2.262428128984603302e-03
2.259802791072007804e-03
2.260802542171127562e-03
2.262206499464477268e-03
2.262654624712253943e-03
2.263812264828899724e-03
2.258693336414819165e-03
2.261756483341439972e-03
2.261808578587817115e-03
2.258118164559809286e-03
2.259429138143539441e-03
2.260678259432623294e-03
2.261304455809823050e-03
2.261574847615181304e-03
2.261202680357958690e-03
2.260553415102107416e-03
2.259277215198924726e-03
2.259539072318735714e-03
2.256523575547871811e-03
2.258461975576930673e-03
2.256735535845215586e-03
2.257735121291038708e-03
2.260415995785823150e-03
2.260978773990547294e-03
2.258329727603729329e-03
2.259272215901113063e-03
2.259307636752279271e-03
2.253852886015414014e-03
2.258784971092045110e-03
2.256137584670009962e-03
2.258499967429103590e-03
2.257370290599610644e-03
2.256570065534483065e-03
2.255554449389331195e-03
2.258179196089726403e-03
2.256950821672872292e-03
2.258680108693023221e-03
2.256641150611562487e-03
2.260345220722842757e-03
2.258697045508397012e-03
2.257024104069437799e-03
2.260943443336142170e-03
2.266306351343075343e-03
2.263689190884338003e-03
2.264517951686241277e-03
2.261897478774299846e-03
2.263484396243374986e-03
2.264330206896835330e-03
2.266906583043671024e-03
2.266015488586755819e-03
2.264467019174700065e-03
2.264465896130086597e-03
2.267969261147057426e-03
2.265154816050311219e-03
2.267801778197727890e-03
2.265222081446929391e-03
2.266941814628492882e-03
2.268459064890465844e-03
2.264369039949522440e-03
2.265447060287100692e-03
2.260226372310492060e-03
2.263362756533559422e-03
2.260587472469434336e-03
2.263703354658696230e-03
2.258592307670071516e-03
2.257698218487676125e-03
2.252055465501095772e-03
2.249266845386096829e-03
2.249735281490637760e-03
2.248566744048064066e-03
2.246697601779618515e-03
2.245397408934707382e-03
2.245629432778743252e-03
2.243800270019318758e-03
2.244022551234890230e-03
2.243714061766636896e-03
2.243872474005475549e-03
2.248580280475941974e-03
2.246973986184695304e-03
2.251593469149528771e-03
2.248481702688634801e-03
2.249507798260818540e-03
2.247978839206993696e-03
2.244685189423118420e-03
2.245308234600905221e-03
2.246640772337102094e-03
2.248594685296069050e-03
2.252394827401943411e-03
2.251822573409957649e-03
2.252296967744409767e-03
2.256619903032206810e-03
2.250603511377518781e-03
2.249439586486338006e-03
2.252894999542340900e-03
2.253303067461905757e-03
2.253430943401166925e-03
2.256298365785625211e-03
2.257075273993604594e-03
2.257876186039598897e-03
2.254110786941090992e-03
2.256164379541447922e-03
2.255213539163481926e-03
2.254597656237740909e-03
2.252662206094234020e-03
2.252919517029204535e-03
2.254801836431724518e-03
2.249538714605988244e-03
2.254173495021399680e-03
2.251943698488602635e-03
2.257031091005521749e-03
2.257540450634549362e-03
2.255744657403032250e-03
2.252825102499704003e-03
2.253553420904326737e-03
2.255279600102983156e-03
2.253334783248122242e-03
2.255393846471030923e-03
2.258998895800175266e-03
2.256493752780130372e-03
2.256066898379798218e-03
2.254934855061696466e-03
2.256044603352381529e-03
2.255578229433602595e-03
2.254101642248657143e-03
2.255542143320107221e-03
2.252577998925474421e-03
2.252913361017375334e-03
2.253327080667618700e-03
2.254805688260760801e-03
2.258721308017530311e-03
2.256036187682186091e-03
2.261907208478048693e-03
2.260420286613251326e-03
2.257715484211022822e-03
2.259143498302896257e-03
2.255858118439585305e-03
2.253407364934980912e-03
2.257604261606559626e-03
2.257030984943006642e-03
2.257170625022678328e-03
2.261168058800403381e-03
2.260744494427346582e-03
2.258155064414236503e-03
2.258245261762862558e-03
2.255206379109795257e-03
2.256004438704458867e-03
2.258129086512618029e-03
2.257473430024404398e-03
2.257880007483572225e-03
2.260029154274595040e-03
2.262914779044316021e-03
2.264305073671752169e-03
2.262231363974149395e-03
2.266369385215823932e-03
2.263760015689269840e-03
2.264541244708710883e-03
2.257745262434406042e-03
2.260267576998059840e-03
2.259316837289103864e-03
2.256485390757221200e-03
2.260096277205023325e-03
2.261110420797594455e-03
2.262524358917789285e-03
2.263475592956442663e-03
2.266064991835932321e-03
2.265523766015443106e-03
2.267185205546458880e-03
2.268967079555548119e-03
2.264389718965392328e-03
2.267396817784527244e-03
2.268003569063660550e-03
2.265296028197586603e-03
2.266236879471584566e-03
2.267187268169756735e-03
2.267704219179221374e-03
2.265030707412637491e-03
2.266047062530582908e-03
2.265372029580101695e-03
2.266669554747668177e-03
2.266971820774161313e-03
2.266107697870007719e-03
2.266818789315097095e-03
2.264744705197316299e-03
2.266220718474181405e-03
2.265144978382481120e-03
2.265486557057468445e-03
2.264802794644939481e-03
2.265056424136363284e-03
2.264117913457629368e-03
2.262593499384763385e-03
2.264040586342568832e-03
2.261280608596197804e-03
2.262617790248927681e-03
2.259868500395837126e-03
2.260609228106024316e-03
2.261760576640410580e-03
2.261950235554710271e-03
2.261926394558934610e-03
2.263842535412619907e-03
2.263843337967932912e-03
2.265721498209232170e-03
2.270399082882728660e-03
2.274057247545814477e-03
2.269061570811964270e-03
2.269664836508545388e-03
2.272373272199539225e-03
2.272362757878730252e-03
2.274241153400713769e-03
2.272338326909090992e-03
2.274986744167006338e-03
2.274789576064125372e-03
2.277999657816842400e-03
2.277019925623014786e-03
2.278678616804450958e-03
2.280812475436302857e-03
2.279973539556329979e-03
2.280508233213135103e-03
2.281573151797060446e-03
2.280677099973362973e-03
2.280968125998655057e-03
2.283049801620062099e-03
2.285310212402572125e-03
2.287193758016323186e-03
2.282822505384335832e-03
2.281325855435779783e-03
2.282618803334578259e-03
2.283329486461273782e-03
2.283565920829749244e-03
2.281522095136549050e-03
2.281935108595374139e-03
2.280178458083853294e-03
2.278375046318682848e-03
2.273058861673434537e-03
2.272825314320890949e-03
2.275637795366772503e-03
2.279253908182718013e-03
2.280888593892417462e-03
2.280020287943940183e-03
2.278953323820874857e-03
2.282063277839726893e-03
2.276784665760548266e-03
2.278560086371634458e-03
2.277967149724973838e-03
2.276979369606859163e-03
2.278427960275510120e-03
2.274820799398031158e-03
2.274075834508880803e-03
2.277354820182363095e-03
2.274239905945826552e-03
2.272161663789441788e-03
2.273011148564903130e-03
2.273943200446860557e-03
2.270477951028272538e-03
2.271399052172007500e-03
2.272184246441667430e-03
2.276525080114835935e-03
2.273756575173689534e-03
2.277982451948492096e-03
2.277846939818722882e-03
2.277661605089990101e-03
2.277609089351582006e-03
2.275220499068813726e-03
2.278004745061384256e-03
2.277652549545676995e-03
2.279939074596635216e-03
2.278536508389829209e-03
2.280029124321419735e-03
2.278699699470655357e-03
2.281064244691563200e-03
2.283091679475730135e-03
2.279289147276874171e-03
2.277666110783030124e-03
2.277963025170253505e-03
2.276585713498882613e-03
2.276083740527489081e-03
2.276700093677655901e-03
2.278447997484119893e-03
2.277726490903285352e-03
2.279371996053503654e-03
2.280922974836345658e-03
2.278976766227568205e-03
2.282046011059794821e-03
2.280192023972989288e-03
2.286195248854709389e-03
2.282734310495984631e-03
2.284894618876008587e-03
2.283076457114761610e-03
2.281157828651706951e-03
2.281698204712146946e-03
2.275417236296471604e-03
2.277026367129707848e-03
2.279309015514199496e-03
2.276223888548044565e-03
2.276582234575439019e-03
2.277611263295989310e-03
2.271903664872825229e-03
2.270358448538928320e-03
2.269498905277377802e-03
2.267763193882871894e-03
2.270547385790689689e-03
2.267076277829591178e-03
2.266811841310732972e-03
2.269914372307328676e-03
2.268674117094177708e-03
2.268569403992199730e-03
2.272687166673392333e-03
2.268065179848250540e-03
2.271016245876509524e-03
2.271780084807556530e-03
2.269574906153841096e-03
2.270682988697288532e-03
2.270981212552177289e-03
2.267430348153215425e-03
2.265764951995483285e-03
2.264265891363427194e-03
2.268250232648481076e-03
2.265631577906686202e-03
2.266372819847392237e-03
2.266791845131871808e-03
2.270172932420812424e-03
2.267122180537811584e-03
2.267497725708069421e-03
2.270816823233743481e-03
2.272784353919574118e-03
2.272327252222092805e-03
2.273963269644191463e-03
2.274539494944847594e-03
2.276346916872415502e-03
2.274749119951167877e-03
2.276897932866479325e-03
2.273323376340007605e-03
2.274405223104164660e-03
2.273692084239336761e-03
2.271241498367963449e-03
2.274669235710788124e-03
2.277106230685278700e-03
2.276891754137085316e-03
2.277374379084025433e-03
2.273066038708306761e-03
2.275517658340657935e-03
2.278915368819038959e-03
2.275761471497754311e-03
2.273050194221984833e-03
2.272235686096314797e-03
2.273494383670534181e-03
2.273556571285517518e-03
2.273690930682590976e-03
2.274520532597627386e-03
2.275579336346325587e-03
2.275331056448833249e-03
2.272732249211512935e-03
2.275365253805405625e-03
2.272983921548899378e-03
2.274179899952898098e-03
2.272841775405209062e-03
2.275819782900620741e-03
2.277290730855680619e-03
2.276085649522996759e-03
2.279117562318497096e-03
2.273854979458226830e-03
2.277008917086321450e-03
2.279069927497629801e-03
2.278826085071982300e-03
2.275703824996547220e-03
2.279083979921512314e-03
2.280063031076396806e-03
2.279826011848358654e-03
2.278501706051760511e-03
2.282236153474623622e-03
2.281097070720465234e-03
2.281751730309227854e-03
2.284404409494176710e-03
2.283868328460874914e-03
2.283630657342703308e-03
2.284715254266068366e-03
2.285332977031150157e-03
2.285220668511948189e-03
2.285473187457024401e-03
2.285737609003911028e-03
2.283564846982655099e-03
2.282303215059129208e-03
2.283804319362530300e-03
2.283876299082499440e-03
2.284780244073501571e-03
2.283231238265235382e-03
2.280466897911785813e-03
2.285696668665252330e-03
2.287393288871340455e-03
2.281844559168645301e-03
2.284900350542727523e-03
2.282103481983662786e-03
2.287157167516575430e-03
2.284670642306653107e-03
2.285802502606131166e-03
2.283824384289925239e-03
2.283681000279054636e-03
2.284313110923846986e-03
2.286108914185402095e-03
2.285560170706836536e-03
2.283014565470720906e-03
2.284290452129812340e-03
2.282530301553134088e-03
2.280557237200193411e-03
2.279927770945731902e-03
2.282742935567531363e-03
2.282209402862779915e-03
2.284115642419934714e-03
2.285374421208148828e-03
2.286808043086474042e-03
2.292048669375624896e-03
2.290539259339446909e-03
2.292294278883902792e-03
2.292441834235754358e-03
2.292278455103052923e-03
2.293401784617416211e-03
2.291851013224082984e-03
2.290609644055378782e-03
2.289102416968160410e-03
2.291629900782349207e-03
2.292951241842454586e-03
2.294994584102723074e-03
2.298419018653992309e-03
2.297390535051337286e-03
2.300703017044884030e-03
2.303458584794262042e-03
2.299198036985405751e-03
2.302835922906526413e-03
2.304165075295073507e-03
2.304172396872768754e-03
2.301016124937714166e-03
2.300246904030388024e-03
2.298953863033867309e-03
2.299273314232510353e-03
2.299513150514410822e-03
2.301378266393382804e-03
2.299245459134768074e-03
2.298032227504438231e-03
2.297894463945060733e-03
2.295495886000821582e-03
2.297195787100696825e-03
2.295028934718423494e-03
2.293711977619142250e-03
2.295694182469754617e-03
2.294712980309261685e-03
2.292767780548107294e-03
2.289505070446714273e-03
2.292091242846257433e-03
2.289237553486392959e-03
2.287983622883676873e-03
