3.938089569531641118e-03
3.938089569531641118e-03
3.399493157987107297e-03
3.178726067917682970e-03
2.870810677501481681e-03
2.690459906557436404e-03
2.544195834825380229e-03
2.436411467748970938e-03
2.358566684769216465e-03
2.288914135813168403e-03
2.226789664882436286e-03
2.160656265937161563e-03
2.123955808089190034e-03
2.085411309348673102e-03
2.036419360834293684e-03
2.017602878981727098e-03
1.989018625353271286e-03
1.940786023049009216e-03
1.908655667847324738e-03
1.883837189078551829e-03
1.859495996787603484e-03
1.848187438673714374e-03
1.827613233305480471e-03
1.804202220150350833e-03
1.791559068819507028e-03
1.761407688290153595e-03
1.748577475586489969e-03
1.717042234720839340e-03
1.683747771979356503e-03
1.669389141949970731e-03
1.637547478923682661e-03
1.625071047329084946e-03
1.593183122446652613e-03
1.560575395199571662e-03
1.573850111357002297e-03
1.529020382547484650e-03
1.534012091267616690e-03
1.494351104776710194e-03
1.510010712765703879e-03
1.471190959897168520e-03
1.486986941107254229e-03
1.460393823078662452e-03
1.463915577942496472e-03
1.434916220988466731e-03
1.415801463791881805e-03
1.403824650889503667e-03
1.391957050294896376e-03
1.414108671907662613e-03
1.403225666758866784e-03
1.403383615004038382e-03
1.401621046632001892e-03
1.442851382477095771e-03
1.435983755003987982e-03
1.454119972157016591e-03
1.417009213131425159e-03
1.488657546574500071e-03
1.458370362383569182e-03
1.587420202341995783e-03
1.615921488910720266e-03
1.701771199059599893e-03
1.714501347545846271e-03
1.767556667717253005e-03
1.837632514500396998e-03
1.870648576286524723e-03
1.890890051932944812e-03
1.919228925254742001e-03
1.940139294171309937e-03
1.931623980138589582e-03
1.981447187755752248e-03
1.985572170527889670e-03
2.027713576688476918e-03
2.036814759793545426e-03
2.123754608385058744e-03
2.155744578555726567e-03
2.219906858477413078e-03
2.225651883133302530e-03
2.260115190759104734e-03
2.279923006790135400e-03
2.257327085298945803e-03
2.266817704550455267e-03
2.270451235055075817e-03
2.290575382885254741e-03
2.253266468393162227e-03
2.277717333557878650e-03
2.278258940125726419e-03
2.310537011870294772e-03
2.282742549634286366e-03
2.305720823011556293e-03
2.319575263642963733e-03
2.337982584480296794e-03
2.373928184044606787e-03
2.409017617736095625e-03
