3.967177345828656193e-03
3.967177345828656193e-03
3.688359855227372856e-03
3.554002715876739514e-03
3.355041089994165344e-03
3.200338492910890544e-03
3.072047317460272538e-03
2.978120727438977877e-03
2.881621971377913011e-03
2.776472389085689763e-03
2.715894371173315554e-03
2.644572063792935759e-03
2.581879673801441323e-03
2.519952921275762491e-03
2.464873191542274033e-03
2.403324515201893385e-03
2.356101066108323011e-03
2.306188140425491362e-03
2.264622176232014214e-03
2.221968283885283283e-03
2.178924380794857937e-03
2.138550811018153589e-03
2.113704995680529882e-03
2.086382355735310473e-03
2.062438025945521978e-03
2.036988735926485976e-03
2.012521436109123395e-03
1.983885184810611595e-03
1.962432191729693385e-03
1.930519402235774534e-03
1.907604799847786121e-03
1.885080558975215639e-03
1.864455296137714282e-03
1.844172793485603871e-03
1.829732874174333545e-03
1.820488905049897537e-03
1.795381343649907115e-03
1.782590920475060452e-03
1.763614851786732014e-03
1.749350518870486934e-03
1.733690547396637104e-03
1.722896182041272917e-03
1.708250387184934637e-03
1.688231592112000379e-03
1.673623062252051338e-03
1.659920704565944708e-03
1.658056835023987005e-03
1.643936168216203475e-03
1.640760708281750312e-03
1.626215417845423708e-03
1.616157091787408413e-03
1.606501650345327700e-03
1.590196667219370566e-03
1.580307375199724133e-03
1.564164092958126922e-03
1.563518060260281860e-03
1.546601557928549810e-03
1.541918376171642424e-03
1.532416403054913867e-03
1.520578320673002769e-03
1.513178609341222667e-03
1.504717272132080792e-03
1.498575519471057570e-03
1.491341003614261862e-03
1.483964820707206998e-03
1.473841801067740827e-03
1.465774934298734716e-03
1.456865801530242248e-03
1.450904574376382216e-03
1.449286343438280136e-03
1.437570483502915216e-03
1.437194788122353548e-03
1.428968339919506250e-03
1.431794962313875626e-03
1.419799765155661721e-03
1.427254039231307201e-03
1.421684823296839872e-03
1.422720832197342002e-03
1.420205184164903935e-03
1.418138771437903786e-03
1.421666805057616740e-03
1.413361534572489921e-03
1.408883120351449173e-03
1.404582753693299100e-03
1.397451789735854478e-03
1.398975562822306990e-03
1.394348883408978463e-03
1.392702414115775528e-03
1.388123964183501924e-03
1.385738607023293901e-03
1.381425519972727346e-03
1.382853551560378610e-03
1.376790442237684538e-03
1.377091124763436987e-03
1.365162520743181925e-03
1.365299804069958342e-03
1.366032559359383778e-03
1.358926795201667419e-03
1.351032727871417276e-03
1.349119432991283639e-03
1.343038240276026897e-03
1.346337692067425904e-03
1.348065802896911353e-03
1.350985666608446037e-03
1.356325849099197008e-03
1.354028373849837114e-03
1.354021732411147096e-03
1.357892082470954194e-03
1.362745666048698675e-03
1.359889014654303355e-03
1.356388067577665290e-03
1.360461959327870490e-03
1.355342992707103201e-03
1.356964431104966179e-03
1.358952194791951743e-03
1.350017060077789979e-03
1.349890761571391094e-03
1.341303560006349956e-03
1.337988420721888776e-03
1.342124100304279951e-03
1.339462934073030759e-03
1.336006900684520932e-03
1.334108861066687001e-03
1.341276759005521164e-03
1.343549108899268598e-03
1.345531907225593548e-03
1.341873375461926678e-03
1.345981878357685848e-03
1.347717207380563255e-03
1.351026643332260257e-03
1.352984699928453955e-03
1.348544262205596993e-03
1.352014446374412383e-03
1.361755130602609757e-03
1.354640388078179672e-03
1.368529834370395314e-03
1.356671153148213344e-03
1.360629630929433833e-03
1.364216308851819680e-03
1.359758040551732085e-03
1.365811881610217316e-03
1.361029709095725425e-03
1.363552353645046270e-03
1.365322275138616511e-03
1.363319678444663936e-03
1.367920698175793337e-03
1.376207353483175624e-03
1.377791618255736275e-03
1.392599493005020062e-03
1.397494913966840571e-03
1.401802138011817855e-03
1.396961843614288401e-03
1.406327015958179624e-03
1.403197126563140084e-03
1.414747669926587782e-03
1.412960564567079282e-03
1.421138074335759295e-03
1.429451778891156202e-03
1.430308687069240187e-03
1.439157511413807506e-03
1.435729587183275048e-03
1.435898041401840195e-03
1.437137080616954308e-03
1.450586189162605738e-03
1.446592812214848129e-03
1.449034607546797896e-03
1.450937171639701600e-03
1.449679490119549488e-03
1.454185403820318096e-03
1.458456739603429400e-03
1.460926512293206098e-03
1.456267180782751854e-03
1.461007992812355825e-03
1.457485604291892901e-03
1.466254128489177366e-03
1.471033297572552599e-03
1.471136865139401799e-03
1.466253769058615663e-03
1.469915596058346801e-03
1.473316008380561558e-03
1.480438812021586193e-03
1.479802933051306037e-03
