3.952215232752796445e-03
3.952215232752796445e-03
3.909791010385062736e-03
3.883423997702454937e-03
3.848029689938674974e-03
3.818063166460924918e-03
3.791493652338539903e-03
3.765890797604989904e-03
3.742186080055907860e-03
3.716476183988066343e-03
3.692541999771438519e-03
3.670345960496583081e-03
3.643805586991693928e-03
3.618184748637279756e-03
3.597908187572895506e-03
3.575888586990604284e-03
3.553696530040879528e-03
3.534367879812317682e-03
3.516109721986283593e-03
3.496732904286828370e-03
3.478507856739930341e-03
3.460903333433462681e-03
3.443683429391066007e-03
3.427207924104127244e-03
3.410024424094144566e-03
3.392116336575455148e-03
3.374587442181768704e-03
3.358953038994344237e-03
3.343742325389172012e-03
3.327752799543534472e-03
3.311991769789969856e-03
3.296277843365862624e-03
3.280882478720060277e-03
3.265858435704135920e-03
3.250135263230704077e-03
3.233600598699077830e-03
3.217646857756925605e-03
3.201946680134752556e-03
3.186537724388894492e-03
3.171362493269018566e-03
3.157646031298597025e-03
3.145110442555735554e-03
3.132651231985789705e-03
3.119919839432284611e-03
3.106684524108190622e-03
3.093075953619304434e-03
3.078875765520374102e-03
3.064547398895325556e-03
3.051301469265473888e-03
3.039077517661083108e-03
3.026959717011291993e-03
3.015564764371243042e-03
3.003732258952059725e-03
2.991608269385931732e-03
2.979813359750128118e-03
2.968312013958189065e-03
2.956921743283974675e-03
2.945680953123987721e-03
2.933720231775813290e-03
2.922267437556604324e-03
2.911022731411304874e-03
2.900719010866420998e-03
2.890220295183512384e-03
2.879661823554752545e-03
2.869167056504908116e-03
2.859076812716236649e-03
2.848602182877924601e-03
2.838648288574932219e-03
2.828367952846620216e-03
2.817020801321640493e-03
2.805336572751618990e-03
2.793158405487853376e-03
2.781906738826998068e-03
2.771243653279891177e-03
2.759244204966458409e-03
2.748472430218874916e-03
2.737275721826254102e-03
2.725727685972496525e-03
2.714166982735688460e-03
2.703488238102768389e-03
2.692577698164535550e-03
2.681447025898780947e-03
2.670069706683375187e-03
2.659378460267069685e-03
2.649004979205588518e-03
2.638822374610542976e-03
2.629160420204315098e-03
2.618688194433971186e-03
2.608700368352336735e-03
2.598675012419596978e-03
2.588974230945270249e-03
2.578933139767030248e-03
2.569893799253290465e-03
2.562044784385611885e-03
2.554867322846649750e-03
2.547148655183860237e-03
2.539063942767896993e-03
2.531109996011287038e-03
2.523052098423490298e-03
2.514529028070672679e-03
2.505596585759843967e-03
2.496038257178803330e-03
2.487018266446706406e-03
2.478717071840024887e-03
2.470144683366780336e-03
2.461079645856074048e-03
2.452057982138002544e-03
2.443876423397633134e-03
2.435906783544050658e-03
2.427156649297777628e-03
2.418961647456484548e-03
2.410481731807721968e-03
2.401562802718949785e-03
2.393424085496186418e-03
2.385472414774415795e-03
2.377561867307832148e-03
2.368632330114256966e-03
2.360124168229646695e-03
2.351532895008431445e-03
2.343711385557546018e-03
2.335624257237350464e-03
2.327725371855661821e-03
2.319795759206399934e-03
2.312246698968877141e-03
2.304743494400326390e-03
2.297524122837201355e-03
2.290327000073948214e-03
2.283601596877589141e-03
2.276275868138238293e-03
2.269086375134486862e-03
2.262280451778712724e-03
2.254949056569800509e-03
2.247938264815389775e-03
2.241112172320230533e-03
2.233679901546789612e-03
2.225503685722050092e-03
2.218119179832952950e-03
2.211308250230421824e-03
2.204339025177399266e-03
2.197413436924330540e-03
2.190745050191256552e-03
2.184229878572440265e-03
2.177519697438545006e-03
2.170551971560664983e-03
2.163955144622831898e-03
2.157738711102255395e-03
2.151475481695087379e-03
2.145446702392968946e-03
2.139148643821224202e-03
2.133056635831554002e-03
2.127131731841444204e-03
2.121071174372631766e-03
2.115473435158380777e-03
2.109887246591547923e-03
2.104132657530844320e-03
2.098157086358051152e-03
2.092668741094894438e-03
2.088284944575201623e-03
2.083290153992347748e-03
2.078292686368212513e-03
2.073169461785376137e-03
2.066919647010628195e-03
2.060454211835371051e-03
2.054752229147489579e-03
2.049395427602430323e-03
2.044347705550285908e-03
2.038694648297000901e-03
2.032699073735040433e-03
2.026642974452925842e-03
2.020388754053829058e-03
2.013966704009233569e-03
2.008424225918013437e-03
2.002686855116336297e-03
1.997207988274105755e-03
1.991943595010006035e-03
1.986427065653844585e-03
1.981282116033602006e-03
1.976820268049128259e-03
1.972491818303825570e-03
1.967392806998631213e-03
1.961896460706189643e-03
1.956791166935655229e-03
1.950720365802055935e-03
1.945676380083668014e-03
1.940655554790824073e-03
1.936157906395639949e-03
1.931481429999663347e-03
1.926306031348271660e-03
1.921571778721199893e-03
1.916679220107177836e-03
1.911488162315837453e-03
1.906883093713527882e-03
1.902606962013315408e-03
1.898682367285184532e-03
1.894848097343370535e-03
1.890836453095960396e-03
1.887029180107689099e-03
1.882509068691153769e-03
1.877701931237823032e-03
1.872869305027345058e-03
1.869289154105751704e-03
1.865972756397235024e-03
1.862373827207929175e-03
1.858414853965578446e-03
1.854340788781298202e-03
1.850067190548011992e-03
1.845798511888045029e-03
1.841989704261374084e-03
1.838097394789567265e-03
1.834158121095331691e-03
1.830007014442706611e-03
1.826004592301844502e-03
1.821602411424650715e-03
1.817513468041034082e-03
1.813977799786502471e-03
1.810999565378763323e-03
1.807436607858932181e-03
1.804283672889617348e-03
1.800379717469139610e-03
1.796421606850013468e-03
1.792690370331308366e-03
1.789165903068884759e-03
1.785805136809720138e-03
1.782313621010620094e-03
1.778963904221828865e-03
1.776012677705917633e-03
1.772613100231619368e-03
1.769345877574906266e-03
1.766263429018088754e-03
1.762975649832862392e-03
1.759963820307424657e-03
1.756668774504776794e-03
1.753922158968434977e-03
1.751452851564203831e-03
1.749183889750398433e-03
1.747047577400539543e-03
1.744537635324574414e-03
1.741828411934983906e-03
1.739445399469154857e-03
1.736346812139720431e-03
1.733309239248054462e-03
1.730668298895649210e-03
1.728000624976154314e-03
1.725416445015645660e-03
1.723127581375911250e-03
1.720911267109250398e-03
1.718186897212145309e-03
1.715710120622267881e-03
1.713387962256724632e-03
1.710797798031901858e-03
1.708178256293965734e-03
1.705500792046549209e-03
1.702817210921004753e-03
1.700163159240028693e-03
1.697185265039686955e-03
1.694147379109461286e-03
1.691319845032163106e-03
1.688060435421386354e-03
1.684521998247311223e-03
1.681772601360431718e-03
1.678738652922984057e-03
1.675949620196025541e-03
1.673247424498781064e-03
1.670792304628107398e-03
1.668432433769640941e-03
1.665934209868121137e-03
1.663655176542717723e-03
1.661453571193756374e-03
1.658936729324023227e-03
1.656174442794287405e-03
1.653659680128771476e-03
1.650945267105575522e-03
1.648557457350461036e-03
1.645991861721824399e-03
1.643652187752132638e-03
1.641520092203045808e-03
1.639517577885801118e-03
1.637338853337927565e-03
1.634910659129353364e-03
1.632902933623876437e-03
1.630388488067086505e-03
1.627981115501636817e-03
1.625329843099249062e-03
1.622745115175192824e-03
1.619819533072900048e-03
1.617389200971254722e-03
1.614744314634521767e-03
1.612231264479810008e-03
1.609657451799143251e-03
1.607390220742398743e-03
1.605135574518226117e-03
1.602575384598216735e-03
1.599750367999003926e-03
1.597597159278736764e-03
1.595194239486320614e-03
1.593706135373026663e-03
1.591630521553590158e-03
1.590040523963225485e-03
1.588165640694604898e-03
1.586263737689054890e-03
1.584530162490304424e-03
1.583023282407952518e-03
1.581089378322466169e-03
1.579609316046493277e-03
1.577864831343664702e-03
1.575921038063572135e-03
1.573723459255421848e-03
1.571807008215065065e-03
1.569035470800737245e-03
1.567256827306955742e-03
1.564910625840599699e-03
1.563264711583290745e-03
1.561269194916785515e-03
1.559040614502230169e-03
1.556641748695415011e-03
1.554558847629267061e-03
1.552635156271950367e-03
1.550855262225034727e-03
1.548657572557792135e-03
1.546709663527085551e-03
1.545141997114759559e-03
1.542847334422578357e-03
1.540716649327646256e-03
1.539058433427035414e-03
1.537262151125221455e-03
1.535321282569409142e-03
1.533792320712292412e-03
1.532257537897799846e-03
1.530870192322140782e-03
1.529391341942837063e-03
1.527831001673817229e-03
1.526548465778511431e-03
1.525510455244507126e-03
1.524359149017274519e-03
1.522714729534616626e-03
1.521660350149432218e-03
1.520402036484325018e-03
1.519009771796418209e-03
1.517652167859531373e-03
1.516372806014044993e-03
1.515169466956934078e-03
1.514086167805149107e-03
1.512622102675424945e-03
1.511415569824926504e-03
1.509832417266619708e-03
1.508245264203262204e-03
1.506865913865059175e-03
1.505289665614835751e-03
1.504629590142843179e-03
1.503601197753522351e-03
1.502501210510439862e-03
1.501355068715951990e-03
1.500376885458948881e-03
1.499298801371381400e-03
1.498379531321966662e-03
1.497193659613175456e-03
1.496107648800556675e-03
1.494992563959160296e-03
1.493917265591592977e-03
1.493144986645842352e-03
1.491889352586698919e-03
1.490425768682742541e-03
1.489342060919913915e-03
1.487644845629692994e-03
1.486196651844372491e-03
1.484340758717864585e-03
1.482992745772946253e-03
1.481356367715838110e-03
1.480212942876592405e-03
1.479765116235504368e-03
1.478812821106622721e-03
1.477527388464438748e-03
1.476463358961774058e-03
1.475582114286904832e-03
1.474404164874209460e-03
1.473244440346746986e-03
1.472576495579514455e-03
1.471563062720967477e-03
1.470577473589593362e-03
1.469797723337191693e-03
1.469053833883207606e-03
1.468263584804411961e-03
1.467532881467846105e-03
1.466602409046651595e-03
1.465718825038338615e-03
1.464447332930102989e-03
1.463173085318093423e-03
1.461542723658775834e-03
1.460249094107299696e-03
1.458722984288377553e-03
1.457183792554954957e-03
1.455775329096805444e-03
1.454719677646439547e-03
1.453328821681946484e-03
1.452365763474969609e-03
1.451146725643136671e-03
1.450065047318855596e-03
1.448808053869470730e-03
1.447986303180349597e-03
1.446902805852973671e-03
1.446029441696251557e-03
1.444849541237711770e-03
1.443568656564000541e-03
1.442904197040710199e-03
1.441776643550890611e-03
1.440849382584586313e-03
1.440071713363803591e-03
1.439190827006540420e-03
1.438172691414114695e-03
1.437580767259079339e-03
1.436733876401188534e-03
1.435783970096341303e-03
1.435249419608650764e-03
1.434455098828105266e-03
1.433768757302972480e-03
1.433086372752038085e-03
1.432689316994338125e-03
1.432085850911313674e-03
1.431268815254988815e-03
1.430607027648513442e-03
1.429740217297885722e-03
1.428268143341138554e-03
1.427512023326520541e-03
1.426674517959319486e-03
1.425049993603172459e-03
1.424089720767722110e-03
1.422860677246894382e-03
1.421803043348609987e-03
1.420910677685832636e-03
1.419879781596228470e-03
1.418870742326117703e-03
1.418174159773167480e-03
1.417578933565903469e-03
1.417051525281016067e-03
1.416721651415252378e-03
1.416295276582662513e-03
1.416097079619981023e-03
1.415678805989916160e-03
1.415198201631594991e-03
1.414996918004315972e-03
1.414715961566300525e-03
1.414220196379121402e-03
1.413832843139653864e-03
1.413336512322338478e-03
1.412842688562501812e-03
1.412776190563467919e-03
1.412430922978446819e-03
1.412231793041899414e-03
1.411792210381028392e-03
1.411440626262245104e-03
1.411360482875371157e-03
1.411265484842486560e-03
1.411016969490765409e-03
1.411041329505221750e-03
1.411180482152842117e-03
1.411511812825138202e-03
1.411749131236624986e-03
1.412243537256484402e-03
1.412180582447995075e-03
1.412539953852493283e-03
1.412533992350176746e-03
1.412860591494520188e-03
1.413193281017577135e-03
1.413091010286519683e-03
1.412890717911410203e-03
1.412940187433071567e-03
1.412478467574972227e-03
1.412497152420932617e-03
1.412273385093231089e-03
1.411617454319239557e-03
1.410901476921736907e-03
1.410231826575243002e-03
1.409429938761654804e-03
1.408751857367634324e-03
1.407831107429688422e-03
1.407049837337460713e-03
1.406417999581694193e-03
1.405764722096417918e-03
1.405470744710585543e-03
1.404956007467363056e-03
1.404603119614474503e-03
1.404031765741020751e-03
1.403706945397360881e-03
1.403751411208917785e-03
1.403493325061278907e-03
1.403218598875159446e-03
1.403047635336037401e-03
1.403180035677079746e-03
1.402950506024123242e-03
1.402674240193038874e-03
1.402563382325454616e-03
1.402588540477337333e-03
1.402698500313503266e-03
1.402581022535171395e-03
1.402697758873982159e-03
1.402472776789821145e-03
1.402450236188817817e-03
1.402222614657941792e-03
1.401802623555092929e-03
1.401526718925261931e-03
1.401071131200475875e-03
1.400098920595877752e-03
1.399368326431096789e-03
1.398677832286625983e-03
1.398087982917713265e-03
1.397106432164797176e-03
1.396346381989176967e-03
1.395467603208889367e-03
1.395103887235010689e-03
1.394588272618958432e-03
1.393892467202862643e-03
1.393530303398004882e-03
1.392733878729306932e-03
1.392195703572293025e-03
1.391795923650720936e-03
1.391357936910809752e-03
1.390673282405421136e-03
1.390303699331726928e-03
1.390177983397503873e-03
1.390131296700852217e-03
1.390033352524386572e-03
1.389409261401592082e-03
1.389322426574709710e-03
1.388959520779447501e-03
1.388431796723351656e-03
1.388072948447491945e-03
1.388173318574877340e-03
1.387534761195634682e-03
1.387579911608942526e-03
1.387277189038858046e-03
1.386659966122309046e-03
1.386204376068364639e-03
1.385444969431680762e-03
1.384905351226074343e-03
1.384381596069683045e-03
1.383965776601895226e-03
1.383714898250815823e-03
1.383236350873860276e-03
1.383004094136363812e-03
1.382666213435503923e-03
1.382326765456665194e-03
1.381477087896042536e-03
1.380706137016219758e-03
1.379956817041330533e-03
1.379254503455438043e-03
1.378982380347818729e-03
1.378547716844965264e-03
1.378194949378177539e-03
1.378001642163777024e-03
1.377580712288118889e-03
1.377228486634245576e-03
1.376624937463489769e-03
1.376315729726931359e-03
1.376079015324238727e-03
1.375507225434723178e-03
1.375031089542081081e-03
1.374375496483153363e-03
1.373560411245724339e-03
1.373051186276127902e-03
1.372724532801908575e-03
1.372152465451532315e-03
1.371792849420653540e-03
1.371206540657862695e-03
1.370673259364386075e-03
1.369771118081378755e-03
1.369226814230931023e-03
1.367992448603765412e-03
1.367047100304217113e-03
1.366453437506836644e-03
1.365687956733062976e-03
1.365125837118308719e-03
1.364555350997808444e-03
1.363557972330321777e-03
1.362903091075858171e-03
1.362128596327107045e-03
1.361805172461476960e-03
1.361347759488507839e-03
1.360745523442494003e-03
1.360583375808401604e-03
1.359738226559879457e-03
1.358744176872642455e-03
1.358140769582724672e-03
1.357867511931868656e-03
1.357309328331780720e-03
1.357473345447452861e-03
1.357352229881717215e-03
1.357885323160499744e-03
1.357983586330614159e-03
1.357955393473422130e-03
1.358252532369026580e-03
1.358334324075050970e-03
1.358849037868424406e-03
1.358507830892258543e-03
1.358747408867880301e-03
1.358510236555281929e-03
1.358449678173932447e-03
1.358172381982246119e-03
1.357960514225399961e-03
1.357787037151274084e-03
1.357446492217408108e-03
1.357431167732604587e-03
1.357096780283508506e-03
1.356926420522438972e-03
1.356551183979841889e-03
1.356113324357282940e-03
1.355824613761970115e-03
1.355362662148335440e-03
1.354977820174002113e-03
1.354648629203832663e-03
1.354260925791707544e-03
1.354077980768530814e-03
1.353629599627188471e-03
1.353398469664379234e-03
1.353453219520069127e-03
1.353389556990928187e-03
1.353325890220044656e-03
1.353545956575612609e-03
1.353666345863603496e-03
1.353600278817783473e-03
1.353705188059409160e-03
1.353651759731720229e-03
1.352836487043545090e-03
1.352293916865854361e-03
1.351588978342771084e-03
1.350829945175923428e-03
1.350426183423265349e-03
1.350135613285276216e-03
1.349674317747862236e-03
1.349427386017916682e-03
1.349136192119834493e-03
1.348808911332310999e-03
1.347919602162576686e-03
1.347301221378559765e-03
1.346664711199001838e-03
1.346358137057320544e-03
1.346288226903600031e-03
1.346186741412917906e-03
1.346093223919650646e-03
1.346273437600389779e-03
1.346349088750366154e-03
1.346741099152546457e-03
1.346967523519742660e-03
1.346897942038190622e-03
1.346911675673490580e-03
1.346989911224123326e-03
1.347159858448809984e-03
1.347107260074218403e-03
1.347142290842051572e-03
1.347105780116676903e-03
1.346844747919212059e-03
1.346927719776063771e-03
1.346634442828163877e-03
1.345964553174436654e-03
1.345343702107870904e-03
1.344844355210998189e-03
1.344334552791040787e-03
1.343825786786046785e-03
1.343299050965125405e-03
1.342242829474458088e-03
1.341061715065330461e-03
1.340390794408452329e-03
1.339583532017285788e-03
1.339130173163020172e-03
1.338591914230096661e-03
1.338347204611083649e-03
1.338146034154890631e-03
1.338107283362910882e-03
1.337965078512034318e-03
1.337816259284943694e-03
1.338083234240922776e-03
1.338008719647857704e-03
1.338432520652392587e-03
1.338758953828114153e-03
1.339010530398281572e-03
1.338824376975921143e-03
1.338932798733971684e-03
1.339352710024614874e-03
1.339681022092705604e-03
1.339677182093055750e-03
1.340020494156224113e-03
1.339743519553456257e-03
1.339889395711895900e-03
1.339648133451333458e-03
1.339625574601459182e-03
1.339418617280727824e-03
1.339146086461886088e-03
1.338256947369397031e-03
1.338198322027876015e-03
1.337474608438077870e-03
1.336676250036546772e-03
1.336325160435549797e-03
1.335736107401749948e-03
1.335515081805791534e-03
1.335392131276998953e-03
1.335601726230685460e-03
1.335549629640129859e-03
1.335669473309934263e-03
1.335702067308304356e-03
1.335901735220586034e-03
1.336009641516552751e-03
1.336305759275761926e-03
1.336197220588999880e-03
1.336075387667978818e-03
1.336218731928506863e-03
1.336227389254064039e-03
1.336023435574364322e-03
1.336395920388117704e-03
1.336546715157086850e-03
1.336417774937772489e-03
1.336359131435095951e-03
1.336158039356469740e-03
1.336303691853328373e-03
1.336400850363247007e-03
1.335975348344702355e-03
1.336039176255544901e-03
1.336013257383633548e-03
1.336127654639055308e-03
1.336465143052721800e-03
1.336450231003098255e-03
1.336659915382804520e-03
1.336970474250482677e-03
1.337456209519891775e-03
1.337729248542525061e-03
1.337986132022413177e-03
1.337980465553675587e-03
1.338347114745766855e-03
1.338304908596140829e-03
1.339133878831940978e-03
1.339045974300350330e-03
1.339511118332626510e-03
1.339690340908901304e-03
1.339627349652155021e-03
1.339764227939007311e-03
1.340197671509499051e-03
1.340252483474968937e-03
1.340466971813195464e-03
1.340550307982544881e-03
1.340584219368267174e-03
1.340846523403282659e-03
1.340998236593498845e-03
1.341281280314944591e-03
1.341466584591395833e-03
1.342230117202064272e-03
1.342778606660569203e-03
1.343320520414345576e-03
1.343367231923140457e-03
1.343597647596576385e-03
1.344028757448737345e-03
1.344861772673854082e-03
1.345090622437392818e-03
1.345802927215939337e-03
1.346582724919670329e-03
1.347382322206956478e-03
1.347834783288389023e-03
1.348392684894186410e-03
1.348740141120940636e-03
1.349199124481181367e-03
1.349367412084906750e-03
1.349864016121967792e-03
1.349933998206618701e-03
1.350629418246579840e-03
1.350842614787506162e-03
1.350804157737177207e-03
1.350785909011601414e-03
1.350735627707693809e-03
1.350830765922998332e-03
1.350907910836220182e-03
1.351140663581827748e-03
1.351141151096389888e-03
1.351261079288433326e-03
1.351564503574956885e-03
1.351625878107321627e-03
1.351689170641803307e-03
1.351435404639745111e-03
1.351618915456752248e-03
1.351411875870250955e-03
1.351105690995913931e-03
1.351187923955926963e-03
1.350897660517260670e-03
1.350866030782465381e-03
1.351058590183718553e-03
1.350632517251898262e-03
1.350471565173828100e-03
1.350505909598464149e-03
1.350562756744981162e-03
1.350571806005358439e-03
1.350705935809722036e-03
1.350811366427763505e-03
1.350742103295816173e-03
1.350671597822368985e-03
1.350827058244796763e-03
1.350617618218546588e-03
1.350254457242919476e-03
1.350127380424822514e-03
1.349896207818251708e-03
1.349425194057079667e-03
1.348837903892591067e-03
1.348155848604694297e-03
1.347434644354175053e-03
1.347024539222306614e-03
1.346490676739607595e-03
1.345772008366514800e-03
1.345483133835924296e-03
1.345200981002947016e-03
1.345038557307354785e-03
1.344673517552657203e-03
1.344606203775418124e-03
1.344381358732163727e-03
1.345034367508687705e-03
1.345097354430444371e-03
1.345369545410777428e-03
1.345604381438817625e-03
1.345964239101532251e-03
1.346442454219609402e-03
1.346285986809655924e-03
1.346458796235150759e-03
1.346577851262460539e-03
1.346639631405014813e-03
1.346896511714830869e-03
1.346976256920354728e-03
1.347654616658260042e-03
1.348633221515416593e-03
1.348870077403808033e-03
1.349217455681929901e-03
1.349468424439656533e-03
1.349270282529167666e-03
1.349311327449275334e-03
1.349462424728896208e-03
1.349815155706094371e-03
1.349944856232689625e-03
1.350426204038184842e-03
1.350974783019969839e-03
1.351518172013175959e-03
1.351935767166600934e-03
1.352257965467649776e-03
1.352568253974547078e-03
1.353337714941823438e-03
1.353604385601072128e-03
1.354175723057952051e-03
1.354784306657858548e-03
1.355510424342969925e-03
1.356133621609729219e-03
1.356069068706231570e-03
1.356632802158790107e-03
1.356891610191106887e-03
1.356985806419561992e-03
1.357309383787504717e-03
1.357561175171615028e-03
1.357763190318128557e-03
1.357935734637760348e-03
1.358128602123526499e-03
1.358467152918265862e-03
1.358682168937692990e-03
1.358477750388017210e-03
1.359039269745924636e-03
1.359349579155451175e-03
1.359941792810416637e-03
1.360568098188241109e-03
1.361541236792112794e-03
1.362693426888883725e-03
1.363188825582065588e-03
1.364247767263071292e-03
1.365059721463627836e-03
1.365542785799835762e-03
1.365938712132942377e-03
1.366542358035608643e-03
1.367070437394041519e-03
1.367264760249897520e-03
1.367433757736908522e-03
1.367610335361588983e-03
1.367986583434680848e-03
1.367853086353115017e-03
1.367587129775669130e-03
1.367518037297866043e-03
1.367169343021719429e-03
1.367119210093905570e-03
1.366775635572772775e-03
1.366864875720114883e-03
1.366808745513811664e-03
1.366802961023220716e-03
1.366987290510394883e-03
1.366759416322193676e-03
1.367136227089506837e-03
1.367764332065895660e-03
1.368182352860550796e-03
1.368807401034454656e-03
1.369227241491261437e-03
1.369797346830874639e-03
1.370056631185202984e-03
1.370131512244334750e-03
1.370222490417669515e-03
1.370061871972125473e-03
1.369645025755101241e-03
1.369190125001410645e-03
1.368950290672917664e-03
1.368593402653406907e-03
1.368568794681894202e-03
1.368292184831407677e-03
1.367910823355453437e-03
1.367628529513551568e-03
1.367389222490857873e-03
1.367088011058550804e-03
1.366687744634414786e-03
1.365892954296681668e-03
1.365612557225661869e-03
1.365446901413376645e-03
1.365177385003635063e-03
1.365215129541271942e-03
1.365088755622293013e-03
1.364810259826635189e-03
1.364868169133059972e-03
1.364324582120701344e-03
1.364093774083295543e-03
1.363855388924229166e-03
1.363597856768578856e-03
1.363102431777844315e-03
1.362769793704263557e-03
1.362605511564692106e-03
1.362419968183190434e-03
1.361660435768496154e-03
1.361226211960135093e-03
1.360697254782547395e-03
1.360741994148064165e-03
1.360360836966225838e-03
1.360128182280616327e-03
1.359611555204617460e-03
1.359494212558198627e-03
1.359127609012888852e-03
1.359264776378840559e-03
1.359190977457123625e-03
1.359296034626677032e-03
1.359664134559107574e-03
1.359704792113412613e-03
1.359384767139930729e-03
1.360079663427131956e-03
1.359774103368049372e-03
1.359417338819260542e-03
1.359253925937073913e-03
1.359028176889148266e-03
1.358922380568154502e-03
1.358564893952429698e-03
1.358185450667149683e-03
1.358230269152525555e-03
1.357797280513583929e-03
1.357546979286303147e-03
1.357133305932024022e-03
1.357099692710554781e-03
1.357016516140579013e-03
1.357033445138346433e-03
1.357288327084842832e-03
1.357563508962203328e-03
1.358013063631751706e-03
1.358296313264340405e-03
1.359138763925553644e-03
1.359883609529905814e-03
1.360827054747843845e-03
1.361722197954997552e-03
1.362643848900848892e-03
1.363487963985927356e-03
1.363823591309982434e-03
1.364850924435471883e-03
1.365039320109834222e-03
1.365393483185131348e-03
1.365187217479495478e-03
1.364870034143223854e-03
1.364333852591665579e-03
1.364168986735864045e-03
1.364233295939804415e-03
1.364376973152483553e-03
1.364712189294097237e-03
1.365214509959612960e-03
1.365764569118281362e-03
1.365839946484862476e-03
1.366300519261046034e-03
1.366333806202513993e-03
1.366712886975343395e-03
1.367127836114793169e-03
1.367464290591135449e-03
1.367747943588082339e-03
1.368290468047035028e-03
1.368410424935792742e-03
1.368804385357929969e-03
1.369463320807464595e-03
1.369899184974770904e-03
1.369926436749400143e-03
1.369917922964142840e-03
1.369517903690917887e-03
1.369123364392593875e-03
1.368921066262025537e-03
1.368602734215874309e-03
1.368092940960902518e-03
1.367770733624789530e-03
1.367600507747713081e-03
1.367973467766820045e-03
1.367496009238603101e-03
1.367019995509291888e-03
1.366589667162359080e-03
1.366624678157789350e-03
1.366265238273196283e-03
1.365407137333081011e-03
1.365029494757540084e-03
1.364439425679019437e-03
1.364824446241352622e-03
1.364698235682175074e-03
1.364717103204340356e-03
1.364767259637959806e-03
1.364947010152179696e-03
1.365349179094028529e-03
1.366021329211640836e-03
1.366632406970715811e-03
1.367176377500188555e-03
1.367502507546303203e-03
1.368476534135645416e-03
1.368479669492455100e-03
1.368780295626914655e-03
1.369219223898363036e-03
1.369778749056459535e-03
1.370483097106089693e-03
1.370979461094152477e-03
1.371609029100925425e-03
1.372241405131533528e-03
1.372432073438628044e-03
1.372756432521389297e-03
1.372307989465788294e-03
1.372409810896285665e-03
1.371809894953464294e-03
1.371647628021552658e-03
1.371609168946327176e-03
1.371592000127817715e-03
1.371846811790689707e-03
1.371972966565335097e-03
1.372240455905872998e-03
1.372535544432921953e-03
1.372881712089253940e-03
1.373102831701269013e-03
1.373137797987003918e-03
1.373446442654348244e-03
1.373545837057170860e-03
1.373517108025107620e-03
1.373017730984374190e-03
1.372854453526770350e-03
1.372347693310443668e-03
1.371758454069500581e-03
1.371449539368105363e-03
1.370883247838092104e-03
1.371050416295740027e-03
1.370877578410003433e-03
1.370657976604816282e-03
1.370474260118036700e-03
1.370742632917377893e-03
1.370500288293110495e-03
1.370421128593288067e-03
1.370421790374406687e-03
1.370062746317515616e-03
1.369980495721401671e-03
1.369948796641247499e-03
1.370047343199539205e-03
1.370398786736807314e-03
1.370542641965872156e-03
1.370930211372520420e-03
1.371161349925849879e-03
1.371433927486033965e-03
1.371221170059760269e-03
1.371255053392927492e-03
1.371243989258598720e-03
1.371095895797512900e-03
1.371120943368083498e-03
1.370875736197455777e-03
1.370376448663341478e-03
1.369883899315723795e-03
1.369282755379126531e-03
1.368792429769555416e-03
1.368282508554415555e-03
1.367528344811615691e-03
1.366679489527937051e-03
1.365878504005164917e-03
1.365064477472851005e-03
1.364390478055009038e-03
1.363652740306341322e-03
1.363005515458160346e-03
1.362434006940230766e-03
1.362052450236898209e-03
1.361877393763329938e-03
1.361700057024535677e-03
1.361304790162594890e-03
1.361056795097069809e-03
1.361027030516351929e-03
1.361178820104300006e-03
1.361065449852654754e-03
1.361095476525473911e-03
1.361046709634228420e-03
1.361044264818965207e-03
1.361094690805863443e-03
1.361262965965101329e-03
1.361391036895117160e-03
1.361449796088089149e-03
1.361189272243016604e-03
1.361187633864629652e-03
1.360567000856192314e-03
1.360304907193926865e-03
1.360259943989480932e-03
1.360153690797730446e-03
1.360070281516443085e-03
1.360092168528517992e-03
1.360021702763350871e-03
1.360323340525822905e-03
1.360340060707457971e-03
1.360685705027008061e-03
1.361025969064436850e-03
1.360820210656224884e-03
1.360786323414128491e-03
1.360967249255345133e-03
1.361177745196328129e-03
1.361503851885445017e-03
1.361705482929090110e-03
1.362316543732658642e-03
1.362498904523207818e-03
1.362653020044742253e-03
1.362906059374652213e-03
1.363826226172163737e-03
1.364503506384884962e-03
1.364661499708989117e-03
1.365445395247875081e-03
1.366731898166329440e-03
1.367790929887306500e-03
1.368169539595954966e-03
1.368090902746674480e-03
1.368636564265278280e-03
1.368957859017687568e-03
1.368855130704201353e-03
1.369530035809360781e-03
1.369474554195594228e-03
1.369845961001452637e-03
1.369990218944245513e-03
1.370358981870923448e-03
1.370412916335179065e-03
1.370790080125555482e-03
1.370931494944921565e-03
1.370527630350710504e-03
1.370828140890149307e-03
1.370669111379136740e-03
1.370338720224193677e-03
1.370172078396476390e-03
1.369921406892204898e-03
1.369412259479532885e-03
1.369023960919001299e-03
1.368389972846528616e-03
1.367904782634785620e-03
1.367067498259503123e-03
1.366224439079388600e-03
1.365529560516350440e-03
1.364815932789828793e-03
1.364145442720670221e-03
1.363755624573255226e-03
1.363309810465595509e-03
1.362647730578614999e-03
1.362628499977407408e-03
1.362258811617789991e-03
1.362201386910928376e-03
1.361961304522994786e-03
1.361858397482043886e-03
1.361774124338024092e-03
1.361825933849935850e-03
1.362200770379876687e-03
1.362735212981974406e-03
1.363143391799509973e-03
1.363532881625007138e-03
1.364254777408710831e-03
1.364948345150763598e-03
1.365063409315238731e-03
1.365380135160598014e-03
1.365483002268256998e-03
1.365970048219061544e-03
1.366115536473337970e-03
1.366273781690541386e-03
1.366181120871612581e-03
1.366080457354512103e-03
1.365696612224372554e-03
1.365423080529186341e-03
1.365052765601125094e-03
1.365091158484212867e-03
1.364804622279297813e-03
1.364463455066435276e-03
1.364042479808954709e-03
1.363183048507473228e-03
1.362782539482214859e-03
1.362342520706056291e-03
1.361830556879343491e-03
1.361262381482533515e-03
1.360860255188890179e-03
1.360720922500644175e-03
1.360480023613858331e-03
1.360362036004603972e-03
1.360768940657888868e-03
1.360594993440360483e-03
1.360908096383692343e-03
1.361244420457518797e-03
1.361410975761766055e-03
1.361509872369056229e-03
1.361597592767260171e-03
1.361850888270302101e-03
1.362564315961865098e-03
1.362715094077301958e-03
