3.945394954300631210e-03
3.945394954300631210e-03
3.927984891916274160e-03
3.916833311549807427e-03
3.900463394119200664e-03
3.886901656685158839e-03
3.875901338843479055e-03
3.865980742906234991e-03
3.857593872270748993e-03
3.847377129387955560e-03
3.837361899094294312e-03
3.828015926391367414e-03
3.818394462401280588e-03
3.808615048760314366e-03
3.800010883096922344e-03
3.792327268775909799e-03
3.784413871642804301e-03
3.776893297517386946e-03
3.769283215641110445e-03
3.760657380693838581e-03
3.752808880724421616e-03
3.745572080397702782e-03
3.736790069424417420e-03
3.727853734901096731e-03
3.719846669310788827e-03
3.711546558968484375e-03
3.702586358001943093e-03
3.694182590695433820e-03
3.686319723275300730e-03
3.677981576862819537e-03
3.670000150991988095e-03
3.662529071367261364e-03
3.654576258763923141e-03
3.646541857878718689e-03
3.638669965326564101e-03
3.630742524586953041e-03
3.622584128369204463e-03
3.615479419180359696e-03
3.608932577953531846e-03
3.601970291096737338e-03
3.594826957334523905e-03
3.587951014245343868e-03
3.580752546996529215e-03
3.573310339242997957e-03
3.566332939227433423e-03
3.559723090322334995e-03
3.552803352927198961e-03
3.545471196951051947e-03
3.538955513082415842e-03
3.532506246882803191e-03
3.525755405921430791e-03
3.519043506028403986e-03
3.512555880460901340e-03
3.506047975034908698e-03
3.499264478169460818e-03
3.492502533347935454e-03
3.485775404820487013e-03
3.479298379374142370e-03
3.472979185145861052e-03
3.466721475103851525e-03
3.460293965050876153e-03
3.453546239994028169e-03
3.446842114403939322e-03
3.440297670835890022e-03
3.434183122886543330e-03
3.427716514077160537e-03
3.420891127532004611e-03
3.414184852400943028e-03
3.407282899431101839e-03
3.400774073871355718e-03
3.394283012567692655e-03
3.388263238019758716e-03
3.381954447572608265e-03
3.375701354310008898e-03
3.369264463291319223e-03
3.362756810213340160e-03
3.355915724952807100e-03
3.349349065798267171e-03
3.343570839419532717e-03
3.337463042494556199e-03
3.331078383521344794e-03
3.324835513584318680e-03
3.318503066035288340e-03
3.312018305762005899e-03
3.305824616279662894e-03
3.299875302672949928e-03
3.293480707890557042e-03
3.286924649122020987e-03
3.280829521897229289e-03
3.275210271104441601e-03
3.269502509569665628e-03
3.263235768121856232e-03
3.257047521294572073e-03
3.251758609297445823e-03
3.246416471117101726e-03
3.240453305866724653e-03
3.234708561711487421e-03
3.229417945859510124e-03
3.224534872390188121e-03
3.220023326225332147e-03
3.214924012584130866e-03
3.209682155535974451e-03
3.204134623765053907e-03
3.198206171411525044e-03
3.192154012834399774e-03
3.186242262342206272e-03
3.180729729211760181e-03
3.175464737718654631e-03
3.170310484697180364e-03
3.165026342669498283e-03
3.159406630835379180e-03
3.153893664029018464e-03
3.148422177539017021e-03
3.143120477122392058e-03
3.137364614240710937e-03
3.131358596739743441e-03
3.125363422714832248e-03
3.119803346169536598e-03
3.114997569322385234e-03
3.110062264672842046e-03
3.104713595085278628e-03
3.099177922295990716e-03
3.093482784506613580e-03
3.088160827752830205e-03
3.083244064762984647e-03
3.078159850804792954e-03
3.073100391762720839e-03
3.067975997141385650e-03
3.062848023834749238e-03
3.057906446096004746e-03
3.053324892767788571e-03
3.048647880024961138e-03
3.043719151620272612e-03
3.038840286927848352e-03
3.033819938417364748e-03
3.028640618993183511e-03
3.023351584039741559e-03
3.018146895164543816e-03
3.012883297018379130e-03
3.007394103649563798e-03
3.002209412854413458e-03
2.997281425130774845e-03
2.992478002009321333e-03
2.987635388138126010e-03
2.982532202188954793e-03
2.977622130170235783e-03
2.972795409319257173e-03
2.968179164737355311e-03
2.963432824245021413e-03
2.958318854724834024e-03
2.953065090570089132e-03
2.948000355486060826e-03
2.943351002888863061e-03
2.938726066430424541e-03
2.934209267871707577e-03
2.929578066773879785e-03
2.924988441547746176e-03
2.920223021468733911e-03
2.915464465801430403e-03
2.910724595263305611e-03
2.906334742197177416e-03
2.901947696223324859e-03
2.897766288026529680e-03
2.893574007180642251e-03
2.888923158032775506e-03
2.884147054354696624e-03
2.879171682095316240e-03
2.874330564964866150e-03
2.869739041959766014e-03
2.865072762326387971e-03
2.860546903764485827e-03
2.856085267380872612e-03
2.851367500869611462e-03
2.846396980313792117e-03
2.841595189424964574e-03
2.836790683295565153e-03
2.831864992968772220e-03
2.826932704946479979e-03
2.821892356893747952e-03
2.816684257393462301e-03
2.811689608520137953e-03
2.806654826853713543e-03
2.802005383415124944e-03
2.797219796873109694e-03
2.792297623186420445e-03
2.787433641624647261e-03
2.783119347845591004e-03
2.779027984586373255e-03
2.775088200668676761e-03
2.771057422647491171e-03
2.766927821144548813e-03
2.762815325745354364e-03
2.758669391337243045e-03
2.754708947116795825e-03
2.750727741671831275e-03
2.746735705339683510e-03
2.742527132496704826e-03
2.738468685983945841e-03
2.734093661606790994e-03
2.729907736887372035e-03
2.725684205082484334e-03
2.721276463221773776e-03
2.717065876617840228e-03
2.713022620241208049e-03
2.708842879922734870e-03
2.704722189574251378e-03
2.700679315559341778e-03
2.696655820337893160e-03
2.692860557045637093e-03
2.688936247919615670e-03
2.684775332601295819e-03
2.680710244790337517e-03
2.676707536065945497e-03
2.672302791760792010e-03
2.667828754482136182e-03
2.663387257914880991e-03
2.658980144245220827e-03
2.654756331739371953e-03
2.650600270636904732e-03
2.646409834544100666e-03
2.642212856388251666e-03
2.638173769200239261e-03
2.634329865614772059e-03
2.630538672584359274e-03
2.626428160878075714e-03
2.622180382219002973e-03
2.617873358371380476e-03
2.613611568956163058e-03
2.609340764858610398e-03
2.605055407166816106e-03
2.601026664069419451e-03
2.597297167047166611e-03
2.593618167024311708e-03
2.590048543063350108e-03
2.586189503378138240e-03
2.582499324564463232e-03
2.578677122708612508e-03
2.574827624187641696e-03
2.571133401508662441e-03
2.567381511509837181e-03
2.563746826741097884e-03
2.560277405415191127e-03
2.556701555548050470e-03
2.552904039043469783e-03
2.548813835973846170e-03
2.544670059286288297e-03
2.540630769010940749e-03
2.536855053768311170e-03
2.533259511210060773e-03
2.529619423051124825e-03
2.526088232581535746e-03
2.522442719929018484e-03
2.518701702514566845e-03
2.514700445175871782e-03
2.510796457258040928e-03
2.507051300505314367e-03
2.503697656514015501e-03
2.500297892552235963e-03
2.497090543033744260e-03
2.493466280496354614e-03
2.489404791031797973e-03
2.485373913757650197e-03
2.481501305252844375e-03
2.477945048838197002e-03
2.474309197969964264e-03
2.470407094458860423e-03
2.466545140745514311e-03
2.463000043641330478e-03
2.459689454036062799e-03
2.456441082569572887e-03
2.453095648021544166e-03
2.449557755338794326e-03
2.445906400895147235e-03
2.442211777652508915e-03
2.438298327773354666e-03
2.434380646443629840e-03
2.430839472030995631e-03
2.427487732148689639e-03
2.424066621253308674e-03
2.420498132826874593e-03
2.416574033496354888e-03
2.412897634371108380e-03
2.409549568267780034e-03
2.406750738793004239e-03
2.403941420606841173e-03
2.401279090569608324e-03
2.398259815646380105e-03
2.395187105203150889e-03
2.391898536594577740e-03
2.388327743354131706e-03
2.384926406204026465e-03
2.381582192437199565e-03
2.378343138347077061e-03
2.375488312611098284e-03
2.372467775887217821e-03
2.369633550301663508e-03
2.366691404500400817e-03
2.363458177384950183e-03
2.360291470581614079e-03
2.357147464005005834e-03
2.354198807714553716e-03
2.351263255870958239e-03
2.348437869778148470e-03
2.345413149304986528e-03
2.342365332208001458e-03
2.339368600009566861e-03
2.336537555740920372e-03
2.333519506520666600e-03
2.330723105244987894e-03
2.327930242407552988e-03
2.325129020988929342e-03
2.322266339641452029e-03
2.319270951964597441e-03
2.316088073456938883e-03
2.313080335669807398e-03
2.310155063254872194e-03
2.307349289923036305e-03
2.304434358040669765e-03
2.301367052492177614e-03
2.298496927066348301e-03
2.295600771123291594e-03
2.292614978632563985e-03
2.289473757690812204e-03
2.286374601517550051e-03
2.283433093917786819e-03
2.280561133893600594e-03
2.277819465416986138e-03
2.275005570046196093e-03
2.271835834095061075e-03
2.268820517687182136e-03
2.265740544740089870e-03
2.262717392833237320e-03
2.259900142943369831e-03
2.257182633771132735e-03
2.254406922920265417e-03
2.251530837063087098e-03
2.248713976320889860e-03
2.245945836610165752e-03
2.243120584462987913e-03
2.240454799895171597e-03
2.237918625547394465e-03
2.235493895566698780e-03
2.232934399601703077e-03
2.230486653753087096e-03
2.228075772226968936e-03
2.225543276459429533e-03
2.222864679595368872e-03
2.219981014690338133e-03
2.217342809708853970e-03
2.214535769957535778e-03
2.211994903439542040e-03
2.209535343206416296e-03
2.207115065972765824e-03
2.204525246520941395e-03
2.201835684491899002e-03
2.199211876885498636e-03
2.196748104325275518e-03
2.194208580138360971e-03
2.191601885532171515e-03
2.188815793266744598e-03
2.185889652383869470e-03
2.182924610815978675e-03
2.180020411191530005e-03
2.177271094173415748e-03
2.174459436899266445e-03
2.172099736933390864e-03
2.169581805777062548e-03
2.167233695111802933e-03
2.164970665746079360e-03
2.162526908065846160e-03
2.159984658260697896e-03
2.157356157413647686e-03
2.154806547460318827e-03
2.152288426285639631e-03
2.149793288173286118e-03
2.147176382970858357e-03
2.144597811282308950e-03
2.142215282212614220e-03
2.139988215012496309e-03
2.137827046573074086e-03
2.135594359968647112e-03
2.133346683837319176e-03
2.130767249177430850e-03
2.128577652962677837e-03
2.126093057395506223e-03
2.123808682806552651e-03
2.121535517653973420e-03
2.119099363041485485e-03
2.116939124013095773e-03
2.114857041725380898e-03
2.112665943475504435e-03
2.110317696927703490e-03
2.108073112758200585e-03
2.105759168886938738e-03
2.103429600080481809e-03
2.101001953210357345e-03
2.098491948809544025e-03
2.096102914968919935e-03
2.093520713152932731e-03
2.091142610546118264e-03
2.088890364925165537e-03
2.086413301663096048e-03
2.084090122098888540e-03
2.081774382744417101e-03
2.079330621751120101e-03
2.077270772536265412e-03
2.075241284071781527e-03
2.073438374420372241e-03
2.071346047630112479e-03
2.069384434382282815e-03
2.067279489035399841e-03
2.064975097655371780e-03
2.062617790980715918e-03
2.060467122430239845e-03
2.058436843077727715e-03
2.056225219335159476e-03
2.054010686195826933e-03
2.052086366335718112e-03
2.050248178189025775e-03
2.048413969250803112e-03
2.046551013772046623e-03
2.044613407644935415e-03
2.042755111499672174e-03
2.040867161334597186e-03
2.038936570253135384e-03
2.037036662902376536e-03
2.035049747628512196e-03
2.032965791762036435e-03
2.031057439816559215e-03
2.028846306822903404e-03
2.026701525084177637e-03
2.024559848313596446e-03
2.022254339042503079e-03
2.020174555451480832e-03
2.017957425283737390e-03
2.015828773924473877e-03
2.013702125257317566e-03
2.011736952507616263e-03
2.009934443257364086e-03
2.007904042029794167e-03
2.005888541425859817e-03
2.003819125726218064e-03
2.001908633942618178e-03
1.999991020189264331e-03
1.998053121374372861e-03
1.996221581178499703e-03
1.994455356093432531e-03
1.992857206110441870e-03
1.991288287859527793e-03
1.989459949453445831e-03
1.987523212257441378e-03
1.985525601837618941e-03
1.983380994406915617e-03
1.981407827796463021e-03
1.979447059604572644e-03
1.977253061641065946e-03
1.974900952228746294e-03
1.972701254265137472e-03
1.970626770167744745e-03
1.968670228438604026e-03
1.966826606718962908e-03
1.964749398233862996e-03
1.962693199567176316e-03
1.960614704612821928e-03
1.958500726960875349e-03
1.956418012345604272e-03
1.954401709314962810e-03
1.952515853818900067e-03
1.950537713434173951e-03
1.948664184555409492e-03
1.946633694927941928e-03
1.944762843450254138e-03
1.942767263388618182e-03
1.940795073974408780e-03
1.939011407535622252e-03
1.937216993093121261e-03
1.935378607194124809e-03
1.933594383563493968e-03
1.931861332873940429e-03
1.930157257150854483e-03
1.928647121615312569e-03
1.927120612449757624e-03
1.925417415712241988e-03
1.923922228123099839e-03
1.922246873949498992e-03
1.920683508894380481e-03
1.919137946066306255e-03
1.917584751470569754e-03
1.915835905051997820e-03
1.914208220132967986e-03
1.912366235311787612e-03
1.910708022154715456e-03
1.909108099725880621e-03
1.907649381622194759e-03
1.906020800280218636e-03
1.904295397316415521e-03
1.902504974508316665e-03
1.900585144332809584e-03
1.898988743246412224e-03
1.897451492736597703e-03
1.896111618887948939e-03
1.894715378986199569e-03
1.893386463257612767e-03
1.892072891493941670e-03
1.890618874425075476e-03
1.889073521763176946e-03
1.887562659747763329e-03
1.885825714307474109e-03
1.884309639565306341e-03
1.882665327739788379e-03
1.881264999517556291e-03
1.879892355004253402e-03
1.878569397464359891e-03
1.877200695969425195e-03
1.875716471115359326e-03
1.874165402195113921e-03
1.872646250964738954e-03
1.870878465916898242e-03
1.869085897354779173e-03
1.867613520554998151e-03
1.866062766703277618e-03
1.864484224832189778e-03
1.862986099416284302e-03
1.861359685459487495e-03
1.859752296762693519e-03
1.858213013168563297e-03
1.856402043466913064e-03
1.854602098829032314e-03
1.852734488854604778e-03
1.850760914148026279e-03
1.849147306897691275e-03
1.847291184496866173e-03
1.845680527243464967e-03
1.844071579121931911e-03
1.842341001691916516e-03
1.840651440201984462e-03
1.839067181901082740e-03
1.837732085539544973e-03
1.836347471526080877e-03
1.835039393123648766e-03
1.833651042759698938e-03
1.832192348935218892e-03
1.830882880967519893e-03
1.829395503801923293e-03
1.827839041903539172e-03
1.826346757902774787e-03
1.824828223743947759e-03
1.823562277882820630e-03
1.822216139369798671e-03
1.821055967119999345e-03
1.819706495928116426e-03
1.818248615191945085e-03
1.816710602607119612e-03
1.815204792079419364e-03
1.813680739621332952e-03
1.812106422493295300e-03
1.810504350114381386e-03
1.809051278316728059e-03
1.807539075286321599e-03
1.805868090984295155e-03
1.804047388750279392e-03
1.802175538054851802e-03
1.800373046413018038e-03
1.798814273798624540e-03
1.797438412272497335e-03
1.796117352507250456e-03
1.794803312920398774e-03
1.793461218998964246e-03
1.792015739243095441e-03
1.790754356242776901e-03
1.789526181622057071e-03
1.788274524393049670e-03
1.786988803729998776e-03
1.785612027657251496e-03
1.784236532373257916e-03
1.783010438313053191e-03
1.781732121335549745e-03
1.780513910429827942e-03
1.779155320799617919e-03
1.777775324373315636e-03
1.776586790474556608e-03
1.775195235950099114e-03
1.773837373253684584e-03
1.772497247004042051e-03
1.771169014478187267e-03
1.769655978427782774e-03
1.768208403315735255e-03
1.766706994432475433e-03
1.765388116794938201e-03
1.764077422101766697e-03
1.762865084148480680e-03
1.761743080721808654e-03
1.760423603195939704e-03
1.758983531037035730e-03
1.757609044222695855e-03
1.756216298331685424e-03
1.754897345803031446e-03
1.753718901241513089e-03
1.752432895230667540e-03
1.751252166726026231e-03
1.750026371551750316e-03
1.748863715427959953e-03
1.747688514011071399e-03
1.746495037523993713e-03
1.745382768413399717e-03
1.744127165418420111e-03
1.742871071524814937e-03
1.741524725987128640e-03
1.740207856857353208e-03
1.738940193971798710e-03
1.737663297386822167e-03
1.736454327536515610e-03
1.735191881549299998e-03
1.733837270000530622e-03
1.732620433131514632e-03
1.731393711090969652e-03
1.730025670355487752e-03
1.728815198810630151e-03
1.727612382272139622e-03
1.726446462042809365e-03
1.725220151748366876e-03
1.724022087422568935e-03
1.722812895663577157e-03
1.721599360603010866e-03
1.720371451091476725e-03
1.719124893274687335e-03
1.717866689392201279e-03
1.716641296841207084e-03
1.715342327326529288e-03
1.714025004646700006e-03
1.712818501160039532e-03
1.711402785015528815e-03
1.710058767569941178e-03
1.708713735143294705e-03
1.707246332903868255e-03
1.706006640323070754e-03
1.704645079459296639e-03
1.703344967684074446e-03
1.702053507983681841e-03
1.700732117900381236e-03
1.699275138428876959e-03
1.697865746279603877e-03
1.696378538447996381e-03
1.695020389080824407e-03
1.693796105144221471e-03
1.692740196499254888e-03
1.691662174832435665e-03
1.690474737517304359e-03
1.689313333491045122e-03
1.688070200143312145e-03
1.686929148365152401e-03
1.685826546379455212e-03
1.684775571815334567e-03
1.683681852934546799e-03
1.682440747908817884e-03
1.681242584235167516e-03
1.679860189773009624e-03
1.678493387623789922e-03
1.677040204552477905e-03
1.675626218078139686e-03
1.674279467100953057e-03
1.672967111037737846e-03
1.671727126772828368e-03
1.670351854589299757e-03
1.669103682477447725e-03
1.667870979908674068e-03
1.666719279838834713e-03
1.665451771162199286e-03
1.664178365656542253e-03
1.663076549909058271e-03
1.661818969844761160e-03
1.660667490660060761e-03
1.659556555201924331e-03
1.658419044526879965e-03
1.657231455101542067e-03
1.656088349726717425e-03
1.654997333703812261e-03
1.654038025933919761e-03
1.653050214462271168e-03
1.652177616947075574e-03
1.651180783415374161e-03
1.650194677608698762e-03
1.649108677845859778e-03
1.648273008667969350e-03
1.647315122510597694e-03
1.646449633664193732e-03
1.645280985300605044e-03
1.644143527975665394e-03
1.643049615829356202e-03
1.641879020102627847e-03
1.640837377796857842e-03
1.639859737765338209e-03
1.638970002375616424e-03
1.638039325804416853e-03
1.637047743291724809e-03
1.636033869067655142e-03
1.634665720449648496e-03
1.633497875060146119e-03
1.632243886275543858e-03
1.631076685968012177e-03
1.630112922606682859e-03
1.628980884481684649e-03
1.627804446731823682e-03
1.626758234887783552e-03
1.625855596961423922e-03
1.624901454821607019e-03
1.624187661748501075e-03
1.623350066090339331e-03
1.622717446326502749e-03
1.621978127248236735e-03
1.621079378815941385e-03
1.620174298266877392e-03
1.619244427930461618e-03
1.618421000072249594e-03
1.617573095676271130e-03
1.616628344950297438e-03
1.615663040776890366e-03
1.614795189584782150e-03
1.613898819201521400e-03
1.612991487236381267e-03
1.612276568995457682e-03
1.611275229692407359e-03
1.610394824182835929e-03
1.609467815966169908e-03
1.608763073503964233e-03
1.607888437583407252e-03
1.607123203160178582e-03
1.606246285753961918e-03
1.605300581108541104e-03
1.604433839079649239e-03
1.603320233796431526e-03
1.602318638113753389e-03
1.601322236903367224e-03
1.600266052422128415e-03
1.599389368923358114e-03
1.598453638270343809e-03
1.597379146852904519e-03
1.596264939054199434e-03
1.595040917239677484e-03
1.593770733483975592e-03
1.592568080385732511e-03
1.591548308425278727e-03
1.590484554472695487e-03
1.589371053871843631e-03
1.588173482371836934e-03
1.586987711525719410e-03
1.585763344837375251e-03
1.584638158701687834e-03
1.583588168658312282e-03
1.582635273958351869e-03
1.581622030024076734e-03
1.580735873811307379e-03
1.579602962750915494e-03
1.578581200280012534e-03
1.577498567340244757e-03
1.576478498829601404e-03
1.575435652410518868e-03
1.574385856316095266e-03
1.573401050809607269e-03
1.572283333383843592e-03
1.571346104012343167e-03
1.570256818268343183e-03
1.569394592529577267e-03
1.568504238623398030e-03
1.567698317959750291e-03
1.566803200620659484e-03
1.565842486251058747e-03
1.564745160880791960e-03
1.563854030940284127e-03
1.562759819024349362e-03
1.561674148363573471e-03
1.560818014199368952e-03
1.559694915848405285e-03
1.558719037454494444e-03
1.557663865802451364e-03
1.556675772177927922e-03
1.555558465106696717e-03
1.554651658403544568e-03
1.553797179531658627e-03
1.553069185919529575e-03
1.552348751612003374e-03
1.551664922203890417e-03
1.551032646193595960e-03
1.550207588553833117e-03
1.549449960423058843e-03
1.548673278612920689e-03
1.547962016231905743e-03
1.547260023680489382e-03
1.546538871881384444e-03
1.545964330887383397e-03
1.545362219233322896e-03
1.544936593376422876e-03
1.544376453227487307e-03
1.543641827917081573e-03
1.542925412022368159e-03
1.542139584503611624e-03
1.541597193058140023e-03
1.540966449025456307e-03
1.540355150334492447e-03
1.539703219019084674e-03
1.539011145924944505e-03
1.538462781962839521e-03
1.537606418563294657e-03
1.536977192206494995e-03
1.536260166839393008e-03
1.535383662037831214e-03
1.534617659014848824e-03
1.533888746956205400e-03
1.533164174088901335e-03
1.532446268908460411e-03
1.531633019909293741e-03
1.531026700310241222e-03
1.530327679449727980e-03
1.529658238081663037e-03
1.529076877166405789e-03
1.528484528877776302e-03
1.527933750959471456e-03
1.527384712647239301e-03
1.526787674026403203e-03
1.526026141271935978e-03
1.525430744411369714e-03
1.524708909623011081e-03
1.524088470392519256e-03
1.523353186354420036e-03
1.522746644246236172e-03
1.522000557242800646e-03
1.521181274914978725e-03
1.520378278840122614e-03
1.519451952617762239e-03
1.518638277079379512e-03
1.517921457209496158e-03
1.517128894455943523e-03
1.516460038849314681e-03
1.515810373107365997e-03
1.515151489592634184e-03
1.514539472754450247e-03
1.513853786573676101e-03
1.513109941212130482e-03
1.512345988716785102e-03
1.511592965803788477e-03
1.510919319740286005e-03
1.510084103962967871e-03
1.509175212169297075e-03
1.508306353050299555e-03
1.507515188861093718e-03
1.506643434208413150e-03
1.505973287288489733e-03
1.505157204764322925e-03
1.504447544165171593e-03
1.503774424590630489e-03
1.503161052458085222e-03
1.502312778898719182e-03
1.501676128932765688e-03
1.501036448718720030e-03
1.500251220175249749e-03
1.499698730237851137e-03
1.498813070381644621e-03
1.498104071681086516e-03
1.497420563406393545e-03
1.496732901342577365e-03
1.496005267369399094e-03
1.495405857933758756e-03
1.494841049366366905e-03
1.494070080649842393e-03
1.493534788365352304e-03
1.492934498902102371e-03
1.492316334472063369e-03
1.491983973851043971e-03
1.491481353866423373e-03
1.491125209961480539e-03
1.490662293974831694e-03
1.490205901867226171e-03
1.489680451396545313e-03
1.489099539780147467e-03
1.488374480560663736e-03
1.487617712946026323e-03
1.486895483219535579e-03
1.486183182927886242e-03
1.485416884868862464e-03
1.484818323548157178e-03
1.484196892402133436e-03
1.483678014516393723e-03
1.483018449825882932e-03
1.482363743137101982e-03
1.481868058046491993e-03
1.481309371514711454e-03
1.480842289515772476e-03
1.480336724809596088e-03
1.479834603895724410e-03
1.479410720168907161e-03
1.479129301010797702e-03
1.478662083126413901e-03
1.478199143506243483e-03
1.477699348871224080e-03
1.477138693326009037e-03
1.476582051718337667e-03
1.475991528575709092e-03
1.475584728551168449e-03
1.475057742680764648e-03
1.474722575221290881e-03
1.474237026629273859e-03
1.473668364964255025e-03
1.473016796945839785e-03
1.472484210529075759e-03
1.471754007475172855e-03
1.471267987506563561e-03
1.470773203091488377e-03
1.470262197956596602e-03
1.469791942070327369e-03
1.469286772895407600e-03
1.468954875045943654e-03
1.468577938349698280e-03
1.468219856792379874e-03
1.467858464801076804e-03
1.467505796537725560e-03
1.467152595610022670e-03
1.466693577487268758e-03
1.466187977852914182e-03
1.465690151377170959e-03
1.465224262728722889e-03
1.464890700709256402e-03
1.464368391717650467e-03
1.463961947805770018e-03
1.463494534101845513e-03
1.463105543115198566e-03
1.462541395065389618e-03
1.462110775382384790e-03
1.461647330031208471e-03
1.461285572323526346e-03
1.460874494200520594e-03
1.460465539935968098e-03
1.460046501520622557e-03
1.459530523749387292e-03
1.459075532456530905e-03
1.458615884406092760e-03
1.458080717453184155e-03
1.457553366769088077e-03
1.456967929456426522e-03
1.456522262058489083e-03
1.455900841253057439e-03
1.455380506665478061e-03
1.454814551016772161e-03
1.454319537999054952e-03
1.453936979699086253e-03
1.453338764406717160e-03
1.452733110485290510e-03
1.452055644875842235e-03
1.451373070612083831e-03
1.450651147299845565e-03
1.449952318555605734e-03
1.449418877394804224e-03
1.448881089474516074e-03
1.448378077837942637e-03
1.447835208680634152e-03
1.447208896801238263e-03
1.446769079091422307e-03
1.446181601547491232e-03
1.445839407059357554e-03
1.445368873860264141e-03
1.444818402239895746e-03
1.444271118681451829e-03
1.443729624202296554e-03
1.443075782179338053e-03
1.442505062857893762e-03
1.442041937633088819e-03
1.441434278079949160e-03
1.440920154136103451e-03
1.440465383463277555e-03
1.439893817451672357e-03
1.439453805793546298e-03
1.438927153749009402e-03
1.438521430577468325e-03
1.438139668731572892e-03
1.437621048276396590e-03
1.437117611884058520e-03
1.436719159726082334e-03
1.436507685662991290e-03
1.436043498326516465e-03
1.435650619992816755e-03
1.435336601308920138e-03
1.435005399710441660e-03
1.434740846783600808e-03
1.434543660294272747e-03
1.434217013333793922e-03
1.433891532788015817e-03
1.433357652934539239e-03
1.432859891842405784e-03
1.432411754559039570e-03
1.431862967193796299e-03
1.431414763074366275e-03
1.431041651287314745e-03
1.430554909859911702e-03
1.430271071786979676e-03
1.429800492804775237e-03
1.429310672679228768e-03
1.428795818093225173e-03
1.428230718144215487e-03
1.427662044594555377e-03
1.427196498967768729e-03
1.426918058248448709e-03
1.426709056101487351e-03
1.426502060088494141e-03
1.426223573993075627e-03
1.425903918388951325e-03
1.425527594851234026e-03
1.425247463793772413e-03
1.424823088674358846e-03
1.424415853614985610e-03
1.424033294279024005e-03
1.423699884086220523e-03
1.423385226105679203e-03
1.423082422630661146e-03
1.422841481622722599e-03
1.422622831089796931e-03
1.422282615418931718e-03
1.422033616664981296e-03
1.421771083393523916e-03
1.421444400864869517e-03
1.421140867879338698e-03
1.420798124732596240e-03
1.420438778034957853e-03
1.420052441606469481e-03
1.419884250141959393e-03
1.419510150610319484e-03
1.419151275019305295e-03
1.418901891065291621e-03
1.418558313947052701e-03
1.418223723836574152e-03
1.417736410919845412e-03
1.417359656298509225e-03
1.416763040606744883e-03
1.416298572211719059e-03
1.415780227432217970e-03
1.415318588780871759e-03
1.415017680496040778e-03
1.414706076333533628e-03
1.414379610979718972e-03
1.413985284688248434e-03
1.413614063189821968e-03
1.413238506230228564e-03
1.412832507221873377e-03
1.412293780105637001e-03
1.411965772620032023e-03
1.411499383546358172e-03
1.411301210167660624e-03
1.411114609981527950e-03
1.410895128923688683e-03
1.410587284719391982e-03
1.410312618533712684e-03
1.410053302692543210e-03
1.409655489783621972e-03
1.409303176794081966e-03
1.408943061451758353e-03
1.408571635369847619e-03
1.408151454674290469e-03
1.407776394836195329e-03
1.407403335817170942e-03
1.407219345342629845e-03
1.406947669731255018e-03
1.406773801784713543e-03
1.406568118803826119e-03
1.406347222455629504e-03
1.406146915132606458e-03
1.405935284185356321e-03
1.405591430878912933e-03
1.405171615804086524e-03
1.404904254362943907e-03
1.404646264587226107e-03
1.404216314663728031e-03
1.403907176457109152e-03
1.403568910924028051e-03
1.403318464338030886e-03
1.403048978455310536e-03
1.402685218099393666e-03
1.402490633817670817e-03
1.402356912255102840e-03
1.402040770725340984e-03
1.401625248113625875e-03
1.401430287999808197e-03
1.401136410772926399e-03
1.400866403459061476e-03
1.400523891093038856e-03
1.400323051161113516e-03
1.400079187002072718e-03
1.399953000885814430e-03
1.399741475389800795e-03
1.399558175917292417e-03
1.399367661474552535e-03
1.399267793972629658e-03
1.399044553006944819e-03
1.399076416009617779e-03
1.399285295201587896e-03
1.399473915247013414e-03
1.399771674795774771e-03
1.399882582787152167e-03
1.399928201574561016e-03
1.399859444079352760e-03
1.399785642533801300e-03
1.399547656706122325e-03
1.399324376678158250e-03
1.399150871743227564e-03
1.398981323243118999e-03
1.398776261642088433e-03
1.398513906273186154e-03
1.398247252616320905e-03
1.398010925145717507e-03
1.397586797593874334e-03
1.397313424813516032e-03
1.397071347563337432e-03
1.396831889974331498e-03
1.396473342468419147e-03
1.396250491257230997e-03
1.395978011139855507e-03
1.395729073701577894e-03
1.395430418115499276e-03
1.395255041830880099e-03
1.394895779708651973e-03
1.394667035725369536e-03
1.394491194062812134e-03
1.394166198112475278e-03
1.393982375404857147e-03
1.393662766097879084e-03
1.393419648118752151e-03
1.393159515658297896e-03
1.392874474491996584e-03
1.392734602763203572e-03
1.392631702739801974e-03
1.392501943873215462e-03
1.392459379707772140e-03
1.392447480318347161e-03
1.392306153591480085e-03
1.392250918803700915e-03
1.392198491079839860e-03
1.392084586527516906e-03
1.392090824854773801e-03
1.391969082226336262e-03
1.391943115405527235e-03
1.391903129053730917e-03
1.391784114855343629e-03
1.391628737087411945e-03
1.391590323431634831e-03
1.391491169011885558e-03
1.391445220015435609e-03
1.391209042652667011e-03
1.391047142284414142e-03
1.390869650710435277e-03
1.390576663852597381e-03
1.390421641557470535e-03
1.389919569378628107e-03
1.389540064115880012e-03
1.389289969649824125e-03
1.388917080250194440e-03
1.388535816461576719e-03
1.388193730996366108e-03
1.387771222395530694e-03
1.387454074495617778e-03
1.387068520224820885e-03
1.386692904601861866e-03
1.386458876240457714e-03
1.386258920464307444e-03
1.386063712561057129e-03
1.385914183247783944e-03
1.385662870359735850e-03
1.385567562338367803e-03
1.385498350084682362e-03
1.385376564877751140e-03
1.385176326082053185e-03
1.385218868303163871e-03
1.385223702055514297e-03
1.385251269263866949e-03
1.385289378337451480e-03
1.385254312668200618e-03
1.385319149836694791e-03
1.385198291568776312e-03
1.385062853819607736e-03
1.384891355268429332e-03
1.384845356396637245e-03
1.384676574520204680e-03
1.384642873975156950e-03
1.384485969068152298e-03
1.384269632243049835e-03
1.384182959401940131e-03
1.383872177790609025e-03
1.383673097075010985e-03
1.383559111799120009e-03
1.383338356634928202e-03
1.383065517470084089e-03
1.382936152648214356e-03
1.382843642508160744e-03
1.382709040479300228e-03
1.382426312621978185e-03
1.382317103431752623e-03
1.382048948053271175e-03
1.381882079904877278e-03
1.381829793147908245e-03
1.381761584480047274e-03
1.381629171168990327e-03
1.381672732881574460e-03
1.381792022695871400e-03
1.381804872524347843e-03
1.381779414723400884e-03
1.381801837948895811e-03
1.381865610931030941e-03
1.381934293415416340e-03
1.382013882850820956e-03
1.382052149906027195e-03
1.382040537887221920e-03
1.382086181034353992e-03
1.382143724915610352e-03
1.382224218027218281e-03
1.382400490003368385e-03
1.382311409209098464e-03
1.382305936024225699e-03
1.382340033960371539e-03
1.382093100621202379e-03
1.381791967075632734e-03
1.381643873149643407e-03
1.381413280968713962e-03
1.381248685262029263e-03
1.381147775171493071e-03
1.381100514640152665e-03
1.381008631081015112e-03
1.380895196526896141e-03
1.380792420272631844e-03
1.380714304779761658e-03
1.380548205920002726e-03
1.380366571054839975e-03
1.380241179403387478e-03
1.380085963974292829e-03
1.379943948480409242e-03
1.379739200060603336e-03
1.379495756610136636e-03
1.379397260513866210e-03
1.379253273272311887e-03
1.379015553768304361e-03
1.378914111960587684e-03
1.378743023033328916e-03
1.378754317715688007e-03
1.378696383816032994e-03
1.378577068619730528e-03
1.378568976981810711e-03
1.378573221146069247e-03
1.378391839276315407e-03
1.378246088483794799e-03
1.378013962325460402e-03
1.377782395181791509e-03
1.377482960705702243e-03
1.377363225355770875e-03
1.377084186968991928e-03
1.376781819183433859e-03
1.376497463642672395e-03
1.376313697966894452e-03
1.376125241698328413e-03
1.376030455146132246e-03
1.375924183557517217e-03
1.375908967809893980e-03
1.375946353479828160e-03
1.375912290370076693e-03
1.375879532375214650e-03
1.375842800913869464e-03
1.375767848367286106e-03
1.375753085083234470e-03
1.375801226537670631e-03
1.375756713432237880e-03
1.375930738136557771e-03
1.375964530595377450e-03
1.375918396062546538e-03
1.376080343547495368e-03
1.376110671701575488e-03
1.376160394191705289e-03
1.376004491745002473e-03
1.375982016614259651e-03
1.375825489463574931e-03
1.375752675661159885e-03
1.375450111352331285e-03
1.375212485028827220e-03
1.375005521293836547e-03
1.374894094021696231e-03
1.374805865093764196e-03
1.374822380456387685e-03
1.374846290171184487e-03
1.374741048835246464e-03
1.374674017791662232e-03
1.374714298090218929e-03
1.374691697092284438e-03
1.374644025972142358e-03
1.374662595313813239e-03
1.374532191447447012e-03
1.374380774106437070e-03
1.374191464105633783e-03
1.373865747189431576e-03
1.373625702257218585e-03
1.373397605849058147e-03
1.373060232177886458e-03
1.372900992389031009e-03
1.372747980281261012e-03
1.372662509812978913e-03
1.372360978943877770e-03
1.372178985559153542e-03
1.372149008082303731e-03
1.371775066843504897e-03
1.371519245547802007e-03
1.371280885521848885e-03
1.370995861110647484e-03
1.370858228619130977e-03
1.370726798112054806e-03
1.370708439620779446e-03
1.370608386397587043e-03
1.370513961190487082e-03
1.370309179549257517e-03
1.370151199530762363e-03
1.370043217016444137e-03
1.369923346812319635e-03
1.370024761525660524e-03
1.369941859120081887e-03
1.369719771979173873e-03
1.369605559506705157e-03
1.369448100445062964e-03
1.369260358785566326e-03
1.368981452457504640e-03
1.368882354126741471e-03
1.368892708917985538e-03
1.368874304605927246e-03
1.368784197338279891e-03
1.368681463022551137e-03
1.368628953898169860e-03
1.368500205148187859e-03
1.368418592308218900e-03
1.368276462410443137e-03
1.368210893353997894e-03
1.368276722168149800e-03
1.368247315372425176e-03
1.368228603633656710e-03
1.368295744339291867e-03
1.368425011526607513e-03
1.368468692671737097e-03
1.368654690658820897e-03
1.368758590306106597e-03
1.368880151145144414e-03
1.368998927166580016e-03
1.369154043254813824e-03
1.369224456269108698e-03
1.369312792247357261e-03
1.369359771643430474e-03
1.369416068948404314e-03
1.369491226019229181e-03
1.369660757515172092e-03
1.369701042294160006e-03
1.369709957140573600e-03
1.369933117998022205e-03
1.370023697156982261e-03
1.370088612959924996e-03
1.370194458571034803e-03
1.370421599310047908e-03
1.370554107440501764e-03
1.370521381146058053e-03
1.370533547173211856e-03
1.370372430176135291e-03
1.370264210588699634e-03
1.370257342675086165e-03
1.370301156353946701e-03
1.370332971965298975e-03
1.370291535808891657e-03
1.370416081620259982e-03
1.370509101931043907e-03
1.370625472933947745e-03
1.370683651662085115e-03
1.370777859217543575e-03
1.370901578268646399e-03
1.370877541638570530e-03
1.370846529552882014e-03
1.370756328318828822e-03
1.370793144941138660e-03
1.370725701357691697e-03
1.370548671764247823e-03
1.370559998357755551e-03
1.370641568719790362e-03
1.370681126680637664e-03
1.370790169967280470e-03
1.370900962272091853e-03
1.371047812635453091e-03
1.371161721043527701e-03
1.371308378368911408e-03
1.371526325626830052e-03
1.371590573986520862e-03
1.371687751550115233e-03
1.371745565159353079e-03
1.371820154981130517e-03
1.371831724119908788e-03
1.371829952717079897e-03
1.371885423194377967e-03
1.371854855456057596e-03
1.371830342772850132e-03
1.371735696323064975e-03
1.371778291919530362e-03
1.371647688814207205e-03
1.371652574290430429e-03
1.371537103761324332e-03
1.371495041717428476e-03
1.371603575685145055e-03
1.371674572681085306e-03
1.371729683793364730e-03
1.371806758650657206e-03
1.371806692148169011e-03
1.371865349068277645e-03
1.371909364394173188e-03
1.371994099668197385e-03
1.372087416203623131e-03
1.372123727018918424e-03
1.372235525150462473e-03
1.372281634725505814e-03
1.372224729654883402e-03
1.372183063278353821e-03
1.372085763764645597e-03
1.371955883590041201e-03
1.371840743727312413e-03
1.371796267587027619e-03
1.371706666746023073e-03
1.371610527925812978e-03
1.371440661131201897e-03
1.371327091638644899e-03
1.371192270491265047e-03
1.371145651554470362e-03
1.371057186715137670e-03
1.371004193383042538e-03
1.370874874088992817e-03
1.370842922131838490e-03
1.370685466080211710e-03
1.370740913756303761e-03
1.370672811415592782e-03
1.370611015543168410e-03
1.370594200884578872e-03
1.370645008092941661e-03
1.370648954681494150e-03
1.370739252555779834e-03
1.370882236065267077e-03
1.370980730959641064e-03
1.370945412629266842e-03
1.370861322383853031e-03
1.370592137290873452e-03
1.370352590368880547e-03
1.370009475645753627e-03
1.369684833217989532e-03
1.369334388916139357e-03
1.369160442872823825e-03
1.368858145454937515e-03
1.368758316209827720e-03
1.368558883563840553e-03
1.368297638485880792e-03
1.368125573735252650e-03
1.367942057925605531e-03
1.367754401247163205e-03
1.367636797976236069e-03
1.367604398182254875e-03
1.367391454536781830e-03
1.367427847134026608e-03
1.367358134207889318e-03
1.367227169919984489e-03
1.366981767814349179e-03
1.366924041314392926e-03
1.366804927710295412e-03
1.366709261634616555e-03
1.366585730855492684e-03
1.366551362814354218e-03
1.366484304815004025e-03
1.366624978192247349e-03
1.366737111279658912e-03
1.366772592617740076e-03
1.366929155839921497e-03
1.367116602979883506e-03
1.367277339431929471e-03
1.367338793577503250e-03
1.367432406453185367e-03
1.367684291967297865e-03
1.367789407434948524e-03
1.368042891748648534e-03
1.368263382752317892e-03
1.368507180016462384e-03
1.368720932999941547e-03
1.369038986358784953e-03
1.369226715545011778e-03
1.369439945753562994e-03
1.369519603968325037e-03
1.369524636981279140e-03
1.369391021792389692e-03
1.369334650397311575e-03
1.369306554413484778e-03
1.369334882849401703e-03
1.369400300519827991e-03
1.369519664858369346e-03
1.369605942775502716e-03
1.369605446566079339e-03
1.369833038047453414e-03
1.369915134930463048e-03
1.369879029474849706e-03
1.369990436410341425e-03
1.370171239824723771e-03
1.370252275180491646e-03
1.370443265695924949e-03
1.370605307247972724e-03
1.370832630366061212e-03
1.371061032145653568e-03
1.371096981488656875e-03
1.371240321674000720e-03
1.371373874214703832e-03
1.371478580752099599e-03
1.371557534631036085e-03
1.371670628091623380e-03
1.371804256025542686e-03
1.371854869688224690e-03
1.371922918426400064e-03
1.371858755190303843e-03
1.371736786697219223e-03
1.371570891300780701e-03
1.371448112828352718e-03
1.371336575016026023e-03
1.371354086692062359e-03
1.371201485159249424e-03
1.371137540442908661e-03
1.371159583355511732e-03
1.371195936524719720e-03
1.371149849369187289e-03
1.371346002166889131e-03
1.371433877868767290e-03
1.371454808810395427e-03
1.371594812003860053e-03
1.371566125021836261e-03
1.371495988939982992e-03
1.371333250198259867e-03
1.371149255973828397e-03
1.370904313971752506e-03
1.370647265305707753e-03
1.370493178059747474e-03
1.370207853307545088e-03
1.369897623123784904e-03
1.369744027085749221e-03
1.369412807015674095e-03
1.369186328401217128e-03
1.368998591683278938e-03
1.368744375061212203e-03
1.368484854789455687e-03
1.368327522212909328e-03
1.367978524387440100e-03
1.367786114460016510e-03
1.367507922413402181e-03
1.367313935450178465e-03
1.367260167202384667e-03
1.366996152411947742e-03
1.366908859558360698e-03
1.366953612132954530e-03
1.366740179240822674e-03
1.366623786688784181e-03
1.366763667959668702e-03
1.366860754007359494e-03
1.366970573357026040e-03
1.367152625311586749e-03
1.367259449096425205e-03
1.367552268835164160e-03
1.367748224522044630e-03
1.367848536478670366e-03
1.368151802834683675e-03
1.368265491824371613e-03
1.368433970788691034e-03
1.368591973291388838e-03
1.368660788419364359e-03
1.368712218509362090e-03
1.368943446417734879e-03
1.368899330746044729e-03
1.369007740513733659e-03
1.369092577048172405e-03
1.369194548908446267e-03
1.369327985707466866e-03
1.369299476924288944e-03
1.369525571885546206e-03
1.369517885659412562e-03
1.369549629694664971e-03
1.369521613371610293e-03
1.369568569873406754e-03
1.369527136226591363e-03
1.369491738022726723e-03
1.369441252770656941e-03
1.369453297577782804e-03
1.369493711985225824e-03
1.369570427616862785e-03
1.369654113308324843e-03
1.369792940140930702e-03
1.370008959814787795e-03
1.370032615657740043e-03
1.370076579488444012e-03
1.370041972801398040e-03
1.370041345898818930e-03
1.370114181744282785e-03
1.370182461850751173e-03
1.370255102672671057e-03
1.370254586235688035e-03
1.370387917120652463e-03
1.370442171292427435e-03
1.370625331330611050e-03
1.370665590833566828e-03
1.370847417755192109e-03
1.370888996513065870e-03
1.370879316950447636e-03
1.370848878193022240e-03
1.370568689187452944e-03
1.370493376545469256e-03
1.370448424968836402e-03
1.370411630593026562e-03
1.370301765027468225e-03
1.370265265961591360e-03
1.370030569172260267e-03
1.369851239498883887e-03
1.369710507572812234e-03
1.369432320567275053e-03
1.369242801053164888e-03
1.369032916752792881e-03
1.368859624396711249e-03
1.368818484207326956e-03
1.368920812680967693e-03
1.368944241683159356e-03
1.369012492937922865e-03
1.369066586943368420e-03
1.369033276330196324e-03
1.369214872691951797e-03
1.369346479379894739e-03
1.369377845531251315e-03
1.369437053575079310e-03
1.369515791547078936e-03
1.369701755333883409e-03
1.369836360796164573e-03
1.370178078292387438e-03
1.370280211038806201e-03
1.370459487787798088e-03
1.370487908999257036e-03
1.370651853379885928e-03
1.370680751402301046e-03
1.370694672187064683e-03
1.370762531888427161e-03
1.370703528095582480e-03
1.370771182284507596e-03
1.370656676561193181e-03
1.370537453750840084e-03
1.370317328968084346e-03
1.370126838294733265e-03
1.369936758154549107e-03
1.369789933794815940e-03
1.369632346331946162e-03
1.369484417680993113e-03
1.369226872179478459e-03
1.368968139836711792e-03
1.368642772230101038e-03
1.368344765304046985e-03
1.368074065621150597e-03
1.367879090384830276e-03
1.367667575629187256e-03
1.367538234592013090e-03
1.367326998969956757e-03
1.367301395273046736e-03
1.367074309279586340e-03
1.367113467572740170e-03
1.366927625591688898e-03
1.366754849736407512e-03
1.366618528990369303e-03
1.366172245194635562e-03
1.365839257516413777e-03
1.365496611174746994e-03
1.365170083384293145e-03
1.364973396458288302e-03
1.364738964292455019e-03
1.364461863257228694e-03
1.364299477574338173e-03
1.364266494218519237e-03
1.364150689513340259e-03
1.363981228975627959e-03
1.363915220265701994e-03
1.363814420802983039e-03
1.363702515131344105e-03
1.363570200720516526e-03
1.363588049155977679e-03
1.363585943913946412e-03
1.363638954699051935e-03
1.363540876560457790e-03
1.363418036904686260e-03
1.363406458186423647e-03
1.363199275983340399e-03
1.363051972520004955e-03
1.362985087609397102e-03
1.362909041084326735e-03
1.362807209290539277e-03
1.362936005926410760e-03
1.362844142594385726e-03
1.362791715114589639e-03
1.362842190665743136e-03
1.362656393823716977e-03
1.362541618157336182e-03
1.362436458680821045e-03
1.362357548229998529e-03
1.362217287666213968e-03
1.362344840425808515e-03
1.362111351111939704e-03
1.362033127090852939e-03
1.361698418688873664e-03
1.361451552569130060e-03
1.361219326800832807e-03
1.360939920570605451e-03
1.360732371704056771e-03
1.360425308333187283e-03
1.360089842034695748e-03
1.359857909530014794e-03
1.359621902823170267e-03
1.359471374643265312e-03
1.359379056365617872e-03
1.359392463227063544e-03
1.359302945472604454e-03
1.359260177908075363e-03
1.359056069618019879e-03
1.358969587744017537e-03
1.358839675081821531e-03
1.358601103343330934e-03
1.358408210748779507e-03
1.358098034793752155e-03
1.357898292593148889e-03
1.357488167663145314e-03
1.357237556678979242e-03
1.356967008121956822e-03
1.356649350826337735e-03
1.356368135497264390e-03
1.356205587652221239e-03
1.355960735814529987e-03
1.355801571154394841e-03
1.355678859220254325e-03
1.355511517248659268e-03
1.355382346356722627e-03
1.355295410297962123e-03
1.355222852259131867e-03
1.355108058395118218e-03
1.355192721681910701e-03
1.354980886096844323e-03
1.354850479893423935e-03
1.354666441750214346e-03
1.354352643341611394e-03
1.354098004047920830e-03
1.353888109498972312e-03
1.353731179749818273e-03
1.353708012520684050e-03
1.353671583860698371e-03
1.353608348723994194e-03
1.353480868875564383e-03
1.353440346319425853e-03
1.353404279659602442e-03
1.353489735243513896e-03
1.353570248566372250e-03
1.353826765938556534e-03
1.353986315204332635e-03
1.354156398030658586e-03
1.354212246553577288e-03
1.354384567817673449e-03
1.354468952945178011e-03
1.354466359133714871e-03
1.354404767220858266e-03
1.354270257763254401e-03
1.354049646497253916e-03
1.353937958421237491e-03
1.353756011235158650e-03
1.353649122607949356e-03
1.353698454217969627e-03
1.353810691514635046e-03
1.353878075411108980e-03
1.354115780453734545e-03
1.354246896897943206e-03
1.354358320051507816e-03
1.354372031442253486e-03
1.354459564321955399e-03
1.354623199640324132e-03
1.354688068086373287e-03
1.354899440533340830e-03
1.355018933700349176e-03
1.355253098600285328e-03
1.355389308595620658e-03
1.355532097126200750e-03
1.355707257860422517e-03
1.355754024783638496e-03
1.355890078810363837e-03
1.355819726121966669e-03
1.356044118437160512e-03
1.356244087849038747e-03
1.356493850005179372e-03
1.356768925104095492e-03
1.356953621605381469e-03
1.357199568934423133e-03
1.357424596083749938e-03
1.357563467480042089e-03
1.357843312111654951e-03
1.358019155921238400e-03
1.358277623443381304e-03
1.358467424063717656e-03
1.358667484466127406e-03
1.358801106258176062e-03
1.358854681194727630e-03
1.358897392831007276e-03
1.358929401073366398e-03
1.358913205667284640e-03
1.358937637747600555e-03
1.359035760284108213e-03
1.359042133836523870e-03
1.358980056502284706e-03
1.359054297375204704e-03
1.358934640437296955e-03
1.358875195449643289e-03
1.358862092972648854e-03
1.358889065636399154e-03
1.359005443039490663e-03
1.359067324781759907e-03
1.359229725117554969e-03
1.359407041832146230e-03
1.359599413873768554e-03
1.359735767893023844e-03
1.359912042220492957e-03
1.359928660478486187e-03
1.359824723887826780e-03
1.359861503459392851e-03
1.359772985654203415e-03
1.359738214556694986e-03
1.359654146523557898e-03
1.359553311642773109e-03
1.359506945624687404e-03
1.359390300963944555e-03
1.359294956948705647e-03
1.359138587618236808e-03
1.359058574895689875e-03
1.359025588212322199e-03
1.358883183363659292e-03
1.358876543042428914e-03
1.358743178237877946e-03
1.358644336417190977e-03
1.358435371728851761e-03
1.358235430812423884e-03
1.358113037800524198e-03
1.358150773862220207e-03
1.358128836941608361e-03
1.358241364159083579e-03
1.358492613470795420e-03
1.358649965152174295e-03
1.358725968791357330e-03
1.358828376944677804e-03
1.358864758235233490e-03
1.358969329755555780e-03
1.358864891763331140e-03
1.358760711224980041e-03
1.358996188409154499e-03
1.359067384172107148e-03
1.359197556354455917e-03
1.359406340002821323e-03
1.359601932031763612e-03
1.359828037956899768e-03
1.359834981639233961e-03
1.360000272660759520e-03
1.360187762834159887e-03
1.360311008388408790e-03
1.360473012841630167e-03
1.360476907165230308e-03
1.360611324692503638e-03
1.360629778825144702e-03
1.360851396726117614e-03
1.360943878589427215e-03
1.360947218692478995e-03
1.360969343037097927e-03
1.360991817346200250e-03
1.361206612465232398e-03
1.361226790658896313e-03
1.361444298157709525e-03
1.361544643332631213e-03
1.361818857303754128e-03
1.362072132472311962e-03
1.362367625917299723e-03
1.362516766430694332e-03
1.362769544774400507e-03
1.362996116478728354e-03
1.363329230391865021e-03
1.363638888040653299e-03
1.363879511939461008e-03
1.364282181477439277e-03
1.364687575843527654e-03
1.364925410211623906e-03
1.365238269334364011e-03
1.365434272456682654e-03
1.365699148638231880e-03
1.365813967559437094e-03
1.365896228276635782e-03
1.366003670078839820e-03
1.366079004128813255e-03
1.366181730606058240e-03
1.366129523453738686e-03
1.366215364485358829e-03
1.366205161677405732e-03
1.366130972920654536e-03
1.366087649271120578e-03
1.366070952474782033e-03
1.366123482979974277e-03
1.366117948904552399e-03
1.366093709580724555e-03
1.365941860486220979e-03
1.365785925923858639e-03
1.365642643243141939e-03
1.365710391269146220e-03
1.365609219978836195e-03
1.365653036012664297e-03
1.365645059025942954e-03
1.365665955828445537e-03
1.365627016335932940e-03
1.365589411120947351e-03
1.365598565441048353e-03
1.365454015492158658e-03
1.365412775675800159e-03
1.365231358861428591e-03
1.365170005273832988e-03
1.365012987895105213e-03
1.364921058237268366e-03
1.364834455233264595e-03
1.364720625730945396e-03
1.364664221604982653e-03
1.364592704701349550e-03
1.364353916877296749e-03
1.364096878941199525e-03
1.363942434358382310e-03
1.363681630765390491e-03
1.363424880277511056e-03
1.363269440485586660e-03
1.363225182084525870e-03
1.363049297027533503e-03
1.362906662087366152e-03
1.362848398402048602e-03
1.362685008672929110e-03
1.362467803131018305e-03
1.362377031943210349e-03
1.362369500876544660e-03
1.362229071381009134e-03
1.362069530565809426e-03
1.362072769600147695e-03
1.362054716472794417e-03
1.362097353730578730e-03
1.362116061409970880e-03
1.362135101134409436e-03
1.362190785659355601e-03
1.362171810680711057e-03
1.362153139161817548e-03
1.362176148413783965e-03
1.362296734531663178e-03
1.362237879236745993e-03
1.362447986405487593e-03
1.362641960832087660e-03
1.362757366509322055e-03
1.362892091723365545e-03
1.363155376083832054e-03
1.363260981223392071e-03
1.363441580889707822e-03
1.363559006723377796e-03
1.363658181577287075e-03
1.363743139448363824e-03
1.363791475699826150e-03
1.363878843129591543e-03
1.363959722923689753e-03
1.363996912639976094e-03
1.364062077417258672e-03
1.364076895191591735e-03
1.364094448582303838e-03
1.364139494806348345e-03
1.364220764500302663e-03
1.364436971201175158e-03
1.364296880620328263e-03
1.364345067128102220e-03
1.364327722581685273e-03
1.364091208556329326e-03
1.363944915704278426e-03
1.363641032713396300e-03
1.363421253756219673e-03
1.363257746334646959e-03
1.363128249329989723e-03
1.362875631782037430e-03
1.362931941448562289e-03
1.362859519323818660e-03
1.362893212221246222e-03
1.362955753234105409e-03
1.363005098316955087e-03
1.363067116878183055e-03
1.363174075824330304e-03
1.363220318699688008e-03
1.363315299397252793e-03
1.363178083773982589e-03
1.363100996307343819e-03
1.363081956262525690e-03
1.362896169395266203e-03
1.362896617278912172e-03
1.362840662918059350e-03
1.362803545248735156e-03
1.362633325723860891e-03
1.362502888584270861e-03
1.362376307434012271e-03
1.362085326646186086e-03
1.361779195515382124e-03
1.361449019945809580e-03
1.361212119168432383e-03
1.360938023137966708e-03
1.360694205346565022e-03
1.360463437697477995e-03
1.360327954857460395e-03
1.360200844065322622e-03
1.359885018826061933e-03
1.359695351852488942e-03
1.359535560770901109e-03
1.359430899929543442e-03
1.359443645807992696e-03
1.359498351712988161e-03
1.359531382145275687e-03
1.359662988622872782e-03
1.359691512064648391e-03
1.359840627648622492e-03
1.359911760659608757e-03
1.360052970805160268e-03
1.360167377317571084e-03
1.360366232358404008e-03
1.360592287588986791e-03
1.360581138559647726e-03
1.360690778294381537e-03
1.360583509854372975e-03
1.360695036529914383e-03
1.360654316147533269e-03
1.360547316345406396e-03
1.360558416023552189e-03
1.360484118693863027e-03
1.360361499778210389e-03
1.360328832128853511e-03
1.360265017016073705e-03
1.360259580912170961e-03
1.360289136956475660e-03
1.360395830595420271e-03
1.360458250823157102e-03
1.360541162092670717e-03
1.360340132977590124e-03
1.360176541758752492e-03
1.360041787188041732e-03
1.359749242832922114e-03
1.359431367222960077e-03
1.359160022296625366e-03
1.358791466464295394e-03
1.358497295590885279e-03
1.358415181018326817e-03
1.358313952417424973e-03
1.358217172676901962e-03
1.358036488354732703e-03
1.357804740914514852e-03
1.357687750085322630e-03
1.357482524439076067e-03
1.357271085248366481e-03
1.357214076880168497e-03
1.357131673589792370e-03
1.357190338672221866e-03
1.357294759693789205e-03
1.357319764313273973e-03
1.357370691837588407e-03
1.357304584274250442e-03
1.357308607112144624e-03
1.357328201793741532e-03
1.357363124999594545e-03
1.357515517294456730e-03
1.357539927971013671e-03
1.357721976718339338e-03
1.357880420225793727e-03
1.358094715187654769e-03
1.358218706560247388e-03
1.358325371883673882e-03
1.358481898852388061e-03
1.358588845259537260e-03
1.358625307453508423e-03
1.358687472971881628e-03
1.358645739650104524e-03
1.358718682414920441e-03
1.358755366051624678e-03
1.358867176091874086e-03
1.358626420278370630e-03
1.358583218624300100e-03
1.358470046823978799e-03
1.358263367780918746e-03
1.358010186837314923e-03
1.357710637171810793e-03
1.357603209511834292e-03
1.357468692333246634e-03
1.357418389155054311e-03
1.357393516212154760e-03
1.357375994636241066e-03
1.357457012637874752e-03
1.357364475630598718e-03
1.357473037035843676e-03
1.357747935717409883e-03
1.358030796798124964e-03
1.358228566389287637e-03
1.358523651954891050e-03
1.358833479125498437e-03
1.359078455858886555e-03
1.359349783835681839e-03
1.359574023287320752e-03
1.359727109039075539e-03
1.359887044731967858e-03
1.359990171661520225e-03
1.360179927612508062e-03
1.360199997441648243e-03
1.360414232118798035e-03
1.360542152830155607e-03
1.360645138109785280e-03
1.360804615911635242e-03
1.360891264869492799e-03
1.361134121294068711e-03
1.361108728538274392e-03
1.361167840976677985e-03
1.361168164627373422e-03
1.361159343586122684e-03
1.361188034524744113e-03
1.361240073395369749e-03
1.361242358878866215e-03
1.361329140640066965e-03
1.361339092506372393e-03
1.361404164217030468e-03
1.361298943921813694e-03
1.361150666045982029e-03
1.360935714166460093e-03
1.360696731262251487e-03
1.360619523306936824e-03
1.360520210220508798e-03
1.360417886761241743e-03
1.360174331761750469e-03
1.360098251026322031e-03
1.360084224040121427e-03
1.360114553997434240e-03
1.360168062000978494e-03
1.360240909232786040e-03
1.360408343883390313e-03
1.360405684109191899e-03
1.360580795905972544e-03
1.360723516265149435e-03
1.361019736748641466e-03
1.361236878037421025e-03
1.361455572511125443e-03
1.361725639998820044e-03
1.361897575229321141e-03
1.362101290263956861e-03
1.362157511034715971e-03
1.362160595519005700e-03
1.362184596152475700e-03
1.362015845425187163e-03
1.361810525914126024e-03
1.361535755036787521e-03
1.361247057558642856e-03
1.360951730624973717e-03
1.360710229130012274e-03
1.360274135894986528e-03
1.360032702136049990e-03
1.359769226228239088e-03
1.359619336260648294e-03
1.359302930105941868e-03
1.359125234839553276e-03
1.358970474015130893e-03
1.358699514178914394e-03
1.358552659387750414e-03
1.358473008254364005e-03
1.358446428895812444e-03
1.358452410356076603e-03
1.358435884714150749e-03
1.358464249831678981e-03
1.358572315123362465e-03
1.358589342387364228e-03
1.358610422422658597e-03
1.358611017274062409e-03
1.358706197610488843e-03
1.358813367891191634e-03
1.359064035838148526e-03
1.359289505261284921e-03
1.359503338536983139e-03
1.359677338655611908e-03
1.359723313898911169e-03
1.359723342535875930e-03
1.359761397785389176e-03
1.359621910515864838e-03
1.359365013729827787e-03
1.359117710044865533e-03
1.359005289991608786e-03
1.358870291508750168e-03
1.358777679702057690e-03
1.358713087837758226e-03
1.358473915667856224e-03
1.358322561342435774e-03
1.358127809332288459e-03
1.357929163195028361e-03
1.357590277013797633e-03
1.357353895563067226e-03
1.357204204616882124e-03
1.357026237072290076e-03
1.357021426128664828e-03
1.357031895002847738e-03
1.357035979560972626e-03
1.357133961799137246e-03
1.357305586929063350e-03
1.357271369240648428e-03
1.357511577017078263e-03
1.357535133721361666e-03
1.357599242363801686e-03
1.357570815878009251e-03
1.357674860532271646e-03
1.357621383729759601e-03
1.357649636097762189e-03
1.357733651174324605e-03
1.357737982438488988e-03
1.357763916437249984e-03
1.357782597250847823e-03
1.357723180658429538e-03
1.357750131358534526e-03
1.357649958564768411e-03
1.357592778005485903e-03
1.357498430068609799e-03
1.357349433061421241e-03
1.357248643327733885e-03
1.357070318283049807e-03
1.356959736074859297e-03
1.356756718526836098e-03
1.356697364082142063e-03
1.356676125544024631e-03
1.356569349323887485e-03
1.356406806708174975e-03
1.356385572911366017e-03
1.356157558919961941e-03
1.356120216664011757e-03
1.355972641374246892e-03
1.355898880642917009e-03
1.355714219399598150e-03
1.355564113733221049e-03
1.355397872592502750e-03
1.355276047397835099e-03
1.355190962255563032e-03
1.355211715657766601e-03
1.355277087532806308e-03
1.355146245133179812e-03
1.355125805437500108e-03
1.355103393465555790e-03
1.355027436625394661e-03
1.355015549773334275e-03
1.354926740624263094e-03
1.354913181998636772e-03
1.354841024506975734e-03
1.354908070209753096e-03
1.354842949481792217e-03
1.354799338429782960e-03
1.354937024944202588e-03
1.354838499628958567e-03
1.354991190889960791e-03
1.354964066852296653e-03
1.354953405502436420e-03
1.354907328152279468e-03
1.354948954605944772e-03
1.354918086298759466e-03
1.355053385365378440e-03
1.355169845618067574e-03
1.355275930886772583e-03
1.355468334219875814e-03
1.355585677434654026e-03
1.355771347424653038e-03
1.355957416769768952e-03
1.356014004395848490e-03
1.356064284317665689e-03
1.356205585895801360e-03
1.356385472481840861e-03
1.356623078181999446e-03
1.356669662556548922e-03
1.356568207830723604e-03
1.356498975355056088e-03
1.356252199162839281e-03
1.356085482203340121e-03
1.355918629667567663e-03
1.355759651470201570e-03
1.355741818050429631e-03
1.355579704438079035e-03
1.355462507160635740e-03
1.355446916097443298e-03
1.355319955399759317e-03
1.355248799577789699e-03
1.355166154480983440e-03
1.354997097548954303e-03
1.354827243855300390e-03
1.354707416586137681e-03
1.354514083988499337e-03
1.354319630201159148e-03
1.354280231140735915e-03
1.354210412685457211e-03
1.354188067187016894e-03
1.354050993553350358e-03
1.353942834346934763e-03
1.353939362893779664e-03
1.353976533816359613e-03
1.353903394322684365e-03
1.353813882234396800e-03
1.353864499856898473e-03
1.353856818493918328e-03
1.354040326062766779e-03
1.353913838627685950e-03
1.353943489450758816e-03
1.354063129010413865e-03
1.354190940005165194e-03
1.354365773995298578e-03
1.354598324205923002e-03
1.354794736379444278e-03
1.354915430128157640e-03
1.354998976289004120e-03
1.355174256679602708e-03
1.355353766479539456e-03
1.355567731761267262e-03
1.355707850585004823e-03
1.355949445736305678e-03
1.355919136030332966e-03
1.355818372873695632e-03
1.355835513953417481e-03
1.355801317662961268e-03
1.355820085927700270e-03
1.355813206397478085e-03
1.355798991485248576e-03
1.355696755743888895e-03
1.355665600473264683e-03
1.355595972560108206e-03
1.355529218921752970e-03
1.355475172562096422e-03
1.355421784733800393e-03
1.355320422191967069e-03
1.355309846776859639e-03
1.355268683221413223e-03
1.355215484980593988e-03
1.355297835799446028e-03
1.355422145678342877e-03
1.355539868046793522e-03
1.355804427752849584e-03
1.355871045789081323e-03
1.356006599736033283e-03
1.356066724565598448e-03
1.356127032480065019e-03
1.356137229656556240e-03
1.356235965262608898e-03
1.356515632340371232e-03
1.356852177764897392e-03
1.357166028606269842e-03
1.357561645027836016e-03
1.357843218114685021e-03
1.358019709150834215e-03
1.358268754614652815e-03
1.358570049660113395e-03
1.358830110214685792e-03
1.359139877996570506e-03
1.359225308552322728e-03
1.359336374341785269e-03
1.359512376672368430e-03
1.359589781432207810e-03
1.359637733350823989e-03
1.359762136496285665e-03
1.359846642103242379e-03
1.359789289825341163e-03
1.359770583504708906e-03
1.359797569431194517e-03
1.359777120868094344e-03
1.359619477187483817e-03
1.359669316442064157e-03
1.359625529191133995e-03
1.359712273121554352e-03
1.359744235121938382e-03
1.359964324498400337e-03
1.360027124952821942e-03
1.360161187968095438e-03
1.360213003590878553e-03
1.360222396578222208e-03
1.360339123471940043e-03
1.360447225655138544e-03
1.360571726895104744e-03
1.360557519006707922e-03
1.360643657389784241e-03
1.360686599424023929e-03
1.360695626918684590e-03
1.360621391319642715e-03
1.360620331369074643e-03
1.360675425506864327e-03
1.360509872217870392e-03
1.360532360411255979e-03
1.360457228478486377e-03
1.360559634969163521e-03
1.360612627738300336e-03
1.360712238060381336e-03
1.360938719952617610e-03
1.361110731782723187e-03
1.361183083255213021e-03
1.361272264876675891e-03
1.361388743413736654e-03
1.361520075903000643e-03
1.361582467242563070e-03
1.361677823888744277e-03
1.361731299439132917e-03
1.362020687668565998e-03
1.362188275198694632e-03
1.362265842152834755e-03
1.362372060237455364e-03
1.362537366635488498e-03
1.362650491482489228e-03
1.362534850989493814e-03
1.362547263389941561e-03
1.362493192070097885e-03
1.362459712012525003e-03
1.362333648288351897e-03
1.362454596787287045e-03
1.362288928104780873e-03
1.362164564466864652e-03
1.362089150971303305e-03
1.361884769714200851e-03
1.361726887045366582e-03
1.361435034692861463e-03
1.361207101202150088e-03
1.361097083535190181e-03
1.361066750231539838e-03
1.361086474045844095e-03
1.361160927972702517e-03
1.361262521005716236e-03
1.361323027982470511e-03
1.361434563700556844e-03
1.361467992094184901e-03
1.361556534880030553e-03
1.361603532416287565e-03
1.361606056316791739e-03
1.361764050573719808e-03
1.361767456330056913e-03
1.361803398049509558e-03
1.361839566153620401e-03
1.361686716771333882e-03
1.361735064490023550e-03
1.361676058274629729e-03
1.361471655741545864e-03
1.361165507255046462e-03
1.360968801534890053e-03
1.360798611945984206e-03
1.360663745505174540e-03
1.360631143654044773e-03
1.360559224193891000e-03
1.360526446032378056e-03
1.360520345259240080e-03
1.360424012447665563e-03
1.360272806448543188e-03
1.360070542228489655e-03
1.359816951122396573e-03
1.359677284356456241e-03
1.359433637405936795e-03
1.359211178835559785e-03
1.359018826931088306e-03
1.358693821643129629e-03
1.358384469148398539e-03
1.358090635033447433e-03
1.357959207452298775e-03
1.357835152651095051e-03
1.357566464759759695e-03
1.357327451074059367e-03
1.356937356609763971e-03
1.356609133895817767e-03
1.356283998964492952e-03
1.356192367846442964e-03
1.355961247483968577e-03
1.355898502041166364e-03
1.355959199177305622e-03
1.355938940738119457e-03
1.355999136400249262e-03
1.356100205880571979e-03
1.356197450302039321e-03
1.356302097265250093e-03
1.356269000889335271e-03
1.356265997167429736e-03
1.356434578487498033e-03
1.356452711590321785e-03
1.356614416895665035e-03
1.356648262840243722e-03
1.356543839331626105e-03
1.356590598331058710e-03
1.356698254707065267e-03
1.356692661457097916e-03
1.356765951219085281e-03
1.356831655532009934e-03
1.356786934338511091e-03
1.356864417472744251e-03
1.356905816879755942e-03
1.357003032028248181e-03
1.357051200496909183e-03
1.357167240338521055e-03
1.357099592044262205e-03
1.357190588254569927e-03
1.357161342300481971e-03
1.357259994125676076e-03
1.357326418908772750e-03
1.357388710002343114e-03
1.357387723529313332e-03
1.357367834767526970e-03
1.357291474390251527e-03
1.357125870445432788e-03
1.357000836120060474e-03
1.356846973593940804e-03
1.356736504146705165e-03
1.356727802609794011e-03
1.356866076605253799e-03
1.356791285095124144e-03
1.356817569977294058e-03
1.356770434760211537e-03
1.356748335401958229e-03
1.356503486517213891e-03
1.356299325900024244e-03
1.356265337633428105e-03
1.356195628724816060e-03
1.355928370188966238e-03
1.355784025221702400e-03
1.355648559893690968e-03
1.355384400500766508e-03
1.355130545823163323e-03
1.355006707041785975e-03
1.354849695033603571e-03
1.354709168664464721e-03
1.354571951264045343e-03
1.354534844295749536e-03
1.354594728783243586e-03
1.354539513580906842e-03
1.354447514003205176e-03
1.354598895083485239e-03
1.354498045695065774e-03
1.354487440077267735e-03
1.354387521588206302e-03
1.354374243477582049e-03
1.354333672599569022e-03
1.354351011126541261e-03
1.354260495699161331e-03
1.354204733410771478e-03
1.354232542387592657e-03
1.354171482598557404e-03
1.354097588181268734e-03
1.354118574204450556e-03
1.354163622667539733e-03
1.354142113356414118e-03
1.354105622160939500e-03
1.353977470316516116e-03
1.353677200938568914e-03
1.353564593186446169e-03
1.353360826913718555e-03
1.353295556195719057e-03
1.353262026827434629e-03
1.353258043064113668e-03
1.353365202363360697e-03
1.353304773789751510e-03
1.353430498911406847e-03
1.353443962805743299e-03
1.353557702834465781e-03
1.353724239628712215e-03
1.353965345592790656e-03
1.354204780151273572e-03
1.354542403798873491e-03
1.354811915615899325e-03
1.355208009062533600e-03
1.355562917027385277e-03
1.355877446156889769e-03
1.356078186176445932e-03
1.356372779455297401e-03
1.356679344739296529e-03
1.356936819554941482e-03
1.357319644268278978e-03
1.357644730669029486e-03
1.357813187197114179e-03
1.357994137664806592e-03
1.358053023006935674e-03
1.358057736675844429e-03
1.357910558137612449e-03
1.357737250207422626e-03
1.357556902457325229e-03
1.357475515623160619e-03
1.357289121927145919e-03
1.357229426780156732e-03
1.356942194820418349e-03
1.356740274496596402e-03
1.356726502626413519e-03
1.356720695228030805e-03
1.356722120522144874e-03
1.356665044244743457e-03
1.356627990715252681e-03
1.356583456435237010e-03
1.356578244505573334e-03
1.356423588018655733e-03
1.356357912188881814e-03
1.356391455396151972e-03
1.356398869427974038e-03
1.356455254315503886e-03
1.356342903873303859e-03
1.356389776777362430e-03
1.356388201478652810e-03
1.356363559350464787e-03
1.356298446778546806e-03
1.356196255304626015e-03
1.356019686106508387e-03
1.356006927399964861e-03
1.355690458462737932e-03
1.355669203344879881e-03
1.355597912219995774e-03
1.355571558382972098e-03
1.355565378688335879e-03
1.355543509496228913e-03
1.355483756535348899e-03
1.355453994366451979e-03
1.355393097893501340e-03
1.355361825201689338e-03
1.355214016083027906e-03
1.355154360470532887e-03
1.355103053845940157e-03
1.354988142238223049e-03
1.354871545878765047e-03
1.354876434331490128e-03
1.354941833173778148e-03
1.354943155899652509e-03
1.354859066320352780e-03
1.354847721682905012e-03
1.354858148171573986e-03
1.354786002049592885e-03
1.354713163358224962e-03
1.354607774469870907e-03
1.354756976349985815e-03
1.354874521048365964e-03
1.354881395915861998e-03
1.354940343489600485e-03
1.355036586943522215e-03
1.355224174729952871e-03
1.355149853966521132e-03
1.355122639186964479e-03
1.355015837937313065e-03
1.355148157887103811e-03
1.355217950915356580e-03
1.355262563681833288e-03
1.355319699309699352e-03
1.355409324433452453e-03
1.355362762315004237e-03
1.355396854614400112e-03
1.355511023401984125e-03
1.355642202751644468e-03
1.355826496845735857e-03
1.356014867698189129e-03
1.356102760193122732e-03
1.356348659882802539e-03
1.356561131684172299e-03
1.356571426472681814e-03
1.356753493624913553e-03
1.356904339636976018e-03
1.356970995022287532e-03
1.356996894932452433e-03
1.357261411963901808e-03
1.357366325113057177e-03
1.357416917235774708e-03
1.357376437375509056e-03
1.357343669834417321e-03
1.357333136118302240e-03
1.357413474809229933e-03
1.357320201054674613e-03
1.357287427975221224e-03
1.357279532788383588e-03
1.357267087518710920e-03
1.357167227272749500e-03
1.357296018952103582e-03
1.357287555396626899e-03
1.357314752310283170e-03
1.357514281833967608e-03
1.357440095790166936e-03
1.357517814444614106e-03
1.357520839525730265e-03
1.357513833270110109e-03
1.357493456348083001e-03
1.357560349672630321e-03
1.357552564295513029e-03
1.357546078516697757e-03
1.357435873656115486e-03
1.357321774537365760e-03
1.357137376767135299e-03
1.357108603320409139e-03
1.357055971087103331e-03
1.356963142054063050e-03
1.356852791515060930e-03
1.356671751851953357e-03
1.356353109729621252e-03
1.356088186541005818e-03
1.355985159643467589e-03
1.355855176372556528e-03
1.355770880523265694e-03
1.355471572662133445e-03
1.355247956743765988e-03
1.355006853062043276e-03
1.354876659297728474e-03
1.354558308626464293e-03
1.354426453425969668e-03
1.354337186822429651e-03
1.354300370567775372e-03
1.354305667900658917e-03
1.354401873832719594e-03
1.354485942647476893e-03
1.354715128669722055e-03
1.354917576705947290e-03
1.355161752076057156e-03
1.355380420267434348e-03
1.355604580881845066e-03
1.355783550154350840e-03
1.355818308642745430e-03
1.355869024868958236e-03
1.355915464911302019e-03
1.355879719440650655e-03
1.355865600910397765e-03
1.355695005046574997e-03
1.355522919958392081e-03
1.355304013567429182e-03
1.355245076735418948e-03
1.355110803658825334e-03
1.355001708941089419e-03
1.354867273605772854e-03
1.354727107822303184e-03
1.354855431869749893e-03
1.354879262945340220e-03
1.354911097985150034e-03
1.355039694272106542e-03
1.354931590787180435e-03
1.354831362241437935e-03
1.354702298160803718e-03
1.354539890188544279e-03
1.354511136881504912e-03
1.354517728648551179e-03
1.354600055917614147e-03
1.354544586634504706e-03
1.354649852740448437e-03
1.354833668839568531e-03
1.354868489844833924e-03
1.355057324996528393e-03
1.355264845041274273e-03
1.355541091723328840e-03
1.355805124734564982e-03
1.356193034043557148e-03
1.356469936918004238e-03
1.356838879120603756e-03
1.357161337111933161e-03
1.357441623682755644e-03
1.357688638107613531e-03
1.357850728886165039e-03
1.358069151672900527e-03
1.358197261840375777e-03
1.358218206061473886e-03
1.358050480410236734e-03
1.357940855839518584e-03
1.358034224968373291e-03
1.357956305968757282e-03
1.358053818436184617e-03
1.358082017874058826e-03
1.358176435187962708e-03
1.358256196985471514e-03
1.358198360265178714e-03
1.358293145065927587e-03
1.358244056252771309e-03
1.358165513248481846e-03
1.358121877365371438e-03
1.358115094748380599e-03
1.358164308106510820e-03
1.358322304966716075e-03
1.358422728787027009e-03
1.358619234287594462e-03
1.358717252287883030e-03
1.358807030788911855e-03
1.358948857010597051e-03
1.359065383631216433e-03
1.359134272476749403e-03
1.359272919407056258e-03
1.359413519931374284e-03
1.359348585529002911e-03
1.359297604762492234e-03
1.359115539401380048e-03
1.359162264649109615e-03
1.359077019080081033e-03
1.358913527273522808e-03
1.358741480700816073e-03
1.358662706267915092e-03
1.358498501145490207e-03
1.358257898169493725e-03
1.358056077910936663e-03
1.357840248524457005e-03
1.357616952065735785e-03
1.357515606037124891e-03
1.357453629066096524e-03
1.357591514531608081e-03
1.357616640531745557e-03
1.357710441281775697e-03
1.357786929904172477e-03
1.357994553680377109e-03
1.358121605288003641e-03
1.358375147848909972e-03
1.358590769040144298e-03
1.358766989225281734e-03
1.358985111054773938e-03
1.359142354957472085e-03
1.359316545860068471e-03
1.359521319668279080e-03
1.359597272620118686e-03
1.359706767861938769e-03
1.359859052162686001e-03
1.359946612338211068e-03
1.360089042311802589e-03
1.360258123855613522e-03
1.360411031144920799e-03
1.360572479020433342e-03
1.360688412928044927e-03
1.360739505809109139e-03
1.360847513384758414e-03
1.360932285009881825e-03
1.361017276406246805e-03
1.361190496009575829e-03
1.361275796457418362e-03
1.361287825439918978e-03
1.361354238408769238e-03
1.361589803205447754e-03
1.361792436625695359e-03
1.362036292016726184e-03
1.362178839428964403e-03
1.362359379710352623e-03
1.362474810863539311e-03
1.362660923483291703e-03
1.363007092057832341e-03
1.363176628320426735e-03
1.363470958999994740e-03
1.363941689519801524e-03
1.364272637640783631e-03
1.364669213213258675e-03
1.365007112752756029e-03
1.365243036361453053e-03
1.365526870326222268e-03
1.365623279242198862e-03
1.365699004814626728e-03
1.365749763945473807e-03
1.365751231861134793e-03
1.365851025516319267e-03
1.365995806972107032e-03
1.366176826867060261e-03
1.366490615955384073e-03
1.366723513307790613e-03
1.367019680981546243e-03
1.367195444791130662e-03
1.367312066213993140e-03
1.367398524724438300e-03
1.367427727628659851e-03
1.367449548819765640e-03
1.367515232122565663e-03
1.367451530444963124e-03
1.367424558144079028e-03
1.367298285727690937e-03
1.367143384317878003e-03
1.366964207105600708e-03
1.366746432428418007e-03
1.366543839249691238e-03
1.366466479115808000e-03
1.366271344816860677e-03
1.366263494939513141e-03
1.366163085733100189e-03
1.366199392374583578e-03
1.366134465293670748e-03
1.365984191226878291e-03
1.365726064669836809e-03
1.365525460044759477e-03
1.365309467949642674e-03
1.365219316537486091e-03
1.365297409414033183e-03
1.365387980176217125e-03
1.365414201841830483e-03
1.365339487541009653e-03
1.365259528032168298e-03
1.365131158765079105e-03
1.365027082432481191e-03
1.364958100368519152e-03
1.364727653293034510e-03
1.364788808911167675e-03
1.364786691012027757e-03
1.364603541182845539e-03
1.364590516183474597e-03
1.364451019995828159e-03
1.364220679255537857e-03
1.363924372180097804e-03
1.363695339720905758e-03
1.363449301451033924e-03
1.363286698089883437e-03
1.363164528156622646e-03
1.363021277491243809e-03
1.362956236079303912e-03
1.362910927987843199e-03
1.362877204235210526e-03
1.362880148443132043e-03
1.362991703582111004e-03
1.363109586096359314e-03
1.363040295212994933e-03
1.362989332823940497e-03
1.363115324902785044e-03
1.363069994632841540e-03
1.363050521491028727e-03
1.363102854176756820e-03
1.363162695336139589e-03
1.363213517868167241e-03
1.363445000967464411e-03
1.363540580541253199e-03
1.363788198465807049e-03
1.364014104674167102e-03
1.364073765600349328e-03
1.364228172824300108e-03
1.364250658793493727e-03
1.364143684688264805e-03
1.364099180868593450e-03
1.364017979667602820e-03
1.363943786234432867e-03
1.363803224291358293e-03
1.363550619104934901e-03
1.363428945776109201e-03
1.363211356458057105e-03
1.363130298023643465e-03
1.363057949757461246e-03
1.363063793164265682e-03
1.363122658594651719e-03
1.363195271569020732e-03
1.363219956839383700e-03
1.363310563113003014e-03
1.363240744706278136e-03
1.363319247254153556e-03
1.363491396424539774e-03
1.363574962059567854e-03
1.363690479402467895e-03
1.363776398226275010e-03
1.363778064305299752e-03
1.363926231364342729e-03
1.363878578540385529e-03
1.363858900090273493e-03
1.363846964061744870e-03
1.363810188609725516e-03
1.363827541078240554e-03
1.363877945130924580e-03
1.363842502550457938e-03
1.363874720298745291e-03
1.363899905764770926e-03
1.363665981181347991e-03
1.363397682519746149e-03
1.363103391441077526e-03
1.362732011044105913e-03
1.362560130997097791e-03
1.362433715013015509e-03
1.362323254388051342e-03
1.362259161409587515e-03
1.362242545828332239e-03
1.362261829613454784e-03
1.362232307931069645e-03
1.362186827537890249e-03
1.362206301735089742e-03
1.362232080542305794e-03
1.362259705917576559e-03
1.362210303266878607e-03
1.362206869299300649e-03
1.362096000076252296e-03
1.361950323763321067e-03
1.361764611961026675e-03
1.361661662372057931e-03
1.361517564834079487e-03
1.361488505482943371e-03
1.361359931948751163e-03
1.361267953438802291e-03
1.361181977618034205e-03
1.361119384138162729e-03
1.360929379268203954e-03
1.360835907431595703e-03
1.360784577092810253e-03
1.360796651906059354e-03
1.360751922847907355e-03
1.360620618988841405e-03
1.360484098844268186e-03
1.360300404253474062e-03
1.360074568689038964e-03
1.359887120260868483e-03
1.359903346647936464e-03
1.359834420244727341e-03
1.359780298345215606e-03
1.359841159947285105e-03
1.359943083405821488e-03
1.359955873444306613e-03
1.359989563506030933e-03
1.360025954152375548e-03
1.359984740974973716e-03
1.360016909599486143e-03
1.359958668673754692e-03
1.359949676839631921e-03
1.359995754079716766e-03
1.359932061225938059e-03
1.359974194257334732e-03
1.360061825237951407e-03
1.360082753416104982e-03
1.360133613637685285e-03
1.360089156189873407e-03
1.360135799108816825e-03
1.360245455834366724e-03
1.360373240065881027e-03
1.360471685037585284e-03
1.360678738219412614e-03
1.360804148994234882e-03
1.360730791978392471e-03
