3.967177345828656193e-03
3.967177345828656193e-03
3.688357320052771792e-03
3.553974140142662774e-03
3.354762342875694699e-03
3.199896489870874584e-03
3.071704618495331093e-03
2.977457009814287164e-03
2.882620998163030763e-03
2.776178843610445195e-03
2.717511111313227878e-03
2.642445400308752936e-03
2.583120165239862973e-03
2.520325012486096267e-03
2.466922657479974842e-03
2.403351427316452807e-03
2.356970776319646920e-03
2.308994679551558665e-03
2.267132080116005238e-03
2.224821214913289512e-03
2.183606622431653790e-03
2.142905182373578982e-03
2.114524015037943985e-03
2.088046499042141464e-03
2.064127195130844011e-03
2.039143869738644591e-03
2.016842725623844892e-03
1.986055049144267674e-03
1.958916809564175895e-03
1.935488687316273739e-03
1.914123598101028553e-03
1.888674114875783057e-03
1.873960162058928378e-03
1.847714212845879677e-03
1.827793159809012460e-03
1.812719491546658374e-03
1.800462792839253303e-03
1.774330196533812189e-03
1.764325882187759006e-03
1.743510563496300167e-03
1.730745832311011458e-03
1.715620624318435440e-03
1.702649381457982478e-03
1.690057641403286187e-03
1.675127086535966323e-03
1.658220971656324590e-03
1.645885626027167098e-03
1.631543124059334042e-03
1.625395071455142332e-03
1.615376417437912326e-03
1.600458107395293528e-03
1.600662661536566504e-03
1.591333902357724680e-03
1.581732859123983733e-03
1.572931596322652784e-03
1.568403445129659592e-03
1.557793867099634523e-03
1.538343039104025532e-03
1.523664733505295009e-03
1.513681253793599212e-03
1.509973811264100560e-03
1.492600990217906980e-03
1.483241656302763164e-03
1.478252270968687587e-03
1.471790899781685522e-03
1.467183124680908335e-03
1.456944981478633773e-03
1.458584224459901803e-03
1.446129468275120494e-03
1.443555729191755167e-03
1.438095185095303579e-03
1.428646797247172138e-03
1.428051460216352934e-03
1.422926966591850102e-03
1.417199866183837392e-03
1.419795215744626329e-03
1.417446363752533677e-03
1.412559899922304508e-03
1.401027489650065938e-03
1.403110832891450417e-03
1.402771974076800479e-03
1.400744652325631220e-03
1.396403399934509609e-03
1.399373441287857364e-03
1.384300803297112839e-03
1.388101594029770127e-03
1.375257361990297718e-03
1.379775977218825360e-03
1.372841392677632026e-03
1.367985984946357278e-03
1.364847652996194855e-03
1.361447594505246252e-03
1.363697015957210249e-03
1.360927021109800380e-03
1.355596275686624065e-03
1.354043902248192044e-03
1.342780730305528523e-03
1.342974024747011766e-03
1.340932368592113837e-03
1.342522610118126883e-03
1.345323983686629379e-03
1.340681953616205133e-03
1.346329850281409359e-03
1.337905011091258898e-03
1.337095759887988638e-03
1.342484686105177788e-03
1.341514141595378249e-03
1.346783106564282840e-03
1.350710293848043963e-03
1.346741299064002769e-03
1.341614012561271121e-03
1.345125087099893453e-03
1.337614048904027953e-03
1.337065803961068420e-03
1.335691729617535838e-03
1.336244069138255771e-03
1.339821236143827520e-03
1.334669915908878388e-03
1.349317116270953420e-03
1.345527644114038806e-03
1.331875286103528398e-03
1.334205280135134040e-03
1.338478731618713462e-03
1.339664769132150072e-03
1.335379228952348653e-03
1.342409494485715315e-03
1.347105356984705385e-03
1.341343610511705909e-03
1.347025457699651575e-03
1.342501623355862221e-03
1.352244101168631691e-03
1.349498815426380038e-03
1.358312428697432996e-03
1.358822084758154903e-03
1.359977582558513859e-03
1.360186787457239813e-03
1.359364590068875981e-03
1.361195335810769539e-03
1.359896799326505788e-03
1.360086356161985905e-03
1.361760652122121981e-03
1.367697400058722227e-03
1.373559911318336657e-03
1.375403534984814347e-03
1.370751366398676721e-03
1.370091952956752068e-03
1.371324083163731914e-03
1.372398345821265655e-03
1.369108288788606050e-03
1.369973584244270392e-03
1.362120789314360918e-03
1.359648385962103400e-03
1.355720768127010928e-03
1.358119123759441360e-03
1.369015781482677300e-03
1.361143894124271789e-03
1.371991212655566256e-03
1.365818586927564689e-03
1.367032496394980038e-03
1.371983251702291401e-03
1.372016679232131468e-03
1.375119150813661640e-03
1.376615324912707069e-03
1.384913247282010392e-03
1.387861349072299928e-03
1.382628609718742404e-03
1.388143034169090403e-03
1.390863402866654094e-03
1.388029158297354650e-03
1.387971267601641363e-03
1.390875721832255827e-03
1.390058570126913567e-03
1.393829078173960219e-03
1.392920598744440278e-03
1.393963427904973624e-03
1.398153087377615195e-03
1.400992961261477310e-03
1.401199822076352412e-03
1.403398345465131690e-03
1.406721234136162164e-03
1.407346491440870494e-03
1.415516568770855627e-03
