3.938089569531641118e-03
3.938089569531641118e-03
3.361320417668918654e-03
3.132600074307885507e-03
2.810933086107749238e-03
2.602517240606067560e-03
2.442082866602386573e-03
2.321509656130632711e-03
2.232997143710103299e-03
2.150381076593669161e-03
2.080930186652576140e-03
2.025713719786231218e-03
1.973435321431018033e-03
1.924231152369258041e-03
1.886617780853702599e-03
1.852706018741938094e-03
1.816368234128198445e-03
1.777542649884213295e-03
1.744498711972525999e-03
1.716331275761123982e-03
1.688795313417447907e-03
1.663660243072701906e-03
1.642818005938296395e-03
1.622615325441716756e-03
1.600960606555671155e-03
1.578614018234478266e-03
1.553166864259629496e-03
1.527761049713444608e-03
1.505362628902495508e-03
1.484420892434897433e-03
1.468300446163729733e-03
1.451762410988235085e-03
1.432489262068098240e-03
1.417774922917646721e-03
1.402514587102270983e-03
1.386711140728775745e-03
1.374893920125763854e-03
1.365524183415077085e-03
1.359004231013117084e-03
1.352787334962230088e-03
1.341719426643445947e-03
1.333197498516348152e-03
1.324083825746650948e-03
1.318050673530812367e-03
1.311220194044622044e-03
1.305382219082207567e-03
1.300033146392440839e-03
1.298776496870757396e-03
1.299357519504664230e-03
1.300127453775392142e-03
1.298357905468368453e-03
1.295204999109651669e-03
1.290558100293751195e-03
1.293428335545739960e-03
1.297493042977281279e-03
1.297343357719934467e-03
1.293762920013632068e-03
1.288511071669527080e-03
1.286356484867270901e-03
1.284995165685535101e-03
1.280341178220801126e-03
1.277222111142228183e-03
1.274929506533357092e-03
1.275604792380844593e-03
1.278372070352771844e-03
1.284315141605721355e-03
1.288573058926880842e-03
1.294814492186640003e-03
1.295631578144204599e-03
1.304979644115023419e-03
1.304104282208759773e-03
1.299590810795807220e-03
1.298522026244461553e-03
1.307189371700363464e-03
1.311199539363054742e-03
1.308139022962785149e-03
1.313949964265996497e-03
1.318053764171162349e-03
1.341402051669085896e-03
1.336159166155433120e-03
1.348839218941210978e-03
1.319598653924298776e-03
1.371463928487160269e-03
1.334605473651519041e-03
1.482972373249197761e-03
1.399647340425436495e-03
1.612435065703585321e-03
1.740855500248502481e-03
1.976823801766162091e-03
2.346347891859992471e-03
2.322698907990863263e-03
2.407667758280271526e-03
