3.945394954300631210e-03
3.945394954300631210e-03
3.955953002786868726e-03
3.945169034414665668e-03
3.939057298849167783e-03
3.930188086669332559e-03
3.922700752103447548e-03
3.918835841020100637e-03
3.918276475033191653e-03
3.911156747908968966e-03
3.901512374353086933e-03
3.899646328628157341e-03
3.897559222956542644e-03
3.890772908309276558e-03
3.889602513741222557e-03
3.881676820528351998e-03
3.878527293345513782e-03
3.876694827704565017e-03
3.870548827374651127e-03
3.864091118807771834e-03
3.861364406535815804e-03
3.860811962602145146e-03
3.854551198995944186e-03
3.848526426108691851e-03
3.843900682850964496e-03
3.834553075265149675e-03
3.837121599127443165e-03
3.829855072280259100e-03
3.826159475771649925e-03
3.820164506818035915e-03
3.819055827197268601e-03
3.809987625323110489e-03
3.805044936648340533e-03
3.803984096147617483e-03
3.796231890606386553e-03
3.791331101578275953e-03
3.790667494909934817e-03
3.783167651533263145e-03
3.779895744454795682e-03
3.774067654277770724e-03
3.769354415264734425e-03
3.765185894212201134e-03
3.759707710219812801e-03
3.753440601492875287e-03
3.750742843610345694e-03
3.752872739809901687e-03
3.742311549162323156e-03
3.738391008760464772e-03
3.731143001377750044e-03
3.724453342423800651e-03
3.719395976581447993e-03
3.713279681964007286e-03
3.705641032899603584e-03
3.703696967931194208e-03
3.700640026531396270e-03
3.694386932355388665e-03
3.696323263555501698e-03
3.686945090499679865e-03
3.687589141134112441e-03
3.680923458497014668e-03
3.676037990736273457e-03
3.672543201542129675e-03
3.669932848478721192e-03
3.663159422091286435e-03
3.663245088482649896e-03
3.656590038371724995e-03
3.656193289099945662e-03
3.654049103296472863e-03
3.650239252196178438e-03
3.645744273096734704e-03
3.641457903208124031e-03
3.636346638919683589e-03
3.634522360055086714e-03
3.630774801064694420e-03
3.629110840517542347e-03
3.621668397773937249e-03
3.621004765631879660e-03
3.616853981406997938e-03
3.614250108090345977e-03
3.609651066989451925e-03
3.607033507943347046e-03
3.603255710392490579e-03
3.596249057010130704e-03
3.592536704088317503e-03
3.589670806915288594e-03
3.590842103805722604e-03
3.581840015713697468e-03
3.574831823410760685e-03
3.571131983741552586e-03
3.566075018027567000e-03
3.566543300533869202e-03
3.556678085405674903e-03
3.553785625859320809e-03
3.550467449464546170e-03
3.546009380322299401e-03
3.538713489246662468e-03
3.540586696169235621e-03
3.538513675861186536e-03
3.538933418498289591e-03
3.531360895150196903e-03
3.535565434584797898e-03
3.529623397135193182e-03
3.524896003331891205e-03
3.529149125372701024e-03
3.521396937824623069e-03
3.519710498598443028e-03
3.521677191570729733e-03
3.517493005454283735e-03
3.516157652388513660e-03
3.511757544689351682e-03
3.504332965000942629e-03
3.505023412773245611e-03
3.500877523221744038e-03
3.499193771330130244e-03
3.493933592885150111e-03
3.493771413171337971e-03
3.490295926670475193e-03
3.489609792500717247e-03
3.490108481818202969e-03
3.483500613513365596e-03
3.485325941996756695e-03
3.482571340150902080e-03
3.475734220540078242e-03
3.476898925318237799e-03
3.468048098223306709e-03
3.467005581646031252e-03
3.468491027896313059e-03
3.463700872483638834e-03
3.461521422251521898e-03
3.462763259762334251e-03
3.460476252635591356e-03
3.456083570161267576e-03
3.452073792430975820e-03
3.449766460504823020e-03
3.446729309963716525e-03
3.446741347188639077e-03
3.445354047315116967e-03
3.443211734919377799e-03
3.437396004775854306e-03
3.434471230017087980e-03
3.428629217728618433e-03
3.426431769002960450e-03
3.425262114835407341e-03
3.428197387632100478e-03
3.421984876000964786e-03
3.422749317604426803e-03
3.418519813692381774e-03
3.418733657196529156e-03
3.418261090753359384e-03
3.412437952422682323e-03
3.412754585087749131e-03
3.407635713755152642e-03
3.405811393771034350e-03
3.404244470509515744e-03
3.402694591295460456e-03
3.401068981640288300e-03
3.395421221037735887e-03
3.395588515295153501e-03
3.396103402261773079e-03
3.396210609282091560e-03
3.392837084093699995e-03
3.391721580102699703e-03
3.386157627083173464e-03
3.390698863978837407e-03
3.383300394121627371e-03
3.380816481410375135e-03
3.377070279081566696e-03
3.376712771548838737e-03
3.375281978668869410e-03
3.376160115529928951e-03
3.373669647768174750e-03
3.370482539395125085e-03
3.367091050015444485e-03
3.369418806854778629e-03
3.365476805558187054e-03
3.362990739085290094e-03
3.364617576460516343e-03
3.364549718051701097e-03
3.362729918006033235e-03
3.359142278400207259e-03
3.359227772064625125e-03
3.357431374015040423e-03
3.353099398106794068e-03
3.356384115732110544e-03
3.354126862490755707e-03
3.351343994883489510e-03
3.356839455118284989e-03
3.351795843355355031e-03
3.349832489876085513e-03
3.349455637997237386e-03
3.350483024162695736e-03
3.350765143018397813e-03
3.346921153102427968e-03
3.344491679556747896e-03
3.349590816423993027e-03
3.346454842150491712e-03
3.347357848237708829e-03
3.345716293490647465e-03
3.345276580901123537e-03
3.341541396217490197e-03
3.341620871356127450e-03
3.344123119094749748e-03
3.339689021487675640e-03
3.340540704552355175e-03
3.340896366070985040e-03
3.342122422994804002e-03
3.340318211501065466e-03
3.339432004732008439e-03
3.333324730598708624e-03
3.337267529740772180e-03
3.335045064018638070e-03
3.334000888331400351e-03
3.335226595799932556e-03
3.333742613971191378e-03
3.326763759495779578e-03
3.330138838173375606e-03
3.331599829303845406e-03
3.329272601650306706e-03
3.326553929617627123e-03
3.325325927715034637e-03
3.326349043153103199e-03
3.325163707294495445e-03
3.324143305885348190e-03
3.323282952857634694e-03
3.325321775253842465e-03
3.324560999124427565e-03
3.325631165075461446e-03
3.323389318281685240e-03
3.323728786599863556e-03
3.322238441794872314e-03
3.323313308530168042e-03
3.325835207827649697e-03
3.327173880851293491e-03
3.326041595562800098e-03
3.326154954049276649e-03
3.330455226207823267e-03
3.334051631630060089e-03
3.326280092742027635e-03
3.327101802500378493e-03
3.330617007503419019e-03
3.333490537486364595e-03
3.331940950583329748e-03
3.329617241080859696e-03
3.331713908446770969e-03
3.332258407298920554e-03
3.335174856114825077e-03
3.339133895503461087e-03
3.334976548194871354e-03
3.333713297808110505e-03
3.333523790102206012e-03
3.330533277397776729e-03
3.330431788515868501e-03
3.333526839796861242e-03
3.330914679410866032e-03
3.329733682835942388e-03
3.329805043255384435e-03
3.328195177219725378e-03
3.324024440320631595e-03
3.325297421573889141e-03
3.326978057217695826e-03
3.323343638426734092e-03
3.325413308141976065e-03
3.325492696369994425e-03
3.324589135597141778e-03
3.324131471476221480e-03
3.326144683861531268e-03
3.320973348492579913e-03
3.320817026695866217e-03
3.325813191304787496e-03
3.325102782213696945e-03
3.323067283722256921e-03
3.324978527697198139e-03
3.326720499748323477e-03
3.322722256586734240e-03
3.324726780761653316e-03
3.322815280474879663e-03
3.322700575898925816e-03
3.320574478264351481e-03
3.324769792136547317e-03
3.325378364025290742e-03
3.325550681618331256e-03
3.328194575062420023e-03
3.329946017129362459e-03
3.325416347367275444e-03
3.326788779111133909e-03
3.326920369387167259e-03
3.327230066474014258e-03
3.326814142411527436e-03
3.322763408403966306e-03
3.321565299895521024e-03
3.322848039023550224e-03
3.321072434342137343e-03
3.321765140972781152e-03
3.322680858206780545e-03
3.317335527975917575e-03
3.321157910543029359e-03
3.320724502640425534e-03
3.321650135478657149e-03
3.322567187349743153e-03
3.325162628520153020e-03
3.320263018722206892e-03
3.320887660391256668e-03
3.323827114733659757e-03
3.325376339556655909e-03
3.328411702048469142e-03
3.328995915964694675e-03
3.329022669643289228e-03
3.328995036370453915e-03
3.331335902049172709e-03
3.332622785138808497e-03
3.333690156924278957e-03
3.333783363006546149e-03
3.329472310925236066e-03
3.331723563537345237e-03
3.336478299323442261e-03
3.335839920583682800e-03
3.333722935300552619e-03
3.333459293413433729e-03
3.331322701794481745e-03
3.331136127943569968e-03
3.331748973094388749e-03
3.331249733247056057e-03
3.330746032843095745e-03
3.331469051121385000e-03
3.331201457377176711e-03
3.337596023056386193e-03
3.336859520213424166e-03
3.340321324268390180e-03
3.339121228013290990e-03
3.343078380334688418e-03
3.341715858031226675e-03
3.343972106755909411e-03
3.345417217441673443e-03
3.344952064012103338e-03
3.348667136725529819e-03
3.351329693810941538e-03
3.352486040875642722e-03
3.350704170382173136e-03
3.350026598462727163e-03
3.354107742155794120e-03
3.350226080886072131e-03
3.349271103105789116e-03
3.350589025425246715e-03
3.352295249887685558e-03
3.351421029080402843e-03
3.349598358937228102e-03
3.350737508906224352e-03
3.350529742516149354e-03
3.352446371628117414e-03
3.354325099585818773e-03
3.351852275737533284e-03
3.351379598886739929e-03
3.349840776336851338e-03
3.350337366578517214e-03
3.351421013984984005e-03
3.349400776616884724e-03
3.351675434335281423e-03
3.348032620790834021e-03
3.344517159434870230e-03
3.349433383369854276e-03
3.350640678016273116e-03
3.351084319242437874e-03
3.351733210405472528e-03
3.349010535336226224e-03
3.351879977940168398e-03
3.347907400277091213e-03
3.347963101442565526e-03
3.345166056339483104e-03
3.349070062100120617e-03
3.349690782332465089e-03
3.344844213035242254e-03
3.348956749518154728e-03
3.348392332452067993e-03
3.350252877681576900e-03
3.353562262852910047e-03
3.356108641890021612e-03
3.354736258185426253e-03
3.358357410315574668e-03
3.355898188391409631e-03
3.353301659539960778e-03
3.352416710697423644e-03
3.352608855959702400e-03
3.348655554883873953e-03
3.350655697907608133e-03
3.352074697540340185e-03
3.347608755121550105e-03
3.348490239462387826e-03
3.351432044821622217e-03
3.349803395420988643e-03
3.351064623772066504e-03
3.351866506105630715e-03
3.350336558003696400e-03
3.348316672600317075e-03
3.350073253545361208e-03
3.351713270839823747e-03
3.353092489811016624e-03
3.349709059232059121e-03
3.344033005578564248e-03
3.344288269365350286e-03
3.344463233471921693e-03
3.341216186216770020e-03
3.346221324693116062e-03
3.344859974475436915e-03
3.344233752530646579e-03
3.344936292843744656e-03
3.345027409640348101e-03
3.346408196614396140e-03
3.345692301471054654e-03
3.347538268462194044e-03
3.349341794424559159e-03
3.349832633570500387e-03
3.348945156974139289e-03
3.345766731846419855e-03
3.345748879003761223e-03
3.342043312423126702e-03
3.345119432449408445e-03
3.344423478120105153e-03
3.344359915681880020e-03
3.346192489269658645e-03
3.347641023167410856e-03
3.350564541022455888e-03
3.348734652564347956e-03
3.348087175538989619e-03
3.344403977717977892e-03
3.350114923445687062e-03
3.351624834491384510e-03
3.353205646574886241e-03
3.350762308417862614e-03
3.349360636023937954e-03
3.346779799266421090e-03
3.347266057503649195e-03
3.345810628261249291e-03
3.346567971482662055e-03
3.342352810926099531e-03
3.344271892327488598e-03
3.340552117269712708e-03
3.347105265700341462e-03
3.344884581395850091e-03
3.340146934900734520e-03
3.344158851259279065e-03
3.343425160587585026e-03
3.343808285336137727e-03
3.347975750465286698e-03
3.349580298340714985e-03
3.345965631092063814e-03
3.349083585026977044e-03
3.352006488520963955e-03
3.348863355765026913e-03
3.345524474482112782e-03
3.345811312246472352e-03
3.345748870773080762e-03
3.347635507880564274e-03
3.347543891133279281e-03
3.348972882127898912e-03
3.349325202328880865e-03
3.349266689659850110e-03
3.348737596291770802e-03
3.353429086986595663e-03
3.350228462413877388e-03
3.347525940400056504e-03
3.345598148288821301e-03
3.346451545830307454e-03
3.350422013287654866e-03
3.350648488912400056e-03
3.353802196858093540e-03
3.354749836560871543e-03
3.345521738029128434e-03
3.346816341505302623e-03
3.346849845654168484e-03
3.347152173952672519e-03
3.347657199939788660e-03
3.344745341038266734e-03
3.343146453112829340e-03
3.341327996874788719e-03
3.343852565243776720e-03
3.345619455987804570e-03
3.344233949331826532e-03
3.344787479273290867e-03
3.349038089323932727e-03
3.343127762809334352e-03
3.344656418879030091e-03
3.341708670756061029e-03
3.341911063415707941e-03
3.337982100783793392e-03
3.339748976665598678e-03
3.338580517525424271e-03
3.341105245843566888e-03
3.337712089798446947e-03
3.337594598301598086e-03
3.333704952275099755e-03
3.329164696838626640e-03
3.327255324837413795e-03
3.326812873812426234e-03
3.324657303500697190e-03
3.324190881788616821e-03
3.323511530243819685e-03
3.321732892045987841e-03
3.321521812397836958e-03
3.321686789006733989e-03
3.320999130504351075e-03
3.323242412780677384e-03
3.320985075333820168e-03
3.325096915944009048e-03
3.321098593413454418e-03
3.323136978929910629e-03
3.322387993052692157e-03
3.320989586642855273e-03
3.321626312012592244e-03
3.322399174737800370e-03
3.321659003894019031e-03
3.319714017656039476e-03
3.323806519140710351e-03
3.321468700505860513e-03
3.325796909407074606e-03
3.323855056282068541e-03
3.321935115440325086e-03
3.323962326188645722e-03
3.321018333916413417e-03
3.323831709506119836e-03
3.324944708956903850e-03
3.325464834734130539e-03
3.324668155453561289e-03
3.317452895135906618e-03
3.322435902522168430e-03
3.325514274040688480e-03
3.322277517623173273e-03
3.321780027084379749e-03
3.322777278966266169e-03
3.325560960065300237e-03
3.325015441747814285e-03
3.328474290695110447e-03
3.329352724239867996e-03
3.325996731106746224e-03
3.328081434022843801e-03
3.325955992567495006e-03
3.325016423094760264e-03
3.327481031301638553e-03
3.331992499867812707e-03
3.329296027357916531e-03
3.333315331782400921e-03
3.334100439083077620e-03
3.334598367068082776e-03
3.333883965948040463e-03
3.332033638285029735e-03
3.340071502407207862e-03
3.336164348887627959e-03
3.336274604195539704e-03
3.332583807034332664e-03
3.334308342118950160e-03
3.333098732482397703e-03
3.335166152173696472e-03
3.337342849269334197e-03
3.335551989509061028e-03
3.338960704597257467e-03
3.340203998606967872e-03
3.334495667982972575e-03
3.335405759219341962e-03
3.334583824293974996e-03
3.332688423089674723e-03
3.331671944859715233e-03
3.330914839259771412e-03
3.334357882883088719e-03
3.332431001231970970e-03
3.334550594868491633e-03
3.334946150469865391e-03
3.333374523245989565e-03
3.333731367012279876e-03
3.329208117531051031e-03
3.332522438124186758e-03
3.330869051861637571e-03
3.332411626616989166e-03
3.331682181133460968e-03
3.331836192491720392e-03
3.330227274724277889e-03
3.329896091517618294e-03
3.330953000965856080e-03
3.335539980064998553e-03
3.336106460117703194e-03
3.338543994396241804e-03
3.337699388514502648e-03
3.338631131336169695e-03
3.338730346622605441e-03
3.337355484426702493e-03
3.336973823629070784e-03
3.337600158273741364e-03
3.335384502566148684e-03
3.332178285039084226e-03
3.327560921653645570e-03
3.323316659398872080e-03
3.324142919967246462e-03
3.320515999318192444e-03
3.321379456925028801e-03
3.317770812018363841e-03
3.314251501267037690e-03
3.314398944226958858e-03
3.314490540310052573e-03
3.318843718712931323e-03
3.316004247794188814e-03
3.318615870790018671e-03
3.317490991302250985e-03
3.314108707604218346e-03
3.315019423168408513e-03
3.316543167730050257e-03
3.312798156037903997e-03
3.304730342908224899e-03
3.308980448173542543e-03
3.306188056702419938e-03
3.306616266099862700e-03
3.309276944117397860e-03
3.308843100734588320e-03
3.307460683836511636e-03
3.309060858178719446e-03
3.308940046706374677e-03
3.306690041137521491e-03
3.307101604650583733e-03
3.302472405329993834e-03
3.305152175166075658e-03
3.303389875024205762e-03
3.305203709003076348e-03
3.303694993050146269e-03
3.304924875865846313e-03
3.302039872789245926e-03
3.306593729948840120e-03
3.303732732988523373e-03
3.305872796062126438e-03
3.303052771513198711e-03
3.299117978551837065e-03
3.299838768375417796e-03
3.296858483185232443e-03
3.299956622249980431e-03
3.299449120061002678e-03
3.295657016490876386e-03
3.293968391375448959e-03
3.298035931113653570e-03
3.293409397151680646e-03
3.299189949510898841e-03
3.297422990711072581e-03
3.295427706655103435e-03
3.298869274105121260e-03
3.297723510268291830e-03
3.297990411854260975e-03
3.299087134334659742e-03
3.299102492686941963e-03
3.299015949908856195e-03
3.298947715071733153e-03
3.291128595909771550e-03
3.294039606053483782e-03
3.291736708658358091e-03
3.294690063352318041e-03
3.297213859215655015e-03
3.298734650621074592e-03
3.295177166038578982e-03
3.294940917222617845e-03
3.299175897934891483e-03
3.296250156498477073e-03
3.296174258550261735e-03
3.293933218511771368e-03
3.293440756500696630e-03
3.290935529333886226e-03
3.287229369745265240e-03
3.284157205550627956e-03
3.288216992895947374e-03
3.290782142325357137e-03
3.288566740163341353e-03
3.291883428346839557e-03
3.288826250692666181e-03
3.290707438570989775e-03
3.288929224000060152e-03
3.292680795627840173e-03
3.291598890647429252e-03
3.289967806001271779e-03
3.291696511553060533e-03
3.291510060538573382e-03
3.291220562291695493e-03
3.293443629737657918e-03
3.293685246387284028e-03
3.289864145964051158e-03
3.290370383599018362e-03
3.287391993692367290e-03
3.286977575424483624e-03
3.284124100122608365e-03
3.285528176146697722e-03
3.284698499844594059e-03
3.284506294006689624e-03
3.284967092605482926e-03
3.286451621959649710e-03
3.285047718222438694e-03
3.283001950008228136e-03
3.282976631946728403e-03
3.286147161948071386e-03
3.282918545969432979e-03
3.283107484153987687e-03
3.282078491517919586e-03
3.285373018611772566e-03
3.283796641965443328e-03
3.284521677253130195e-03
3.278548182786139142e-03
3.281738747487992700e-03
3.281667800268567390e-03
3.283553957072847009e-03
3.281822489470048905e-03
3.282501146732268865e-03
3.283346323905828729e-03
3.282548025395099801e-03
3.282135553310716949e-03
3.281304085259745956e-03
3.279465367920742554e-03
3.280152307842340315e-03
3.280991992378326678e-03
3.281407346657675295e-03
3.283989798461827217e-03
3.282127351065484977e-03
3.281465055355145717e-03
3.280058412319354633e-03
3.277412099536502685e-03
3.280158799247639024e-03
3.282826282878805856e-03
3.284311859585000229e-03
3.279891772156109508e-03
3.281063410261745444e-03
3.278038201912696244e-03
3.276165955339094445e-03
3.277423530893380267e-03
3.274669480521014489e-03
3.278893607269661378e-03
3.277460602893730868e-03
3.275872915616626340e-03
3.273276727185161356e-03
3.275182847209129854e-03
3.276883897780492275e-03
3.277731109940367881e-03
3.280037633790626288e-03
3.280163119057876841e-03
3.280966035376823610e-03
3.279375814437817272e-03
3.278356948214250239e-03
3.274365373634833144e-03
3.278775811653522002e-03
3.276173959681656471e-03
3.275885768807625716e-03
3.272891652797348724e-03
3.276155778323326141e-03
3.279986347204152941e-03
3.277330387469450362e-03
3.277823588075243471e-03
3.275033151764682529e-03
3.277511596006586411e-03
3.280133894989694515e-03
3.279396206996646780e-03
3.284129642063813789e-03
3.284893277976439711e-03
3.283813747021043557e-03
3.284981844642405682e-03
3.285161539201142487e-03
3.281594460031051538e-03
3.281594944345883266e-03
3.278122323021331972e-03
3.281322839243210662e-03
3.282996585287439439e-03
3.280859326866091604e-03
3.280124614081697098e-03
3.283239284938568262e-03
3.278553695337824668e-03
3.279592113664767279e-03
3.279050697799804851e-03
3.279759311579791628e-03
3.281105088395579357e-03
3.277437607898613190e-03
3.275581981438339084e-03
3.279307585611388777e-03
3.277042206435107265e-03
3.279010989109767786e-03
3.277351680398532183e-03
3.274883942323567401e-03
3.279765468878283879e-03
3.281527484439391174e-03
3.280848595572801851e-03
3.278583433543455321e-03
3.281591944909983093e-03
3.280479970603087259e-03
3.280907510909993139e-03
3.281013049056783967e-03
3.273670294154520412e-03
3.272422225934305644e-03
3.276188043496029451e-03
3.273808387566897425e-03
3.271046363090375584e-03
3.274936632960135686e-03
3.269953389634787030e-03
3.270465647698339150e-03
3.265854653113539705e-03
3.268652391325492339e-03
3.267870336089502125e-03
3.270497562185567010e-03
3.269933935266621568e-03
3.274067510591295235e-03
3.272838476865943570e-03
3.268761161705563672e-03
3.272078484785071774e-03
3.268408371805457506e-03
3.267713470375313133e-03
3.267962196721098302e-03
3.263657455060349748e-03
3.263643141367309451e-03
3.263896246394980445e-03
3.262901111287075384e-03
3.261362877848008983e-03
3.267348555406639730e-03
3.265124600988991536e-03
3.263893613827964068e-03
3.262553443150943092e-03
3.261810560322442060e-03
3.263513339103575953e-03
3.263734027609917297e-03
3.264078251423237383e-03
3.261645157177633838e-03
3.263739759883290282e-03
3.262778782572381062e-03
3.265974393399824916e-03
3.265047118222909849e-03
3.270422296012433141e-03
3.270359582389076227e-03
3.271153237379449599e-03
3.270753241855447503e-03
3.275123977916293960e-03
3.271292893014717592e-03
3.275722961155220093e-03
3.273059612716796175e-03
3.275540058676289917e-03
3.278271730902908212e-03
3.274324433842914616e-03
3.278517835420084129e-03
3.274668828476911750e-03
3.273817763288151914e-03
3.275333813455834006e-03
3.272736354910624375e-03
3.271765260386837789e-03
3.280967943003158718e-03
3.280102792480768525e-03
3.281862291221116206e-03
3.280690903609701555e-03
3.280049848592059194e-03
3.276168901565807128e-03
3.277781636742085284e-03
3.275548595767226873e-03
3.274826303480861747e-03
3.273851490685102724e-03
3.271826927564719725e-03
3.269182850776854166e-03
3.266037314827714526e-03
3.266759554219182855e-03
3.260634609111306200e-03
3.264039669446432146e-03
3.260224198167439857e-03
3.260691904773473614e-03
3.254844729883222664e-03
3.252717527377365758e-03
3.258600542679357566e-03
3.254196216634974714e-03
3.253078177158745966e-03
3.249155762939376271e-03
3.248057628258459520e-03
3.246729207581519529e-03
3.248487139804464435e-03
3.246347121611262848e-03
3.243137004297265338e-03
3.242447668413797699e-03
3.240225431028587611e-03
3.236871631392287518e-03
3.237703041094194215e-03
3.240399790609248785e-03
3.234905508185430961e-03
3.235388173765201946e-03
3.235396099506675227e-03
3.234885348011245967e-03
3.233733430160255860e-03
3.235095565891698850e-03
3.230065908070674056e-03
3.229924291171691261e-03
3.222871459442712156e-03
3.223032962615474551e-03
3.219472323490016157e-03
3.219071793988823472e-03
3.218622334714191235e-03
3.217304289418429584e-03
3.217501851109789198e-03
3.218138694204817490e-03
3.215919839741180914e-03
3.219208751926266789e-03
3.218374787777629562e-03
3.218334435402512000e-03
3.216206982248495747e-03
3.219755025532731671e-03
3.220896031103460087e-03
3.225317340566781921e-03
3.220461970466746877e-03
3.223869959401256223e-03
3.223135026341467438e-03
3.217534958790281736e-03
3.220644884439715413e-03
3.218014812376182327e-03
3.218095042442248310e-03
3.216599547046971631e-03
3.210833074283735156e-03
3.214967345178852513e-03
3.214087678436831040e-03
3.218150265662947287e-03
3.216994350374834111e-03
3.215874027373354527e-03
3.218073214246674769e-03
3.223603294938824464e-03
3.228399355362694418e-03
3.232584913410744328e-03
3.235114619936653099e-03
3.232042097807061570e-03
3.236188175716457095e-03
3.234380399101865079e-03
3.226678761961225637e-03
3.225375065027851536e-03
3.224145735381467835e-03
3.225553264805248836e-03
3.224596053166860384e-03
3.228285634441580444e-03
3.230592879676250258e-03
3.226809566022828188e-03
3.230651947017795528e-03
3.226023812939847121e-03
3.232897263083793667e-03
3.228051089820118368e-03
3.227144803972691739e-03
3.224133232127606753e-03
3.224332131898900115e-03
3.225050383996315353e-03
3.222218844896657195e-03
3.224428641628313084e-03
3.222515446127367268e-03
3.222212933086548037e-03
3.222034455342399559e-03
3.222545980136087146e-03
3.220561238851300107e-03
3.219960087578178226e-03
3.220375080600403235e-03
3.222017682012026478e-03
3.216955541976886188e-03
3.215189719155627651e-03
3.218167914216582721e-03
3.217670626015965360e-03
3.216774844438676038e-03
3.213894076248858048e-03
3.212318823871845776e-03
3.216822862395606573e-03
3.215769251389978978e-03
3.212169818837143885e-03
3.213857998840850827e-03
3.216421618802089120e-03
3.210632885090861002e-03
3.215732864563009951e-03
3.212651609844749314e-03
3.211497848575067208e-03
3.215771826704371273e-03
3.214686184203357448e-03
3.219161839401573754e-03
3.215189048908772673e-03
3.214861950151814279e-03
3.213814354354553680e-03
3.215988617848942067e-03
3.215146212347035678e-03
3.215868926324716784e-03
3.215953755525492123e-03
3.213627459974529969e-03
3.210718777677703042e-03
3.212826633826479372e-03
3.214410260921839266e-03
3.212782440993029384e-03
3.210649168597218966e-03
3.211777064145915871e-03
3.208336841727364459e-03
3.206788026316196531e-03
3.206324015554419277e-03
3.203918682330408364e-03
3.204247411534985688e-03
3.207350618969500092e-03
3.206416513288103121e-03
3.207351995849099576e-03
3.207504197745093214e-03
3.204852683676935165e-03
3.203249833097394483e-03
3.201862705489677292e-03
3.201598579368559148e-03
3.199948234229646297e-03
3.196558948961092383e-03
3.201930489404097076e-03
3.201598399938809444e-03
3.204107822608395773e-03
3.203345583751321824e-03
3.195295511571322536e-03
3.195215147212471761e-03
3.194729961540835120e-03
3.194609452820012987e-03
3.196119937773491109e-03
3.195852341723649272e-03
3.196289703521230582e-03
3.193743168564896606e-03
3.195913704510336666e-03
3.199910590509440211e-03
3.196758068065698542e-03
3.193107032698768756e-03
3.195418931694601027e-03
3.194865455520009591e-03
3.199454737919112113e-03
3.199820177771499699e-03
3.205603433963460230e-03
3.204064185700263283e-03
3.204231017733644941e-03
3.207558622527413843e-03
3.207325464979348881e-03
3.206781663493453883e-03
3.205709663278359916e-03
3.201308083366690652e-03
3.200125827046521390e-03
3.198450429044090437e-03
3.197000750931261806e-03
3.192318593578111988e-03
3.193918876878718525e-03
3.190482462158276619e-03
3.187089184955516335e-03
3.185862130885907390e-03
3.184708512919326873e-03
3.182642961826142886e-03
3.181419365784799152e-03
3.179710139866150000e-03
3.176926895777820031e-03
3.177862983351182648e-03
3.173773218443076086e-03
3.180679085456978358e-03
3.176275751421907007e-03
3.180291466137913445e-03
3.180824017260224564e-03
3.176942291879460579e-03
3.178434887324636457e-03
3.182290146243617422e-03
3.181247517527074041e-03
3.180969821835087467e-03
3.181760323585447556e-03
3.182144999120573199e-03
3.181374241595111806e-03
3.179893152052044609e-03
3.183799528752461697e-03
3.177643182671483369e-03
3.178692595924876609e-03
3.181831882577146765e-03
3.178703313720567924e-03
3.176457822253564434e-03
3.172497427720248793e-03
3.170872585210217018e-03
3.169916012204226832e-03
3.167620761255761017e-03
3.170476257500247017e-03
3.169143726794376986e-03
3.170871840144171699e-03
3.170972703420385508e-03
3.171631295755804672e-03
3.170411223646652996e-03
3.172264052712730608e-03
3.172670951256314001e-03
3.172810871158526259e-03
3.173137203024473454e-03
3.173721065960225570e-03
3.172853978511252278e-03
3.173074748210829785e-03
3.171117593797289757e-03
3.171487729347093314e-03
3.172953075130987427e-03
3.167787954258357696e-03
3.169076076282871784e-03
3.171966373352170382e-03
3.177299017772914833e-03
3.177843397130829164e-03
3.179548439951143581e-03
3.175853482784930706e-03
3.176077840809968765e-03
3.172905882268072138e-03
3.175320774170792715e-03
3.177006975162932623e-03
3.174647316354553290e-03
3.172792605632684428e-03
3.171076243688375571e-03
3.173663751318592588e-03
3.176090460924514604e-03
3.175841565203867643e-03
3.172180573503801879e-03
3.175738803506214687e-03
3.171659627060234750e-03
3.176002579337019148e-03
3.174301457068301208e-03
3.176769474946639169e-03
3.174265948062782693e-03
3.177325567063053573e-03
3.174541534836276737e-03
3.176942156866719141e-03
3.176943267559588415e-03
3.174891764918308813e-03
3.175976093189733333e-03
3.178988911599006997e-03
3.182512885686703853e-03
3.179919544698775902e-03
3.182436116896348362e-03
3.185057578760326809e-03
3.183711271051514659e-03
3.183746363261720502e-03
3.183627913858418264e-03
3.183570721612776627e-03
3.183715381206694405e-03
3.185560997081464743e-03
3.184388528152614761e-03
3.189831536087432869e-03
3.194008368139146254e-03
3.192836277170521021e-03
3.193732802287809879e-03
3.195144129761867506e-03
3.192820992799331320e-03
3.189595875609322825e-03
3.192468306138690308e-03
3.191269123465068080e-03
3.195846330535347807e-03
3.198870959909793504e-03
3.195906028753170945e-03
3.194357824720220600e-03
3.199774082279669470e-03
3.196743902656640993e-03
3.201802521933989638e-03
3.202755038472893546e-03
3.200373960913986682e-03
3.200256824882326354e-03
3.206774179630307933e-03
3.205107241312201132e-03
3.203277911297078631e-03
3.203469104522187368e-03
3.208139167053467456e-03
3.202634559838908514e-03
3.206581640418718938e-03
3.200281943300624377e-03
3.203261588749504226e-03
3.202464007386939936e-03
3.205485783285120897e-03
3.203054982893403270e-03
3.197795589560719926e-03
3.204518885013388479e-03
3.205072705092251728e-03
3.207226488968199785e-03
3.206811937747399647e-03
3.208795803666772417e-03
3.208850145914418639e-03
3.208652975982903208e-03
3.209309334509926736e-03
3.208038107729964134e-03
3.208763909169283154e-03
3.209411285762916056e-03
3.207515417535955655e-03
3.208882783131224072e-03
3.205866062139080264e-03
3.205392760011307410e-03
3.206982348259716353e-03
3.207361863364293405e-03
3.205579214973857359e-03
3.206006793920251115e-03
3.209468953918401344e-03
3.203275032999552095e-03
3.202446319304946918e-03
3.210404203204036098e-03
3.207545700639118785e-03
3.210492941779963597e-03
3.215584841949409561e-03
3.215569312120898724e-03
3.212558859026053322e-03
3.215301759208113747e-03
3.212806686507941982e-03
3.217392023921191758e-03
3.215237340292387714e-03
3.212445639729407439e-03
3.210534019681209484e-03
3.208686304361885178e-03
3.204534580886390406e-03
3.205911991729052269e-03
3.203209661690471343e-03
3.205673801995828284e-03
3.210949833104366578e-03
3.209789000457942496e-03
3.210252829192575090e-03
3.212898986753273331e-03
3.206268090923935013e-03
3.208320359584376346e-03
3.207274616830242675e-03
3.205016745934822792e-03
3.204726488558521085e-03
3.207144553666956346e-03
3.205375732695245946e-03
3.206660432967569415e-03
3.207236098747135496e-03
3.205345240008702652e-03
3.201536262793538284e-03
3.199760198081807311e-03
3.200485547560801263e-03
3.201074167339252631e-03
3.202510933577000420e-03
3.200315699895625848e-03
3.201725013847720597e-03
3.198868013089386023e-03
3.202259392150047079e-03
3.200961155239193025e-03
3.196890256649498070e-03
3.200097065510796278e-03
3.201487407282121046e-03
3.197912912379515058e-03
3.194557851845437283e-03
3.195983747242236300e-03
3.196286265996151326e-03
3.193991617484944878e-03
3.192074732544661255e-03
3.192047504126196457e-03
3.188033406174958090e-03
3.188778307659979275e-03
3.187469919229861132e-03
3.183331589443771318e-03
3.182719666291470000e-03
3.181110187065411786e-03
3.183781348047947778e-03
3.183966122511198548e-03
3.183731912727579688e-03
3.180903540885991060e-03
3.181037146320053570e-03
3.185787959890351920e-03
3.179893316995360993e-03
3.180907841265990209e-03
3.182322777333804979e-03
3.180282851240019432e-03
3.179231688679297861e-03
3.183165956025291437e-03
3.179043209358006945e-03
3.176626113852322204e-03
3.178155882326681551e-03
3.175988101134609182e-03
3.175280680790394921e-03
3.179221749986351538e-03
3.180054468671256619e-03
3.175400351078429013e-03
3.178378034328637521e-03
3.181449059578136083e-03
3.181448118017581300e-03
3.180108948320394934e-03
3.182590935195218473e-03
3.187825622754290010e-03
3.183988638653540652e-03
3.181078038395593072e-03
3.176411338535686107e-03
3.177459098372973495e-03
3.176473702824849071e-03
3.173033205701738645e-03
3.172113911131577146e-03
3.178044549101825302e-03
3.179999054015981985e-03
3.181423103587602535e-03
3.186197241570262913e-03
3.185975917677249039e-03
3.184405919568783928e-03
3.182860897048466354e-03
3.179071646027495715e-03
3.178703595641812086e-03
3.179093690967274306e-03
3.177759196117394946e-03
3.173631000056343493e-03
3.174554092317248902e-03
3.178482415290905666e-03
3.179846599123955370e-03
3.185011415146092161e-03
3.181589759268956593e-03
3.181475848530029241e-03
3.177948553431290696e-03
3.181397500275802859e-03
3.175559974276440448e-03
3.175323960426721086e-03
3.180112296946856123e-03
3.179059310800543426e-03
3.175020636900429717e-03
3.176261689693556708e-03
3.179905802868616006e-03
3.180209997751546561e-03
3.175832775685824994e-03
3.177554556467430697e-03
3.174144513480109831e-03
3.175588579567569739e-03
3.173910617767535317e-03
3.173744738817848958e-03
3.170464209663665777e-03
3.174856258198919482e-03
3.173951886812598992e-03
3.178633250251322422e-03
3.179113335661699295e-03
3.178971828856937566e-03
3.182716793181017325e-03
3.184414471774559951e-03
3.182708629888026958e-03
3.179761549185802869e-03
3.181780918755580667e-03
3.185044043559898033e-03
3.180659969549864182e-03
3.177606973280971796e-03
3.181895870078912687e-03
3.176213478105544517e-03
3.171905500589162173e-03
3.169933088940183122e-03
3.170136437213131632e-03
3.172735721641173779e-03
3.171634127903599602e-03
3.169107243241333759e-03
3.171926170539746213e-03
3.165196546643486014e-03
3.164760636210958884e-03
3.165653815104228948e-03
3.164896424265866304e-03
3.164063233404688751e-03
3.161161591669759199e-03
3.162927437481522202e-03
3.164591190679293554e-03
3.161629026184020232e-03
3.164671460066885173e-03
3.161758023741486397e-03
3.162287344323213342e-03
3.159686640211273410e-03
3.159297420310051667e-03
3.164397438176094150e-03
3.161404057579096476e-03
3.158322186342845100e-03
3.160445243969265371e-03
3.163329538180075905e-03
3.160642146472019808e-03
3.160530346655302057e-03
3.162477171019263764e-03
3.161770473176036492e-03
3.161459237665250905e-03
3.157977505979475078e-03
3.155556898559729560e-03
3.158683271326698759e-03
3.162597213907593959e-03
3.158959413120129931e-03
3.160768846199361014e-03
3.159950024377689015e-03
3.158359857713656516e-03
3.156719831614016470e-03
3.152902881740153509e-03
3.151348456587296613e-03
3.149767534929289164e-03
3.148584344300518062e-03
3.152557702248867406e-03
3.156281971511191737e-03
3.152945596824413988e-03
3.153567385275275140e-03
3.155384225080469680e-03
3.154766198648723159e-03
3.154128354196217895e-03
3.156457288241112501e-03
3.152519778823810893e-03
3.153107948606485508e-03
3.147857614004825715e-03
3.149289826553265930e-03
3.151564270792992992e-03
3.150330035603237603e-03
3.150325476194560607e-03
3.148018526222579657e-03
3.150313726622904278e-03
3.149154127837648816e-03
3.151791687712411031e-03
3.150002424261046270e-03
3.149903173126512596e-03
3.152104354410433917e-03
3.151725225803166282e-03
3.153507894325476794e-03
3.152873334557746137e-03
3.155585454065250924e-03
3.158300935452273972e-03
3.160272636956742553e-03
3.157171437864270298e-03
3.158512117438144751e-03
3.159380926452467955e-03
3.159118276615137302e-03
3.163010624268281553e-03
3.163125980866591646e-03
3.164889812787511497e-03
3.167138823377546163e-03
3.161757630125547076e-03
3.162765311292754702e-03
3.159987362681976851e-03
3.162989586069967027e-03
3.166207926172247712e-03
3.163097348745465796e-03
3.160980188797569458e-03
3.162667323180989865e-03
3.161735930338143916e-03
3.164439434436973168e-03
3.168246682481805007e-03
3.163904402009175450e-03
3.161941501680490697e-03
3.160132044996268822e-03
3.160274166962841799e-03
3.165312474642947762e-03
3.166698785404792327e-03
3.166865900918949296e-03
3.167804317554274735e-03
3.168508565087418266e-03
3.166515868631238073e-03
3.163994787571234191e-03
3.166310477588074428e-03
3.166620069421683878e-03
3.165466603163986231e-03
3.167723132893943139e-03
3.170931586592358551e-03
3.174911130125236420e-03
3.173192127792199592e-03
3.174222134860539817e-03
3.175664124540424332e-03
3.172405991624834432e-03
3.174629762738277478e-03
3.171844871271207143e-03
3.173928279740512344e-03
3.173012506832245672e-03
3.173635063759686070e-03
3.173955235543141854e-03
3.171409090660702937e-03
3.177014856572909964e-03
3.172322868847512588e-03
3.175994455696858846e-03
3.175332168623916373e-03
3.175552791469382543e-03
3.173971920237330605e-03
3.171002753993928946e-03
3.175404372315504108e-03
3.173238168999390971e-03
3.172511486145040277e-03
3.168550721986817132e-03
3.170940362936465300e-03
3.172650127693760463e-03
3.175433910328562172e-03
3.174867680593230698e-03
3.173108321161231728e-03
3.170611611661406683e-03
3.172406708964602313e-03
3.174357326303099171e-03
3.173893270477088756e-03
3.172280848080820826e-03
3.170926556416779531e-03
3.174158371415245622e-03
3.178030140256604599e-03
3.176295639578277912e-03
3.175353579675234579e-03
3.176801453486995715e-03
3.174114980965627320e-03
3.178249878187628698e-03
3.178959808503111547e-03
3.175175052302951599e-03
3.178460157588916448e-03
3.176126187383577007e-03
3.172231670882286973e-03
3.172448425096250323e-03
3.174638305023923246e-03
3.177547472853250229e-03
3.176686927159432742e-03
3.177662419243098939e-03
3.178794929828467671e-03
3.175608100025800046e-03
3.172256759307533550e-03
3.172785763541584574e-03
3.176201923717130154e-03
3.176634876172885775e-03
3.174985690172335909e-03
3.174528800655604128e-03
3.174607594121366984e-03
3.169281485580899196e-03
3.169045570684864057e-03
3.171217741808959791e-03
3.167058981204106186e-03
3.166156019679901203e-03
3.163425667049280486e-03
3.165049424404646049e-03
3.162263045417783476e-03
3.167908202997100561e-03
3.167109652354729247e-03
3.164278199403613382e-03
3.169192514720106744e-03
3.168592465138782548e-03
3.170061188407146281e-03
3.171376524628285315e-03
3.172147151543664497e-03
3.170521578682946977e-03
3.174209566716818323e-03
3.168841123023308486e-03
3.169084225886657866e-03
3.169527836018794665e-03
3.168974001076627252e-03
3.163229291177732140e-03
3.164143271276570555e-03
3.160012824267301786e-03
3.157061539366221459e-03
3.155922190432005909e-03
3.159713554500423200e-03
3.159140336668280445e-03
3.161468192829035469e-03
3.157133727244919134e-03
3.155558178918817843e-03
3.159646743860000401e-03
3.157827468344577299e-03
3.157334487067169071e-03
3.159020144861084296e-03
3.161816022065128389e-03
3.156775219354957928e-03
3.156882161934897527e-03
3.156818353210024200e-03
3.158379700208609198e-03
3.157367687634038585e-03
3.157823821763698028e-03
3.153646459604260866e-03
3.157913283806349555e-03
3.158933728553659729e-03
3.155870832065905181e-03
3.157389612861653816e-03
3.156682132675094066e-03
3.150995644186848146e-03
3.152529079932973270e-03
3.156249142836365859e-03
3.158071093955100352e-03
3.160662981126478518e-03
3.165447440440635838e-03
3.167272171408506368e-03
3.168515308172160320e-03
3.171196677380418074e-03
3.170586869117263378e-03
3.173694022625414470e-03
3.177668642402577993e-03
3.179184560382085183e-03
3.180880943852897394e-03
3.176419117224080473e-03
3.177115205930973983e-03
3.170997862873115893e-03
3.167075197100422887e-03
3.169593296767527282e-03
3.169865298604211245e-03
3.167006376485780907e-03
3.163829898119367885e-03
3.167692128810115949e-03
3.166734417883248880e-03
3.165616412409410010e-03
3.167478128949544232e-03
3.168099517355597774e-03
3.172164795233107983e-03
3.169732811502270521e-03
3.172521056870095200e-03
3.174345349949870155e-03
3.178078382673662269e-03
3.175471933843020296e-03
3.178426230047005571e-03
3.178752016693162010e-03
3.183341667523608993e-03
3.183854974184331145e-03
3.187880312389348905e-03
3.186863712844790423e-03
3.190390028775414756e-03
3.189765239368835738e-03
3.189165835085400018e-03
3.190334708973632805e-03
3.187560092751718938e-03
3.189582873106860082e-03
3.189017230407585959e-03
3.190954757642350086e-03
3.189419151773842387e-03
3.189201787805814522e-03
3.184628994394041613e-03
3.186392025690405229e-03
3.186914216759646149e-03
3.185591803979283959e-03
3.185145557569459256e-03
3.184359130783593044e-03
3.185864151070721528e-03
3.186352300527066275e-03
3.182267623735657216e-03
3.181444080191578490e-03
3.182695621604757826e-03
3.184353211580020441e-03
3.187762353447944324e-03
3.187220804694640072e-03
3.191508577575271916e-03
3.189124507002657084e-03
3.193747616802730237e-03
3.194926451993579993e-03
3.196086070867129331e-03
3.194974939597126397e-03
3.200690669215062231e-03
3.196991046942806135e-03
3.204709834908495668e-03
3.205928082869116333e-03
3.204895779072228744e-03
3.207135940789611426e-03
3.209797260679150051e-03
3.205949965880940371e-03
3.202119254263664609e-03
3.199419056570937826e-03
3.198095502108077963e-03
3.196147001660995003e-03
3.201094819923394185e-03
3.202214676272371972e-03
3.201595210395601337e-03
3.201769282101069210e-03
3.200284829451287456e-03
3.202830714709344485e-03
3.203506557797470167e-03
3.197048053796564503e-03
3.198591145751618434e-03
3.196602111032889691e-03
3.199293074007451398e-03
3.201050020877316358e-03
3.202617917529478227e-03
3.198797470663578175e-03
3.199249947815588097e-03
3.197979451312717766e-03
3.197232377721219258e-03
3.196994973866728457e-03
3.199716889139466933e-03
3.199043987548190731e-03
3.196519894977493687e-03
3.196376767462568227e-03
3.199644044872159126e-03
3.200706001326625218e-03
3.207921813926235734e-03
3.201592260941984666e-03
3.202744307609399748e-03
3.201853534122176340e-03
3.203978653683962115e-03
3.204008018275391126e-03
3.199564963612250117e-03
3.196795422887257435e-03
3.193774161567673221e-03
3.198119739492378058e-03
3.194586347543773401e-03
3.196509218629373875e-03
3.191618064229338660e-03
3.191567408672312325e-03
3.193327617210593543e-03
3.192102992891836504e-03
3.186950529917134938e-03
3.187693407146590437e-03
3.190664345020536620e-03
3.188971962868898842e-03
3.189340581636135232e-03
3.189773891663490787e-03
3.185410025340532254e-03
3.181789182365199736e-03
3.188804672644761015e-03
3.188322224284635513e-03
3.186633180604830050e-03
3.187023583315852851e-03
3.185744823488283976e-03
3.183805900760654489e-03
3.184835246425948667e-03
3.182306743219908991e-03
3.181086331054804733e-03
3.182470814490538560e-03
3.181772508351182142e-03
3.179426665394982122e-03
3.181340501854444235e-03
3.180131812251068592e-03
3.181250343327400414e-03
3.180062231216311281e-03
3.181714456899682134e-03
3.178482819713381209e-03
3.177612799598026911e-03
3.176942287545971282e-03
3.177455805135682119e-03
3.178695654741905269e-03
3.179644030171096657e-03
3.179260515553943879e-03
3.180150105215981404e-03
3.181439104256258456e-03
3.178162552360989847e-03
3.182524494887022798e-03
3.179288176029384811e-03
3.177375159948637312e-03
3.181890229009926626e-03
3.183504783362082861e-03
3.184488826248168050e-03
3.190734830615174055e-03
3.186415675461204064e-03
3.182786765445426609e-03
3.184361564743036759e-03
3.186039057793753175e-03
3.189125202760083148e-03
3.188952215704336443e-03
3.183563542078729925e-03
3.183951922633423189e-03
3.184674839367466342e-03
3.182248788130631004e-03
3.183246046923201254e-03
3.183446972594946352e-03
3.184535679365352225e-03
3.184228400139457911e-03
3.187925320526828043e-03
3.185514791685433757e-03
3.186156128664348591e-03
3.187392344749675251e-03
3.181437949090364960e-03
3.186244044508663217e-03
3.187326361031813261e-03
3.184947964144891567e-03
3.187052697251152762e-03
3.186384552813511985e-03
3.190487245417863646e-03
3.188933571510199107e-03
3.192516737000748901e-03
3.193473248632834431e-03
3.192029997876006525e-03
3.191840781564383566e-03
3.192482104039745961e-03
3.191427865854212266e-03
3.194411913276796067e-03
3.192518028116120201e-03
3.190686111328082473e-03
3.190988783570950817e-03
3.195712111748332668e-03
3.195637611044591531e-03
3.196229639413926838e-03
3.195275614584685685e-03
3.197221676842789372e-03
3.200044725246157379e-03
3.194115925781149199e-03
3.193911823025502150e-03
3.192271892383938443e-03
3.191276784508478848e-03
3.187513014818724264e-03
3.186763865771242033e-03
3.186198612899954208e-03
3.189506135961017556e-03
3.188219589652006424e-03
3.189398563122898978e-03
3.187345710483564191e-03
3.186742104951387211e-03
3.191981831758385676e-03
3.189673508128989914e-03
3.194329806368729260e-03
3.190519009199524122e-03
3.190460439270590386e-03
3.191615053196023184e-03
3.190463929197338150e-03
3.190787133699817327e-03
3.188218377429569844e-03
3.187931170888682730e-03
3.183845013684016411e-03
3.187602495858744139e-03
3.181627292574786253e-03
3.186227406990870502e-03
3.179338846247955694e-03
3.178418179717340964e-03
3.179541586802888103e-03
3.174995501568016187e-03
3.176040112536538881e-03
3.169076980642955999e-03
3.170278242716589780e-03
3.165453576251841313e-03
3.166889534086225321e-03
3.160719333815963789e-03
3.161090014213315501e-03
3.165360124917353246e-03
3.159880962327301940e-03
3.162950645038715893e-03
3.163004265329702296e-03
3.167914618475371584e-03
3.167401701697121659e-03
3.164610650837998505e-03
3.159690174419464703e-03
3.163132665701548930e-03
3.162338943948969118e-03
3.160521029609043853e-03
3.161012300670203515e-03
3.158444052698093120e-03
3.153923476777259483e-03
3.156204728185421377e-03
3.158720124758713620e-03
3.160035688969435163e-03
3.160331177913287565e-03
3.158113835225234613e-03
3.162532279666273663e-03
3.160661483825837840e-03
3.158843138429519738e-03
3.158921587354530328e-03
3.155521149059751194e-03
3.157705519784671701e-03
3.157448334457716495e-03
3.154321593893744374e-03
3.157387987793706420e-03
3.158712093440326808e-03
3.159293113804539227e-03
3.155947944654830580e-03
3.155973482189562435e-03
3.151502575810000411e-03
3.156436332136133577e-03
3.154741243078503909e-03
3.151572314179379181e-03
3.154239713269696866e-03
3.153727581271362473e-03
3.153718510130360930e-03
3.155023816054085273e-03
3.155141776162474765e-03
3.151021772103336505e-03
3.155142316001734865e-03
3.158325016528100524e-03
3.155585242483463244e-03
3.161677489002465147e-03
3.155574730531417876e-03
3.156259382108734211e-03
3.158130267749490426e-03
3.158682441168321389e-03
3.158040746618607196e-03
3.157515420226775314e-03
3.165377512234375176e-03
3.162286017551977930e-03
3.161913731242406607e-03
3.164840234431642862e-03
3.166149475299945282e-03
3.165506117742124866e-03
3.162504638825392334e-03
3.163235928725702598e-03
3.164530048104821375e-03
3.164782958940318743e-03
3.166082938778339538e-03
3.168832495054022414e-03
3.169367311441558064e-03
3.165009734593938508e-03
3.161768881886780312e-03
3.163217201260102619e-03
3.160971942873845673e-03
3.164632447631413829e-03
3.166973968743023744e-03
3.170841327580049222e-03
3.170202302687000033e-03
3.171213476079583725e-03
3.175083793219095861e-03
3.176493933409023970e-03
3.173720107111476472e-03
3.176067035918983799e-03
3.177891444774606864e-03
3.178566526399827664e-03
3.178807022112649459e-03
3.178334979846259359e-03
3.181081370175029184e-03
3.179237160224191241e-03
3.180998312704177208e-03
3.181977266186826383e-03
3.176224426046662420e-03
3.175468220981796531e-03
3.172619842152570990e-03
3.176842484539320159e-03
3.175498219277223672e-03
3.174147847724707698e-03
3.170668719673697556e-03
3.170713369979684827e-03
3.168706425805447192e-03
3.167057826097732787e-03
3.166417010966745670e-03
3.169094483429057540e-03
3.165321201472978078e-03
3.164479003882764759e-03
3.166383954559022149e-03
3.163609002736656774e-03
3.162063119736080105e-03
3.158897099075854212e-03
3.163201483409645246e-03
3.157984605333004173e-03
3.158494843353229671e-03
3.162369528337261905e-03
3.158030090866094635e-03
3.158204837726164005e-03
3.160064736157213502e-03
3.155782573662270236e-03
3.159722984716464844e-03
3.153161238326650326e-03
3.155405307288571774e-03
3.154528602734626725e-03
3.157308482925724746e-03
3.153981922236236742e-03
3.155895420712754272e-03
3.156442491643770588e-03
3.157579721495936114e-03
3.165808592658388067e-03
3.159522720718188366e-03
3.161044938983539367e-03
3.164810455306252008e-03
3.161145761671138674e-03
3.161294644446624360e-03
3.160847120896011133e-03
3.162258881060676496e-03
3.163032437951311150e-03
3.164311196958314188e-03
3.165502934138011027e-03
3.167714957622555765e-03
3.171131975932444877e-03
3.167902351810478537e-03
3.167102001665990461e-03
3.173804469241159072e-03
3.176316311986637688e-03
3.171935811022858973e-03
3.174557867982031895e-03
3.172032905517460904e-03
3.172284505929144974e-03
3.170937345104373004e-03
3.174397665833641503e-03
3.170324488402028427e-03
3.170235263832550839e-03
3.165512635241729111e-03
3.169201240016088130e-03
3.168519648479687333e-03
3.169152140968180004e-03
3.173113462671010854e-03
3.172148357454899516e-03
3.177057523607254401e-03
3.180876946039040958e-03
3.177282137849068554e-03
3.177341348023401089e-03
3.171432098781785773e-03
3.174808787081298891e-03
3.168802327988242112e-03
3.167459017075633081e-03
3.165793817021735068e-03
3.167744937723621090e-03
3.164670116637716482e-03
3.170476988385775331e-03
3.173277104691889228e-03
3.170524160401690713e-03
3.170732847215744065e-03
3.168833344484450754e-03
3.166424006875117811e-03
3.164120477126246365e-03
3.162903118080570390e-03
3.165183457846397746e-03
3.165297391148967025e-03
3.168278412551635281e-03
3.166056703411952375e-03
3.166521404558335015e-03
3.164645060808490840e-03
3.166736947624667828e-03
3.162777163862733575e-03
3.160427774588192140e-03
3.161442270928533065e-03
3.158806113930951592e-03
3.161024653225401847e-03
3.159578786855094228e-03
3.160300395116621280e-03
3.157641313403342434e-03
3.163095529323753114e-03
3.161087338367059123e-03
3.163989941993085829e-03
3.166055659473337135e-03
3.164100617766943922e-03
3.162072265729141962e-03
3.156405923833005035e-03
3.156340828825251153e-03
3.161021741113198124e-03
3.156640268011236521e-03
3.158383835758251518e-03
3.158303867852461227e-03
3.161269400008935668e-03
3.157658884859458528e-03
3.157118722176400702e-03
3.162513746061014226e-03
3.156944504898163278e-03
3.159033204521567977e-03
3.160894029838443378e-03
3.157114005634507545e-03
3.160109455182664052e-03
3.157981175005803061e-03
3.158052646207616665e-03
3.160563778037611682e-03
3.155212886368155643e-03
3.157257203031387394e-03
3.159854854164661445e-03
3.158774491966922972e-03
3.161133948443284412e-03
3.166317610384646562e-03
3.165694903557050507e-03
3.169205132514835935e-03
3.168674745211047614e-03
3.169889288842356670e-03
3.171807592221776405e-03
3.172900189934997617e-03
3.174452964150244368e-03
3.177335906670322035e-03
3.174589804333382247e-03
3.176641977116834072e-03
3.176407792742692686e-03
3.174927364668169490e-03
3.179012303163712173e-03
3.184643939425025206e-03
3.186865762352820725e-03
3.189972628887396706e-03
3.187591334311263604e-03
3.184662953845597555e-03
3.185305521369938362e-03
3.183141890302756006e-03
3.181594045344464990e-03
3.183869164890613512e-03
3.182493559009031119e-03
3.184801050689153954e-03
3.185961226988480704e-03
3.184113103867273857e-03
3.187086104269599030e-03
3.192864508313186366e-03
3.188941217483258657e-03
3.187118238574171338e-03
3.189778515671285071e-03
3.187520346607621187e-03
3.186723851371255425e-03
3.183688157559660253e-03
3.184020066946497036e-03
3.182013441698904911e-03
3.183614065451579461e-03
3.183747048072344942e-03
3.181544167913995767e-03
3.181044095206130799e-03
3.182283986049723803e-03
3.179344984913888474e-03
3.177840204303409612e-03
3.182607532272622736e-03
3.184056830548962717e-03
3.186224755924657592e-03
3.189919427508480267e-03
3.187310482911436156e-03
3.184492670919634658e-03
3.182850451016535839e-03
3.188416547203412697e-03
3.188870176124969976e-03
3.185454307283163648e-03
3.186572511044717757e-03
3.184634886170268232e-03
3.183957774728662579e-03
3.180809386197093989e-03
3.181916646648546253e-03
3.183663761637897053e-03
3.182572090476554032e-03
3.187687012492745366e-03
3.184250264454388957e-03
3.186065643227428863e-03
3.185716667534083026e-03
3.186557231364549065e-03
3.187455792387593537e-03
3.191524929982167934e-03
3.193705100057478603e-03
3.194256874181610265e-03
3.195863506513141068e-03
3.193762965665504321e-03
3.195643186105196973e-03
3.194037240596949313e-03
3.191511599191532069e-03
3.195823844603418000e-03
3.194864894465083548e-03
3.192171302617868422e-03
3.195388849718271834e-03
3.198058904802939754e-03
3.197468848669512455e-03
3.195778366370150177e-03
3.196385466698556041e-03
3.196138404395905928e-03
3.202319421191313076e-03
3.200474830466248748e-03
3.201372397129184644e-03
3.200117526724522658e-03
3.195882299027637870e-03
3.192678301482444487e-03
3.196616065024655579e-03
3.201717295507372670e-03
3.201477938621858938e-03
3.203746763329773459e-03
3.208197165906899635e-03
3.208044548834976337e-03
3.209063475085742294e-03
3.210078161569894506e-03
3.214003368353826173e-03
3.214677869267323039e-03
3.212672497219838837e-03
3.214801027916673083e-03
3.213087071348399732e-03
3.214533908294915296e-03
3.215067513100249193e-03
3.211397282086460910e-03
3.211524126691209062e-03
3.209808982789913012e-03
3.211793059140281327e-03
3.212871525051441517e-03
3.212343762962142132e-03
3.213911028191052208e-03
3.205895306715446282e-03
3.209824632640546297e-03
3.210071677082944504e-03
3.209844610896836481e-03
3.210491913565473483e-03
3.212123195035905716e-03
3.212253494181029415e-03
3.210651684984795144e-03
3.212761132364632451e-03
3.215053218232520431e-03
3.216877027745638183e-03
3.222503048283847666e-03
3.224975252290346751e-03
3.221444225872391494e-03
3.226767493141011276e-03
3.223096048960359585e-03
3.221572034602653012e-03
3.221233106344770225e-03
3.219073492954917584e-03
3.216586721940854331e-03
3.218266057388850191e-03
3.218159004165158620e-03
3.219532760446447341e-03
3.218262547065921589e-03
3.219556070976638783e-03
3.218169837204721238e-03
3.220683428650175477e-03
3.220223186990871060e-03
3.219021248242214840e-03
3.219625159395236857e-03
3.220754647965548990e-03
3.221639900101451806e-03
3.218732874824626125e-03
3.218815574984681700e-03
3.221807588042098231e-03
3.213909038408655199e-03
3.214261102952879669e-03
3.212837626145914269e-03
3.213388027829166670e-03
3.213110206889292515e-03
3.206839704847803778e-03
3.211378238620286266e-03
3.211864633148342387e-03
3.213056322760381080e-03
3.209844063532191552e-03
3.215558044376324968e-03
3.208730108466850001e-03
3.208820565020981640e-03
3.211410133625943256e-03
3.209866566134205942e-03
3.207003274125739406e-03
3.206902622464042740e-03
3.208551631230043954e-03
3.207695671984937737e-03
3.205133345563865050e-03
3.203089611552823249e-03
3.196630191757849834e-03
3.194957238938226415e-03
3.196633573187104057e-03
3.198014056989193204e-03
3.195309805695981629e-03
3.194059317007041671e-03
3.190221277412428127e-03
3.194155892412658265e-03
3.192592918916654747e-03
3.194051063473206994e-03
3.190719740591962603e-03
3.191526250620530056e-03
3.192016087499522162e-03
3.196277312018002120e-03
3.192682566439583678e-03
3.192610412678167486e-03
3.190885542198192669e-03
3.189230602347035027e-03
3.190584839767101992e-03
3.187703054967478550e-03
3.189172021800946132e-03
3.185634884925634194e-03
3.183754695065391539e-03
3.186863308446072785e-03
3.187453628202102564e-03
3.183860950221394353e-03
3.185851053074750718e-03
3.187170414143236218e-03
3.187112733286041454e-03
3.188114678962856996e-03
3.188758688302847314e-03
3.188416849505514884e-03
3.185058931658482292e-03
3.186946445644914163e-03
3.189743016466958965e-03
3.191107219205846501e-03
3.184690832622453626e-03
3.185361824370517431e-03
3.185803308174573172e-03
3.186619676219625344e-03
3.187369783679710328e-03
3.188951672944648989e-03
3.190318103723000388e-03
3.184196145567356594e-03
3.189689328478482588e-03
3.187093843543305736e-03
3.187806145343176790e-03
3.180616232410734580e-03
3.181427920137827169e-03
3.182295901439469860e-03
3.183889904521739703e-03
3.182921254040021672e-03
3.183674443892453229e-03
3.180775764970825235e-03
3.181823162759747810e-03
3.182193544905770072e-03
3.179250229428449547e-03
3.182805926302661667e-03
3.183463025123385668e-03
3.179427500861977188e-03
3.187472789987916017e-03
3.187827186085888734e-03
3.190424532144267317e-03
3.186348304850460719e-03
3.189444949654232902e-03
3.188867481097986713e-03
3.186793318990500945e-03
3.188350125606064130e-03
3.186751601070386859e-03
3.188953702312502005e-03
3.187121906526038922e-03
3.184897292836022693e-03
3.182407718131311739e-03
3.178817820571918154e-03
3.181940758593834739e-03
3.178647841056403932e-03
3.177833224678410558e-03
3.177149727802001163e-03
3.178338872364352800e-03
3.175236963789490174e-03
3.173201827469275017e-03
3.173295725962089076e-03
3.171541565531510887e-03
3.172300716813125209e-03
3.175686767028064374e-03
3.176577045875116946e-03
3.174101772639150928e-03
3.176994446156176499e-03
3.175332350952716435e-03
3.175489536248556500e-03
3.174664831954762245e-03
3.175521234091990743e-03
3.172967887139783137e-03
3.174468264201052263e-03
3.176135616620772307e-03
3.176176077019626526e-03
3.180139414059668726e-03
3.178441527995055395e-03
3.179546380061472853e-03
3.183238845513703882e-03
3.179395886879220028e-03
3.184214948070116652e-03
3.181600999888891008e-03
3.181946538324873994e-03
3.183686104660026113e-03
3.179642930670106837e-03
3.183661438431832896e-03
3.181568304130382406e-03
3.187062068989895015e-03
3.187979179385004320e-03
3.189206444717181468e-03
3.190936456474403968e-03
3.188706038550560666e-03
3.191419854594698419e-03
3.189958007647242331e-03
3.183627277501987173e-03
3.182930685618709423e-03
3.183810984691287302e-03
3.179939520738775133e-03
3.183992567943183007e-03
3.180605166276463062e-03
3.179456363011063259e-03
3.181667557206329690e-03
3.176062952507816440e-03
3.178753694623941573e-03
3.182980947104947170e-03
3.184442480276768444e-03
3.187754042387787399e-03
3.184325387639300869e-03
3.181881173975538088e-03
3.181647315758632903e-03
3.180401580633191502e-03
3.182034412426557133e-03
3.185932635639177838e-03
3.182749247530852494e-03
3.183521384942841845e-03
3.185040266004101651e-03
3.185209241532363164e-03
3.189401381133396239e-03
3.187831506285564599e-03
3.188537838480543646e-03
3.188671388773896449e-03
3.183520891273547166e-03
3.182402269811311288e-03
3.180713607234111895e-03
3.178147746619327651e-03
3.179362608865376333e-03
3.176866505503552623e-03
3.175569201612212216e-03
3.178934385002676888e-03
3.180051714894865673e-03
3.182220726457175158e-03
3.178105019348128647e-03
3.178389197970833951e-03
3.174791607686514982e-03
3.177445572037595339e-03
3.173746367208702106e-03
3.174542805684402256e-03
3.172047728647495960e-03
3.174412183579731865e-03
3.172601200879447345e-03
3.170407829591732635e-03
3.168421243090163274e-03
3.173692452013453236e-03
3.171465005221020279e-03
3.172663701635849726e-03
3.173544539432489493e-03
3.174628682516435815e-03
3.169699509896195793e-03
3.168149087860446227e-03
3.170970476150928100e-03
3.169680377720427659e-03
3.169454158581994693e-03
3.169434812148469623e-03
3.172136915114524402e-03
3.169845169319820445e-03
3.170555864023288060e-03
3.170584005843809540e-03
3.171589134000108584e-03
3.171703570837364466e-03
3.177843515090573133e-03
3.182740816055471336e-03
3.184150669487247065e-03
3.181399415856865989e-03
3.179234590216762149e-03
3.177007123031479890e-03
3.178740990089266860e-03
3.179946250701204923e-03
3.179871530448678384e-03
3.182109114979196976e-03
3.177799286904977455e-03
3.178695334779487163e-03
3.179818454713441867e-03
3.175506310890373156e-03
3.178816469997489819e-03
3.177967958554280079e-03
3.179364743390316814e-03
3.183042280281818230e-03
3.183919102936372432e-03
3.185738086230051769e-03
3.182968204158949724e-03
3.185674715770909875e-03
3.184061576266941900e-03
3.185211787490747383e-03
3.185342206067159291e-03
3.184036888044874513e-03
3.181038631455326143e-03
3.184969708791435001e-03
3.187648323309718364e-03
3.187376595660576430e-03
3.181080618666473278e-03
3.184619330797344022e-03
3.184425146958064484e-03
3.182965139955586890e-03
3.188429971273719441e-03
3.188878320492273804e-03
3.185384208650538992e-03
3.186530977496025013e-03
3.185838049084171054e-03
3.182942338991491364e-03
3.179629425567060980e-03
3.181404465747230802e-03
3.180792407612790737e-03
3.180781569211098541e-03
3.182586936478279307e-03
3.178079485130253998e-03
3.183264305773088158e-03
3.181556655183480267e-03
3.180678203072113096e-03
3.185467233226321922e-03
3.183734190260485448e-03
3.180664280542335170e-03
3.180383868122351951e-03
3.178857583255032589e-03
3.178704651976103392e-03
3.180879838260332847e-03
3.175878777805044365e-03
3.176724287342468957e-03
3.176206028282772386e-03
3.177728363974270318e-03
3.177759929171426051e-03
3.179241012693453678e-03
3.179736447720179788e-03
3.176080067623268926e-03
3.174031072350344367e-03
3.176354166244231211e-03
3.180108267052393287e-03
3.177269927254864398e-03
3.178234946323327693e-03
3.177610996397869578e-03
3.181963204170006315e-03
3.182983074603150820e-03
3.184005408155125318e-03
3.180747389074521127e-03
3.184461447831409952e-03
3.184471794729035535e-03
3.183048917884756437e-03
3.178909137431264881e-03
3.180606604220234494e-03
3.180361941504371466e-03
3.181347399011989849e-03
3.181384446202932016e-03
3.182209049090634415e-03
3.184364844052055971e-03
3.182416405901067075e-03
3.184262656837309139e-03
3.183930258757807896e-03
3.184436284502394424e-03
3.182407563189669757e-03
3.180961176794328688e-03
3.181762232065098346e-03
3.177480117683609707e-03
3.179033177409487654e-03
3.178792529877300186e-03
3.177252922567237216e-03
3.176214868339290783e-03
3.176193376615360758e-03
3.176914117265968503e-03
3.175697186130996795e-03
3.176054981233517819e-03
3.174471679701247433e-03
3.178974827408644413e-03
3.176563100252345357e-03
3.178064625566424158e-03
3.181317887309197817e-03
3.177156140018710592e-03
3.177901207176645967e-03
3.179260733146230949e-03
3.182194989021492042e-03
3.181102147992559068e-03
3.182943514585423895e-03
3.180226748696997601e-03
3.181463358644173647e-03
3.178769312301279581e-03
3.179455585076877439e-03
3.178772528716001817e-03
3.178798633111444821e-03
3.176699875752630846e-03
3.180310269388686266e-03
3.178832029934726931e-03
3.179126934041231079e-03
3.182977056160289989e-03
3.182975709361262218e-03
3.180796349938654066e-03
3.185663144540098676e-03
3.182590417659058712e-03
3.185160855285662420e-03
3.184358485989658219e-03
3.185017311898370469e-03
3.184857926707595783e-03
3.186715803477987389e-03
3.187557963460343341e-03
3.188536056865409144e-03
3.187425167479732147e-03
3.186211996846710637e-03
3.185002481558858907e-03
3.185479032689527042e-03
3.181952882486439437e-03
3.186172981580794213e-03
3.185885979005893560e-03
3.182772898133542309e-03
3.188466717667390836e-03
3.183639213781336210e-03
3.183498341385474027e-03
3.180342383207386461e-03
3.182604027004594643e-03
3.182553796539771065e-03
3.180844588512976145e-03
3.181916386078110365e-03
3.184514877312074384e-03
3.176058313545059106e-03
3.174488517359359829e-03
3.174832792575446507e-03
3.173304763219011917e-03
3.170438730753961931e-03
3.169929922878314717e-03
3.173888915869995872e-03
3.175525760580657705e-03
3.175746627190112470e-03
3.176002603524747791e-03
3.175596293930034539e-03
3.172906328328882822e-03
3.177336937646429472e-03
3.173798697599967186e-03
3.176616139409963336e-03
3.175121161300713604e-03
3.174801570731496884e-03
3.179631372585945640e-03
3.180479527861728665e-03
3.177100972264933904e-03
3.174995959232666289e-03
3.173947946479534817e-03
3.175467940374568972e-03
3.169717766709949716e-03
3.163548373873878872e-03
3.166413328314679997e-03
3.169298263254186759e-03
3.170790777404825563e-03
3.168614826606111403e-03
3.169988378445320540e-03
3.169017397407849351e-03
3.162093638538138532e-03
3.167691752490843331e-03
3.166090446406795520e-03
3.165482423211921949e-03
3.165893246173566693e-03
3.169356872471711540e-03
3.167580976932195865e-03
3.168002673337913262e-03
3.168457831115734785e-03
3.162880219325973040e-03
3.165580470414103374e-03
3.165483238757210802e-03
3.167471103323690144e-03
3.171380886204282819e-03
3.170953313358888109e-03
3.169794086639809993e-03
3.165025980578526493e-03
3.170841456333002833e-03
3.172722075308520052e-03
3.173729424711817064e-03
3.175807154122646178e-03
3.177965898562744220e-03
3.178289759053405140e-03
3.175649927658972214e-03
3.179476480484528991e-03
3.171903596112339834e-03
3.170242324649421694e-03
3.172147270463756587e-03
3.167292365379893379e-03
3.170721600027071041e-03
3.171711649975599619e-03
3.168797789949935433e-03
3.171502980508804446e-03
3.169844479599820582e-03
3.173972070735366080e-03
3.175041375837674325e-03
3.176286647118805109e-03
3.176426790297921278e-03
3.177059023992478450e-03
3.177255306109507890e-03
3.178102814284776249e-03
3.178408444208364724e-03
3.180045448365332109e-03
3.186265948990227737e-03
3.187944641371983582e-03
3.186335806469117390e-03
3.186247501093440303e-03
3.183936631587352788e-03
3.184298944616909769e-03
3.180725289082981209e-03
3.180794121057079534e-03
3.179776647501770127e-03
3.183793572514592458e-03
3.182137155430597893e-03
3.182098806457569085e-03
3.182481276551450168e-03
3.185052423313596264e-03
3.183091121255583137e-03
3.186699710039895238e-03
3.184723303832048911e-03
3.182385620404282883e-03
3.185638043196231499e-03
3.182768401857011958e-03
3.182867869940328356e-03
3.188005220244709021e-03
3.184312972340317544e-03
3.185401434402140592e-03
3.185278440120276749e-03
3.188402550728790599e-03
3.185074622970828113e-03
3.182545859887868974e-03
3.185730090348280405e-03
3.185361353261606868e-03
3.180978757219204110e-03
3.179819266396944396e-03
3.180610168308917532e-03
3.177389274816123498e-03
3.173944758075037363e-03
3.174493284978061134e-03
3.176676953554291322e-03
3.178011985030014704e-03
3.177691165655121414e-03
3.177236854790058997e-03
3.177566851844385986e-03
3.180168196804980009e-03
3.177891569346576791e-03
3.178116497195847788e-03
3.178376868991267951e-03
3.178429360260110782e-03
3.176612839201097167e-03
3.176145140450070854e-03
3.177946851632412664e-03
3.176070548456954353e-03
3.174663928925705765e-03
3.176130908128275369e-03
3.178002957266207358e-03
3.178218720606907927e-03
3.181092308592812275e-03
3.182003074675737904e-03
3.180905075913877979e-03
3.184137734786700313e-03
3.181627459037068579e-03
3.180939998292176170e-03
3.184146375338509517e-03
3.182980563717912378e-03
3.183279440725278985e-03
3.186227637085483570e-03
3.181592449488042720e-03
3.187162235737080358e-03
3.186023302215872620e-03
3.183077994598517563e-03
3.180301489905407435e-03
3.182132735089393278e-03
3.184341302465162112e-03
3.184565896766970456e-03
3.184382708456372484e-03
3.185704352327404804e-03
3.186091588571164299e-03
3.187490376048606171e-03
3.186309482968638623e-03
3.185689640224881585e-03
3.186407982156908795e-03
3.187971523272860753e-03
3.185926120747658782e-03
3.187699374061363482e-03
3.191274349525520526e-03
3.188239582874608652e-03
3.188868266819815025e-03
3.190292360740853810e-03
3.189500211188983463e-03
3.189445755804435484e-03
3.192202671356736150e-03
3.194906622146681790e-03
3.196211537615809960e-03
3.194454744436555152e-03
3.195387720474125292e-03
3.201431083722349174e-03
3.197674180693703232e-03
3.198156315612032778e-03
3.194993531108546603e-03
3.200779464350578338e-03
3.196789150104084338e-03
3.197670744691434499e-03
3.195690738498411891e-03
3.190231628231466384e-03
3.190939997276401058e-03
3.189438998571238019e-03
3.193471545353803159e-03
3.192691011676762960e-03
3.197487614168771121e-03
3.197492941214657557e-03
3.198805985684066797e-03
3.200488808600903713e-03
3.202551556414182186e-03
3.204664474556952625e-03
3.200889532502935574e-03
3.206762743516199284e-03
3.201581195598192375e-03
3.199845307295319172e-03
3.203493036758214927e-03
3.204389703011868533e-03
3.200890500382004566e-03
3.199837794468462452e-03
3.200549255788665871e-03
3.200911586670783428e-03
3.203012918607821627e-03
3.200908186839725254e-03
3.205036670835110634e-03
3.207287228960646087e-03
3.205598510404824783e-03
3.206745625053428281e-03
3.204280556617837214e-03
3.204363402727427798e-03
3.207559545312534295e-03
3.207086444385407863e-03
3.211629681295791617e-03
3.209316592601560089e-03
3.211145907126850951e-03
3.205526190716063810e-03
3.213876709009174347e-03
3.210896938917641961e-03
3.211394707856235660e-03
3.212648244297863862e-03
3.212000697539385205e-03
3.214561508829334897e-03
3.211735981168706029e-03
3.208886616345654839e-03
3.207967992863661882e-03
3.210936815319980105e-03
3.210073766810171269e-03
3.208849775034085250e-03
3.209425516792329108e-03
3.210161974411272594e-03
3.212315323747811421e-03
3.209661486505525907e-03
3.212555234549917867e-03
3.211864482358097513e-03
3.209134421296031686e-03
3.209906773785911865e-03
3.204633405923447767e-03
3.209776143698903593e-03
3.208999573224950719e-03
3.209692212388711753e-03
3.204528792506724198e-03
3.210670279977624955e-03
3.205237377468227351e-03
3.205126857968027768e-03
3.203762498587435850e-03
3.203433607735645984e-03
3.203765222451148559e-03
3.203974842836302978e-03
3.199012251253860375e-03
3.199034029259004847e-03
3.201882424926351129e-03
3.199425866083723501e-03
3.204158364662172773e-03
3.201852155185036086e-03
3.202173295124217597e-03
3.199772708113120256e-03
3.193133287830694951e-03
3.198443161280880177e-03
3.194281183932798883e-03
3.191977246634361727e-03
3.194586815073129776e-03
3.196973043130445485e-03
3.195008712505330393e-03
3.196384054485580141e-03
3.199107872257095624e-03
3.198178940029234446e-03
3.200071073936040528e-03
3.198208484740487460e-03
3.200009577156151183e-03
3.204845851296745339e-03
3.200380820154536364e-03
3.203299419758198416e-03
3.198754532666482804e-03
3.193128566490330712e-03
3.197696418711526260e-03
3.201393406354197980e-03
3.196329573459630400e-03
3.196342928204958661e-03
3.195673950515466252e-03
3.196601609574238178e-03
3.197388416001714206e-03
3.197229015571084569e-03
3.196726134415209426e-03
3.199060557264515881e-03
3.197432051850193462e-03
3.195966575798898316e-03
3.195535099824151331e-03
3.199213641376170720e-03
3.197024179981866349e-03
3.201967536367364160e-03
3.200033932010500157e-03
3.199285147896623396e-03
3.195044021113842194e-03
3.196061455916493401e-03
3.190760751463898436e-03
3.191994267822341209e-03
3.194507709319307359e-03
3.194177919177379910e-03
3.191759159085877894e-03
3.193697624076289893e-03
3.188654969417962972e-03
3.189906718660691452e-03
3.188576087438253076e-03
3.185917471757574761e-03
3.186981185250420227e-03
3.186849667469893871e-03
3.187467315127541501e-03
3.184798466141141714e-03
3.182424316589817399e-03
3.182145499036466603e-03
3.186680815951152025e-03
3.186391759978581591e-03
3.185907544905428046e-03
3.187918319150030277e-03
3.190401484614313350e-03
3.192218533140052644e-03
3.194428647310176405e-03
3.193957336221917367e-03
3.190503736747695319e-03
3.192740843567058121e-03
3.190515353739224215e-03
3.187915452699161076e-03
3.187885036242104047e-03
3.185974821898778474e-03
3.189511971258886594e-03
3.188681553837703197e-03
3.187700965598025925e-03
3.188084905094723011e-03
3.187045679011181812e-03
3.190294268407219396e-03
3.192664753274879110e-03
3.190651465218526106e-03
3.190776553813879073e-03
3.189377294224144364e-03
3.189127933761156004e-03
3.193538074683686424e-03
3.193510133921672461e-03
3.199719666154890972e-03
3.202320518830613708e-03
3.197885454696685822e-03
3.199286693542642990e-03
3.194304712609586164e-03
3.198425300611853084e-03
3.193195080476597409e-03
3.197898575938510658e-03
3.202199775634936678e-03
3.201289228075152905e-03
3.205487760161681351e-03
3.204238731114015561e-03
3.197983581901045307e-03
3.199459541288078579e-03
3.200123559459657450e-03
3.197852713194367438e-03
3.194245123350566810e-03
3.193366422256049136e-03
3.196934514110762442e-03
3.196535239303146658e-03
3.197994379289931504e-03
3.195043459459663299e-03
3.196694145524120890e-03
3.194784324315321118e-03
3.196158978950655941e-03
3.192016982254905662e-03
3.193720715604971699e-03
3.190775256054699440e-03
3.189711490455602368e-03
3.190731368428966624e-03
3.191184754223270331e-03
3.190706218605327167e-03
3.188297794142747315e-03
3.188022895994240165e-03
3.186578185741884787e-03
3.188558275804588126e-03
3.184104610940516160e-03
3.186599599766662579e-03
3.179751568781100969e-03
3.182760119326592200e-03
3.179545788045556095e-03
3.181637380199736891e-03
3.183613843863673017e-03
3.185423692183209348e-03
3.185685827029529227e-03
3.183029511332959027e-03
3.179508325040319907e-03
3.180165605465533601e-03
3.181668923970492040e-03
3.178695814060631016e-03
3.175998319151128024e-03
3.172419676214866327e-03
3.172186052841735344e-03
3.173332468050671200e-03
3.172020780054565000e-03
3.172671449032137166e-03
3.168370158283847181e-03
3.165707899542112916e-03
3.165673200320315815e-03
3.163539261120040021e-03
3.161747837591068026e-03
3.159558599997012822e-03
3.158208354616117309e-03
3.154326062123826314e-03
3.150971783514349561e-03
3.153319157244165519e-03
3.153515713767617891e-03
3.153122907702128695e-03
3.152038476220352450e-03
3.152635330132483402e-03
3.155004258195101465e-03
3.157403246491342127e-03
3.156862076047844533e-03
3.157007559576954087e-03
3.153902079253201752e-03
3.154035186305012128e-03
3.152644510107543898e-03
3.147201795237755065e-03
3.147483175590133544e-03
3.152828380596440529e-03
3.150987595421082289e-03
3.157445741547687881e-03
3.158827452444550044e-03
3.159962734865029606e-03
3.158994163939806647e-03
3.162931625402304499e-03
3.159159711707016597e-03
3.162868173905839918e-03
3.166658189577477127e-03
3.163798841863440722e-03
3.164472562175199392e-03
3.163781002518806836e-03
3.168517383940258527e-03
3.170733998637568270e-03
3.170856660748100873e-03
3.168881244487545355e-03
3.167453040117249128e-03
3.168294416146253626e-03
3.165618082368743154e-03
3.170108149453767545e-03
3.164147493438654920e-03
3.171276157936581564e-03
3.166792032211835934e-03
3.164306594754089704e-03
3.168069428885359872e-03
3.166186539240329126e-03
3.165601636424284892e-03
3.169168189429597861e-03
3.170460610980604596e-03
3.170871403756499608e-03
3.177229350183661313e-03
3.179664203308600438e-03
3.179290436817561703e-03
3.181608260717672110e-03
3.178761710372997405e-03
3.176977719644491667e-03
3.174867480094755237e-03
3.177001824515984178e-03
3.174605069654290630e-03
3.173341224751166124e-03
3.175067900181564873e-03
3.178707034466560048e-03
3.170702887395824426e-03
3.173427314281246792e-03
3.173870105840091976e-03
3.176702116323838580e-03
3.177070717895498411e-03
3.173246438113430743e-03
3.176930633171847970e-03
3.177595933117230258e-03
3.178642676890432780e-03
3.180288437023901307e-03
3.176535139197194865e-03
3.176570194796177540e-03
3.172513269615252502e-03
3.174908883385011999e-03
3.171915678298743539e-03
3.169409332317295845e-03
3.169972785669322203e-03
3.170023733675298144e-03
3.174287499899855047e-03
3.170508949617656478e-03
3.168226946161045894e-03
3.170966655344283069e-03
3.165464836731365830e-03
3.168050024190511953e-03
3.166372459169984350e-03
3.167253555992726767e-03
3.170003745112547414e-03
3.167376966141209529e-03
3.166206138191747076e-03
3.166564692918383880e-03
3.163028085961033450e-03
3.159135525625103320e-03
3.162050652204502661e-03
3.159265892012898085e-03
3.157715087569971848e-03
3.154658259030215101e-03
3.156022914548117439e-03
3.154039135006768760e-03
3.155815512541572734e-03
3.154605088799611757e-03
3.153079810698912987e-03
3.156675248348629267e-03
3.155717389365928112e-03
3.155436054443313751e-03
3.153203661854388391e-03
3.154400420409754664e-03
3.152901972596842094e-03
3.153685500431347658e-03
3.151145826350991701e-03
3.151818658418401638e-03
3.151239804471990015e-03
3.150094656774374453e-03
3.151412009024291434e-03
3.153779560680539974e-03
3.153015213567403677e-03
3.156208235095992777e-03
3.159143826095139884e-03
3.161831196824764750e-03
3.162433917097122286e-03
3.163832197381953332e-03
3.164332574253923662e-03
3.159816227647852579e-03
3.161019914048906164e-03
3.155817232855875638e-03
3.155079212670709905e-03
3.157048912323317993e-03
3.159267050779500288e-03
3.160328400443295285e-03
3.160193968236816621e-03
3.164214415015793262e-03
