3.945394954300631210e-03
3.945394954300631210e-03
3.936523514172282807e-03
3.929660306507635863e-03
3.921563657042256845e-03
3.912968784304266673e-03
3.905596693913936188e-03
3.899145143618673939e-03
3.893404830939498247e-03
3.887122880844245433e-03
3.880102426508116008e-03
3.873037600903107835e-03
3.866300060409620046e-03
3.859184322616233086e-03
3.853043968825274786e-03
3.847462709503313150e-03
3.841430294996478478e-03
3.835636729754017538e-03
3.830455942828886982e-03
3.824817964080881854e-03
3.818823109246320593e-03
3.813094300721088601e-03
3.807777209474375382e-03
3.801819606986133349e-03
3.795610094367558515e-03
3.790002135922297070e-03
3.783921643340179726e-03
3.777543161339041045e-03
3.771561207791502852e-03
3.766109419244621347e-03
3.759857192135529838e-03
3.753646012528644594e-03
3.747839956899577576e-03
3.741680464609031635e-03
3.734946337366864318e-03
3.729203400409678015e-03
3.723632799095747195e-03
3.717512027040727370e-03
3.711427912944100741e-03
3.705414944214748246e-03
3.699663751480634834e-03
3.694175013851950466e-03
3.688625677593942824e-03
3.682927298577897551e-03
3.677052538766403984e-03
3.671681782807297272e-03
3.665951652573612093e-03
3.659843188063538130e-03
3.653271011643098413e-03
3.647358420823648782e-03
3.641849726879913852e-03
3.636089614353061814e-03
3.630203034165416839e-03
3.624058976090298312e-03
3.618544050974035337e-03
3.612867669464672141e-03
3.607302236295212294e-03
3.601239468342436450e-03
3.595412957498829876e-03
3.589601914225290513e-03
3.584369861027011418e-03
3.579005171361142844e-03
3.573258495341244748e-03
3.567475901724828126e-03
3.561982319354159866e-03
3.556610889049811181e-03
3.550956601307160825e-03
3.544994112426606749e-03
3.539221800440917488e-03
3.533723604956524010e-03
3.528490997288316177e-03
3.523018577923127045e-03
3.517180363532114960e-03
3.512138470210037292e-03
3.507266419755830124e-03
3.502063489512986273e-03
3.496467634066601372e-03
3.491608347635260633e-03
3.486679383556020619e-03
3.481042082506643608e-03
3.475697007297627161e-03
3.470687256362803026e-03
3.465511255501939596e-03
3.460175315417753777e-03
3.454853394610298348e-03
3.449489688025396232e-03
3.444153708174878259e-03
3.438953665169120540e-03
3.433572451713492318e-03
3.428106871854382735e-03
3.422623663273251498e-03
3.417242338699002461e-03
3.412173784863501130e-03
3.406918304698288401e-03
3.401706704374091172e-03
3.396860575924595151e-03
3.391599171091154181e-03
3.386525334410278587e-03
3.382069821997736939e-03
3.377574004578267394e-03
3.372667221251209393e-03
3.367203904497296108e-03
3.362229340436283763e-03
3.357449451207265324e-03
3.352718706623882428e-03
3.347497368511694309e-03
3.342043247443307868e-03
3.336741869687901828e-03
3.331557368313919042e-03
3.326484820068205395e-03
3.321318396068002367e-03
3.315813550838065619e-03
3.310376251292437670e-03
3.305327289060700988e-03
3.300729394228333214e-03
3.296330895057003000e-03
3.291329184516779850e-03
3.286268883721403088e-03
3.281472354085864917e-03
3.276217156509319064e-03
3.270924962624332816e-03
3.266289326901726086e-03
3.261543806475143605e-03
3.256788192888253157e-03
3.251614848877319025e-03
3.246579287744228489e-03
3.241612748087083651e-03
3.236670785105658088e-03
3.231646828406092332e-03
3.226637133657171783e-03
3.221732906141184811e-03
3.216859308996411222e-03
3.212172634072210653e-03
3.207264477902606412e-03
3.202270987852633578e-03
3.198003826030253790e-03
3.193391122743173549e-03
3.188743251353825300e-03
3.184168327689083575e-03
3.179856575452215828e-03
3.175584867868140159e-03
3.171262347047071849e-03
3.166138693449395327e-03
3.161208901578243906e-03
3.156635650833845234e-03
3.152207490820612204e-03
3.147792658226981552e-03
3.142718908205265407e-03
3.138163521955917960e-03
3.133539425408861639e-03
3.129448566550951504e-03
3.125441351452996983e-03
3.120956266433876081e-03
3.116753414333151440e-03
3.112567988327945637e-03
3.108581677822155626e-03
3.104282419359002260e-03
3.099893672735820876e-03
3.095441648170438320e-03
3.091186164210325566e-03
3.086962158392382929e-03
3.082595413091958250e-03
3.077907199919171014e-03
3.072915647611650786e-03
3.068163825535875390e-03
3.063456085566500491e-03
3.058912684258755996e-03
3.054652821225639289e-03
3.049987952772596593e-03
3.045694378249915162e-03
3.041161704276812341e-03
3.036615483601307758e-03
3.031923711276620238e-03
3.027320821173780895e-03
3.022851270315806207e-03
3.018502149163541926e-03
3.013851988302170687e-03
3.009148964588792205e-03
3.004328211195602359e-03
2.999342554859671557e-03
2.994655699803297922e-03
2.990336242322626931e-03
2.986155232479545049e-03
2.981727804296918985e-03
2.977213192046898171e-03
2.972941099246966760e-03
2.968644695620572312e-03
2.964329330302046921e-03
2.960000670052347332e-03
2.955570903548270303e-03
2.950955126066379455e-03
2.946560295724671725e-03
2.942276600702653164e-03
2.938011896595783649e-03
2.933793413889009081e-03
2.929895014177375488e-03
2.926076826945531693e-03
2.922097526952085068e-03
2.918255824993578901e-03
2.914291082409310989e-03
2.910542955135479292e-03
2.906527216154659605e-03
2.902428907514496576e-03
2.898493162051871304e-03
2.894840819589626288e-03
2.891126892625355948e-03
2.887201721733967125e-03
2.882886805647431883e-03
2.878325976326260010e-03
2.874053720679615054e-03
2.870219971804623127e-03
2.866530207892269751e-03
2.862396295754396792e-03
2.857993337948946250e-03
2.853558421849648492e-03
2.849683447720581953e-03
2.845325658502633609e-03
2.841138021424915658e-03
2.837006801315813606e-03
2.832951507348677178e-03
2.828779582591118159e-03
2.824699182786590511e-03
2.820746195094019776e-03
2.816710635325246452e-03
2.812650132714379723e-03
2.808786377767990249e-03
2.804982238071145832e-03
2.801235702872733116e-03
2.797514234066803777e-03
2.793493595650685217e-03
2.789613659020554089e-03
2.785803150863532494e-03
2.782075108412835306e-03
2.778240826347970482e-03
2.774581327574497831e-03
2.770603643417785152e-03
2.767060688447808316e-03
2.763185875696977205e-03
2.759586581612562001e-03
2.755975642399052274e-03
2.752415902661470553e-03
2.748555993135918737e-03
2.744971389752196792e-03
2.741421225531140166e-03
2.738117957668641852e-03
2.734642601973363753e-03
2.731055718190158414e-03
2.727633546066633458e-03
2.723958375066974288e-03
2.720202915391693125e-03
2.716703192190083726e-03
2.713436336616854242e-03
2.709830416907899574e-03
2.706140793086419562e-03
2.702516261163169509e-03
2.698918301887369506e-03
2.695256763695634116e-03
2.691304465447412649e-03
2.687319671580986648e-03
2.683755908994198830e-03
2.680207559708701684e-03
2.676586583762821398e-03
2.673129235299520103e-03
2.670148783215712997e-03
2.667075797989648840e-03
2.663601585767575320e-03
2.659856598403249200e-03
2.655974304780050338e-03
2.652575157341106622e-03
2.649115161447058477e-03
2.645657975046714853e-03
2.641921762483775103e-03
2.638178419695222290e-03
2.634187015335366297e-03
2.630611676067068361e-03
2.627062142770888314e-03
2.623751774824850669e-03
2.620212518366223011e-03
2.616803740842651993e-03
2.613432067308412050e-03
2.609691130384885968e-03
2.606189824452913566e-03
2.602879064965030534e-03
2.599551705323408912e-03
2.596372063877037343e-03
2.592851744606204569e-03
2.589236015786928590e-03
2.585701378321922112e-03
2.581972664455794726e-03
2.578552032737737448e-03
2.575141132629990299e-03
2.572273602572498329e-03
2.569144139505319824e-03
2.566098888121461086e-03
2.562936200775499558e-03
2.559394958227780535e-03
2.556077411887326244e-03
2.552598248690535719e-03
2.549137054976740539e-03
2.545554315099127565e-03
2.542406571749001969e-03
2.539392160597132506e-03
2.536246644275721562e-03
2.533150994057738973e-03
2.529812638790748369e-03
2.526635746706184897e-03
2.523499567107965417e-03
2.520221968458120562e-03
2.517173713334011371e-03
2.513966561456994469e-03
2.510778055853327573e-03
2.507566647010624466e-03
2.504299888200687239e-03
2.501303984796337653e-03
2.498187974190671078e-03
2.495054779933556996e-03
2.491646158330794794e-03
2.488601494112092395e-03
2.485679240797820672e-03
2.482487218190015336e-03
2.479239136803241313e-03
2.475826834355217710e-03
2.472545769698389264e-03
2.469389655312044865e-03
2.466496334950352056e-03
2.463603160405617148e-03
2.460838786120478957e-03
2.457433050024310835e-03
2.454091984558816244e-03
2.450722644214805863e-03
2.447621457092060901e-03
2.444583078188103300e-03
2.441943996020716663e-03
2.438862953343266284e-03
2.435765474959525594e-03
2.432487852216873563e-03
2.429296006994217331e-03
2.426102939557373168e-03
2.423034272720480872e-03
2.419863497094688724e-03
2.416735090019444306e-03
2.413806426948146653e-03
2.410615731237497703e-03
2.407337919710876746e-03
2.403936011017905085e-03
2.400569554823935893e-03
2.397340384423629189e-03
2.394155401030075275e-03
2.391154501758086404e-03
2.388052578351466861e-03
2.385128444761094521e-03
2.382058405399594368e-03
2.379013059798945444e-03
2.375949021126839457e-03
2.372769552878527949e-03
2.369839233237339485e-03
2.367063365611915722e-03
2.364106661100885340e-03
2.361040206441642440e-03
2.358007492740164281e-03
2.354872385726974708e-03
2.352036351527252243e-03
2.348667028620219505e-03
2.345648766210218627e-03
2.342590076585460493e-03
2.339725210676609369e-03
2.336983823311506153e-03
2.334123254525361738e-03
2.331123001938337127e-03
2.327950390649593474e-03
2.324993315241631435e-03
2.321929742184276196e-03
2.319219630099725402e-03
2.316096991627995989e-03
2.313073024297747967e-03
2.310117999033062860e-03
2.307006977392246465e-03
2.304003539915266789e-03
2.301261096765716292e-03
2.298575486343614437e-03
2.296125432796961886e-03
2.293492100113720539e-03
2.290722941929342060e-03
2.287490876088784514e-03
2.284246864915560806e-03
2.281318509980190083e-03
2.278184447663934940e-03
2.275162208573114787e-03
2.272089583573470069e-03
2.268937997446696803e-03
2.265933939067518114e-03
2.263072209675236028e-03
2.260516851936766099e-03
2.257636264224617811e-03
2.254933731375408350e-03
2.252051579740608524e-03
2.248896262502903757e-03
2.245811517867617180e-03
2.242850869884408654e-03
2.239842498650757539e-03
2.237100661129236539e-03
2.234513700469785511e-03
2.231835542944679389e-03
2.228991313131201569e-03
2.226093455743358152e-03
2.223118123765320964e-03
2.220483014947235816e-03
2.217799279243203980e-03
2.215109058745845256e-03
2.212401149950198216e-03
2.209370532012543391e-03
2.206547785349299157e-03
2.203455522537420448e-03
2.200765306058221661e-03
2.198011303544275367e-03
2.195434172030104152e-03
2.192842091823608147e-03
2.190267856682542695e-03
2.187350913115143191e-03
2.184739648258335245e-03
2.182178979649920976e-03
2.179610656716532945e-03
2.177095924141348501e-03
2.174348028604209272e-03
2.171830515266809716e-03
2.168651611800212660e-03
2.165742132440664353e-03
2.162908487401462351e-03
2.159957798697164505e-03
2.157167563945880644e-03
2.154287656548184264e-03
2.151760756207916989e-03
2.149193607988567675e-03
2.146585462407918712e-03
2.143968788626408536e-03
2.141443580480428301e-03
2.138901102418043140e-03
2.136364359305942609e-03
2.133734574193581982e-03
2.131280827282368631e-03
2.128708813591273768e-03
2.126228825407782026e-03
2.123494458551897050e-03
2.120693302247844692e-03
2.118098550969367468e-03
2.115595264558652825e-03
2.112972879602174371e-03
2.110292021292182584e-03
2.107657764787855201e-03
2.105028593885738871e-03
2.102510573168458151e-03
2.099869346204567486e-03
2.097547701482345255e-03
2.095074883077703565e-03
2.092665678646099016e-03
2.090019304845566143e-03
2.087493631880871139e-03
2.085011942781010708e-03
2.082513281942471785e-03
2.080062656428387918e-03
2.077673669242541959e-03
2.075133583429499863e-03
2.072873538572901804e-03
2.070369542929943914e-03
2.068003038568532598e-03
2.065459129062683676e-03
2.063033953544405035e-03
2.060769828904663280e-03
2.058375732178774949e-03
2.056326139340016769e-03
2.054251167931974743e-03
2.051880847485214234e-03
2.049689156985607177e-03
2.047049634314172372e-03
2.044334856635025583e-03
2.041831607013737046e-03
2.039413915045157604e-03
2.037157228043047497e-03
2.034891426620188005e-03
2.032912013406619998e-03
2.030640090370559349e-03
2.028154170081346904e-03
2.025991462503078360e-03
2.023556794128835313e-03
2.020968511734236740e-03
2.018502075968137740e-03
2.016139385702951474e-03
2.014005523721005067e-03
2.011571853730014826e-03
2.009384981191277442e-03
2.006896749410498268e-03
2.004664292949892828e-03
2.002348554242984989e-03
2.000194207750678917e-03
1.997846752803662460e-03
1.995593969936346017e-03
1.993342467171753049e-03
1.990901061216171237e-03
1.988659419397100642e-03
1.986185610243540716e-03
1.983780224898766802e-03
1.981448371504325370e-03
1.978992627764036664e-03
1.976445954318377211e-03
1.973846907814140288e-03
1.971138856073657158e-03
1.968510437096722670e-03
1.965944582267517473e-03
1.963752738499224913e-03
1.961346375574146532e-03
1.959272776421374426e-03
1.957077306763515840e-03
1.954903232501549720e-03
1.952704908865467246e-03
1.950489172668386445e-03
1.948266546702467732e-03
1.946027062336363848e-03
1.943841858721659073e-03
1.941741046441080448e-03
1.939621046794716853e-03
1.937510154123978480e-03
1.935470056294192730e-03
1.933305659552147018e-03
1.931194974533587735e-03
1.928853369332441054e-03
1.926537144929796547e-03
1.924321663362992462e-03
1.922161843903806566e-03
1.919972764094483473e-03
1.917959765156830804e-03
1.915702413922143552e-03
1.913746516219894328e-03
1.911637068810131306e-03
1.909532244745762311e-03
1.907447681261244731e-03
1.905002404165668855e-03
1.902666864719935102e-03
1.900349025931266211e-03
1.898293993986625112e-03
1.896122674993025751e-03
1.894029140993103242e-03
1.891904930962233543e-03
1.889687672287449589e-03
1.887547032408529906e-03
1.885292897069560996e-03
1.883072289822923647e-03
1.880768915577712931e-03
1.878458620516131267e-03
1.876127400955034151e-03
1.873910524086783852e-03
1.871734606513760337e-03
1.869574914601769252e-03
1.867711612230863643e-03
1.865739873581682192e-03
1.863860172043013469e-03
1.861806035294899520e-03
1.859835206849667173e-03
1.858001524954104242e-03
1.856099938416943271e-03
1.854209105855941309e-03
1.852108141430096463e-03
1.850100868500824782e-03
1.848241095384953875e-03
1.846254086856783131e-03
1.844331362262111203e-03
1.842680041229411347e-03
1.840987988766964447e-03
1.839232894498021766e-03
1.837451626938022475e-03
1.835687098136799160e-03
1.833944219447257787e-03
1.831975676340257464e-03
1.830024029268624173e-03
1.827942799133553103e-03
1.825872299724056206e-03
1.823690482548868692e-03
1.821732325948625681e-03
1.819931557251824221e-03
1.817759073360356590e-03
1.815682710945675481e-03
1.813547227567016869e-03
1.811511646943012857e-03
1.809459402728333995e-03
1.807447778373070428e-03
1.805520591477360491e-03
1.803678427499413872e-03
1.801951469329155170e-03
1.800078520983477157e-03
1.798224891898880231e-03
1.796246129148377797e-03
1.794143635996525189e-03
1.792104250222522049e-03
1.790053205322644520e-03
1.788049927831913185e-03
1.786050753727152270e-03
1.784114145289289336e-03
1.782047249380784831e-03
1.779959337651805399e-03
1.777977815309592221e-03
1.776034454891027743e-03
1.774102856052691682e-03
1.772229513653158584e-03
1.770319702142555702e-03
1.768482970891638176e-03
1.766468863129629172e-03
1.764412093755866277e-03
1.762334617380331703e-03
1.760329339328928168e-03
1.758472847735671665e-03
1.756732188070430755e-03
1.754961013309210048e-03
1.753129917029843310e-03
1.751307796001282590e-03
1.749325700118084092e-03
1.747265645901286682e-03
1.745321797064397756e-03
1.743524777156226727e-03
1.741625574389989465e-03
1.739755696431639735e-03
1.738005478167716509e-03
1.736054790255064841e-03
1.734135172379771411e-03
1.732300249357255099e-03
1.730611643073462708e-03
1.728785214206263231e-03
1.727033651321173858e-03
1.725318658478980751e-03
1.723455269151062804e-03
1.721560711275685936e-03
1.719787397143390404e-03
1.718227963917762571e-03
1.716391833001682226e-03
1.714515461956419521e-03
1.712837365154202705e-03
1.711047191688611427e-03
1.709348779490742860e-03
1.707514890722983689e-03
1.705938044291965003e-03
1.704272514552390228e-03
1.702609351645264233e-03
1.700894541695923030e-03
1.699370691013439788e-03
1.697641097345214305e-03
1.696026181276854639e-03
1.694201825048801411e-03
1.692558345258228297e-03
1.690867350316714200e-03
1.689269195555062565e-03
1.687813351452756251e-03
1.686189440473130022e-03
1.684721098144590897e-03
1.683054222293756553e-03
1.681326635327693581e-03
1.679701717483691407e-03
1.677944767251306766e-03
1.675902090026506379e-03
1.674062976015160435e-03
1.672360805338246516e-03
1.670723478349975559e-03
1.668865856628781860e-03
1.667149375179723158e-03
1.665319391493766399e-03
1.663567624030388905e-03
1.661810007623908776e-03
1.660046773671970113e-03
1.658182618582295428e-03
1.656524807661676401e-03
1.654907036226940234e-03
1.653404053403225013e-03
1.651638941388855735e-03
1.650122957910995494e-03
1.648300170978946391e-03
1.646631907651830177e-03
1.644972441860281624e-03
1.643329509849611328e-03
1.641826108592172239e-03
1.640302428026154833e-03
1.638763791860085427e-03
1.637185555520353879e-03
1.635463799150714114e-03
1.633674843839911682e-03
1.631970483034465022e-03
1.630304379023685005e-03
1.628690931819200705e-03
1.627106525508429649e-03
1.625514023096778608e-03
1.624066294497304545e-03
1.622340979536111621e-03
1.620616827762701769e-03
1.619002101702081897e-03
1.617200493857401215e-03
1.615633714794182394e-03
1.614116652038630846e-03
1.612438064419752844e-03
1.610759533365314607e-03
1.609066461741964250e-03
1.607202519381982367e-03
1.605409736339771624e-03
1.603826186403176568e-03
1.602114529750358783e-03
1.600609657304052132e-03
1.599079779428144851e-03
1.597404346157216791e-03
1.595736182286906649e-03
1.594172305182493679e-03
1.592466215063614333e-03
1.590742634440960946e-03
1.589120328755158152e-03
1.587387323094950967e-03
1.585635940472213080e-03
1.584004211621655280e-03
1.582426262510100521e-03
1.580958880838525529e-03
1.579275942729690095e-03
1.577889769583879984e-03
1.576227167769000655e-03
1.574558021819799647e-03
1.572890368068412953e-03
1.571281325113977299e-03
1.569727011848371821e-03
1.567989514685118194e-03
1.566390068884312937e-03
1.564646665647668328e-03
1.563103067286366948e-03
1.561482294043162970e-03
1.559935178069409619e-03
1.558258555485350074e-03
1.556606729742964282e-03
1.555118135594547174e-03
1.553493774197788752e-03
1.551929491087754732e-03
1.550422263803088833e-03
1.548925044790872008e-03
1.547593598021962348e-03
1.546274554980589955e-03
1.544848226650248407e-03
1.543487443445927402e-03
1.541955103253319975e-03
1.540639008485843653e-03
1.539138787798761780e-03
1.537788506962282703e-03
1.536313365042633146e-03
1.534970980325966973e-03
1.533614473304822836e-03
1.532237469752271899e-03
1.530878170828806452e-03
1.529368884869780664e-03
1.527874252635916556e-03
1.526484641587641782e-03
1.524843954496837156e-03
1.523305628997677049e-03
1.521688638240269436e-03
1.520092294578120375e-03
1.518633571299608017e-03
1.517192141861312951e-03
1.515721240826061822e-03
1.514192258593667021e-03
1.512796061943993834e-03
1.511373747576708537e-03
1.509916792898243843e-03
1.508559426262699428e-03
1.507000089225505332e-03
1.505593175127148626e-03
1.504161523731124394e-03
1.502741975321740834e-03
1.501450908963001749e-03
1.500086223781753846e-03
1.498531358106729595e-03
1.497193040252538026e-03
1.495992070083459243e-03
1.494656678424922600e-03
1.493317925273345004e-03
1.492056780247397576e-03
1.490542323590602312e-03
1.489282882220252990e-03
1.487938285430565749e-03
1.486624651371988657e-03
1.485098459475848445e-03
1.483646457419065439e-03
1.482360474461758351e-03
1.480962064363486709e-03
1.479764806413832578e-03
1.478486751313575149e-03
1.477181115714186000e-03
1.475838352071767940e-03
1.474555831117173570e-03
1.473231859748296620e-03
1.471887759443839044e-03
1.470693766739899783e-03
1.469225104580618255e-03
1.467888500856127714e-03
1.466562713256057762e-03
1.465175786732145994e-03
1.463862336022476356e-03
1.462574899877547166e-03
1.461279637333554211e-03
1.459908219216444905e-03
1.458694378546532625e-03
1.457256654878529966e-03
1.455930821072674288e-03
1.454390511614239755e-03
1.453006625352167144e-03
1.451616179411793989e-03
1.450389222335815836e-03
1.449127646460044274e-03
1.447943521312713847e-03
1.446721912175106704e-03
1.445473002557986445e-03
1.444257714658041735e-03
1.443076135725608871e-03
1.441823114432470507e-03
1.440525277001343096e-03
1.439305040432715867e-03
1.438010862473680998e-03
1.436633291837614932e-03
1.435129942345329422e-03
1.433708731953551923e-03
1.432357830187022630e-03
1.430966436027149595e-03
1.429596510402073462e-03
1.428322233756987606e-03
1.427055013191887243e-03
1.425858491601845936e-03
1.424585160766050993e-03
1.423166917660531562e-03
1.421819555951911191e-03
1.420530366961434039e-03
1.419091006001671961e-03
1.417726209146441064e-03
1.416383252204653220e-03
1.415091857174882988e-03
1.413699359083149748e-03
1.412470151788681539e-03
1.411222244773092374e-03
1.409929220211083396e-03
1.408949340731047379e-03
1.407554276500139071e-03
1.406311639349999741e-03
1.405216504163162320e-03
1.404073645474983832e-03
1.402736807215647103e-03
1.401359500166867366e-03
1.400081984982637405e-03
1.398785983316503138e-03
1.397384470271548912e-03
1.396162113246003774e-03
1.394929473607572695e-03
1.393851204724703757e-03
1.392683635132375107e-03
1.391447914704653900e-03
1.390218645008204105e-03
1.388981914333372106e-03
1.387661164135882289e-03
1.386484844541607114e-03
1.385023169861499199e-03
1.383762225949038312e-03
1.382599461408242541e-03
1.381305734291375523e-03
1.380222133173463752e-03
1.379147690062540368e-03
1.377957958735398112e-03
1.376775020803607539e-03
1.375659660315109011e-03
1.374718126228141905e-03
1.373614152043232603e-03
1.372528942344244550e-03
1.371384388488340036e-03
1.370191694919902425e-03
1.368951308881313084e-03
1.367823718076991747e-03
1.366544281517173207e-03
1.365244369064603797e-03
1.364090975954379038e-03
1.362824754020514973e-03
1.361848550742858792e-03
1.360715555600757864e-03
1.359705500286636885e-03
1.358609889354673878e-03
1.357296485724788322e-03
1.356220586888123598e-03
1.354960296797625210e-03
1.353896494517378918e-03
1.352835219275533426e-03
1.351707261469860689e-03
1.350786902097078981e-03
1.349761258753500500e-03
1.348756789893745247e-03
1.347631046465171947e-03
1.346626384492533154e-03
1.345442082154279335e-03
1.344294499939697714e-03
1.343113338931301807e-03
1.342010514310787786e-03
1.340950131887850942e-03
1.339988805297644180e-03
1.338876014488690107e-03
1.337773748192065595e-03
1.336713633697609802e-03
1.335700060512216110e-03
1.334729662220651139e-03
1.333618735997407724e-03
1.332473563952276188e-03
1.331272265502729275e-03
1.330121883998654306e-03
1.329098135243342695e-03
1.327925629787070350e-03
1.326881127006865118e-03
1.325869194134247659e-03
1.324873042906326345e-03
1.323957258540561744e-03
1.322943510752872974e-03
1.322019861487629296e-03
1.321023519862421719e-03
1.320013486417375217e-03
1.318991848685769708e-03
1.318214000341888905e-03
1.317171985364750959e-03
1.316084367396993821e-03
1.315224003189929044e-03
1.314377190210980900e-03
1.313307945700905709e-03
1.312260503242881383e-03
1.311383037934265704e-03
1.310324235315776494e-03
1.309230199069967961e-03
1.308263553130373366e-03
1.307120811223036385e-03
1.306099184018647994e-03
1.305012637099829415e-03
1.303971113335502998e-03
1.302933344669766512e-03
1.302069878261156175e-03
1.300967634007442562e-03
1.299939253447371336e-03
1.299043545977913430e-03
1.297986040070826319e-03
1.296995371771738183e-03
1.296076736476343841e-03
1.295041203119879671e-03
1.293894871829117223e-03
1.292910555409879743e-03
1.291848306878195336e-03
1.290944317498036575e-03
1.289930362275147060e-03
1.289061784219727334e-03
1.287987584927899722e-03
1.286901026825006209e-03
1.285962246076242151e-03
1.284864878132719679e-03
1.283808573532863994e-03
1.282650458308815357e-03
1.281702159903736534e-03
1.280683679298898507e-03
1.279642107952657770e-03
1.278711079206093157e-03
1.277758680729722089e-03
1.276708231632302194e-03
1.275707307277331240e-03
1.274505518865668959e-03
1.273457559076227779e-03
1.272330581386203838e-03
1.271156687983100676e-03
1.270090026492530369e-03
1.269186887185202528e-03
1.268093278798464434e-03
1.267084943317965976e-03
1.266194622176252142e-03
1.265321851793982160e-03
1.264350712105759581e-03
1.263463667025458131e-03
1.262529309705030800e-03
1.261610818955733555e-03
1.260707961326966182e-03
1.259811171809627076e-03
1.258879581773498808e-03
1.258066075315939858e-03
1.257106827021864858e-03
1.256073624985963502e-03
1.255075416548822155e-03
1.254047690462154786e-03
1.252923200018285325e-03
1.251922980963685646e-03
1.250858648619926740e-03
1.249733303584568992e-03
1.248680576807444965e-03
1.247622558806313385e-03
1.246482880769609735e-03
1.245375984271887039e-03
1.244395238719054209e-03
1.243325280540892152e-03
1.242273874780296930e-03
1.241129248362312591e-03
1.240013108533799015e-03
1.238856474340396807e-03
1.237772541245894722e-03
1.236602088984864673e-03
1.235740003602166454e-03
1.234579564716426370e-03
1.233546637241260705e-03
1.232510330099931143e-03
1.231570471181987281e-03
1.230571695216295088e-03
1.229680495545182719e-03
1.228730134820064327e-03
1.227840863406090555e-03
1.226897680252507982e-03
1.226015268160557132e-03
1.224922606702885880e-03
1.223942335113145348e-03
1.223097826852226257e-03
1.222093374161773880e-03
1.221145724558983861e-03
1.220330700405332413e-03
1.219282900740282409e-03
1.218501220823610788e-03
1.217532427676737460e-03
1.216399489240672016e-03
1.215523943751182058e-03
1.214651006341135701e-03
1.213759205186252339e-03
1.212859404862770638e-03
1.211757185964297068e-03
1.210889783155305295e-03
1.209979343945690637e-03
1.209082857128395598e-03
1.208091913430933651e-03
1.207282267947939287e-03
1.206242037873318145e-03
1.205240459260097400e-03
1.204386192190726656e-03
1.203592265532495804e-03
1.202467570981646978e-03
1.201633386447771047e-03
1.200841088074710086e-03
1.199924339288875206e-03
1.198925088372087850e-03
1.198083519073512215e-03
1.197189948434537700e-03
1.196230253944140839e-03
1.195289451351087568e-03
1.194456632896367682e-03
1.193595020991536620e-03
1.192689502413652163e-03
1.191980817109936606e-03
1.191261632810170900e-03
1.190428103683876257e-03
1.189552127415986803e-03
1.188650796666694499e-03
1.187857377399316504e-03
1.187117419095446184e-03
1.186261901306263434e-03
1.185266561497981715e-03
1.184371125324656287e-03
1.183642960388315256e-03
1.182820277206002952e-03
1.182013319470207437e-03
1.181147069673986862e-03
1.180359792713239634e-03
1.179560793322189044e-03
1.178698075336310699e-03
1.178035446796337361e-03
1.177241931824128370e-03
1.176311571005146358e-03
1.175477367734990104e-03
1.174741065768801843e-03
1.173882361805371477e-03
1.172953492864945921e-03
1.172269160000376101e-03
1.171362908466907831e-03
1.170521271918202686e-03
1.169722154587424451e-03
1.169021168066114967e-03
1.168140468135891400e-03
1.167333192974745340e-03
1.166651072415800456e-03
1.165740514615450042e-03
1.164924502654512105e-03
1.164246742518379321e-03
1.163366690520242644e-03
1.162582891082010808e-03
1.161814556981210665e-03
1.161128336466575074e-03
1.160345123043775382e-03
1.159542605432587262e-03
1.158795684213765080e-03
1.158275115327664796e-03
1.157269691219351988e-03
1.156589864793770416e-03
1.155751698830113135e-03
1.154901759230163609e-03
1.154129983476163621e-03
1.153284880200983794e-03
1.152327800486671388e-03
1.151549152382490065e-03
1.150750245577664621e-03
1.149849180514931875e-03
1.148819873823290994e-03
1.148061848113141699e-03
1.147182423985458350e-03
1.146415001176116517e-03
1.145480427664089191e-03
1.144682268456609321e-03
1.143688164728068552e-03
1.142917287069168154e-03
1.142142606153808424e-03
1.141329184587104237e-03
1.140537892376181041e-03
1.139710484158794595e-03
1.139025339522256987e-03
1.138141360767758832e-03
1.137465856099960501e-03
1.136694283302716515e-03
1.135841407854745917e-03
1.135071732088269647e-03
1.134110410430534850e-03
1.133396388860634504e-03
1.132611978214481370e-03
1.131788256533361936e-03
1.130862812253617287e-03
1.130125074672936290e-03
1.129334517806690821e-03
1.128658918047804709e-03
1.127859878939086380e-03
1.127096827296681205e-03
1.126187980553421727e-03
1.125336364446194361e-03
1.124557238038177698e-03
1.123727829775154983e-03
1.123068450807929901e-03
1.122454048294823595e-03
1.121703522172387731e-03
1.121016690738973467e-03
1.120331959586924478e-03
1.119579947681956450e-03
1.118859860060080706e-03
1.118083561313122252e-03
1.117206090873386435e-03
1.116349531371358360e-03
1.115496206322049615e-03
1.114685207832047387e-03
1.113989978038825834e-03
1.113303989346662703e-03
1.112559051584919223e-03
1.111791002144294719e-03
1.111022798188133565e-03
1.110345967217843790e-03
1.109585991792816665e-03
1.108842334651216101e-03
1.107993736172580186e-03
1.107332948238799915e-03
1.106695516447005591e-03
1.105759802541277136e-03
1.105033109041060309e-03
1.104247841558563328e-03
1.103378643290043757e-03
1.102445164104328291e-03
1.101899989839762173e-03
1.101023109526700662e-03
1.100347624255061055e-03
1.099568727376893078e-03
1.098851241603756614e-03
1.098054091376679878e-03
1.097375010999553525e-03
1.096688393324187199e-03
1.095747519288375535e-03
1.095067632516872128e-03
1.094222296108448254e-03
1.093391020801206225e-03
1.092604383466125881e-03
1.091745676277526035e-03
1.091068889073113900e-03
1.090338386484266840e-03
1.089606241632036553e-03
1.088873827298409433e-03
1.088216563993570519e-03
1.087515191925425258e-03
1.086809571364841936e-03
1.086134814206060747e-03
1.085429444259865825e-03
1.084694230824745581e-03
1.084016889682232546e-03
1.083364534470868459e-03
1.082646969685005945e-03
1.081898443656936033e-03
1.081241460969529404e-03
1.080600898043929938e-03
1.079862254198146049e-03
1.079221680737796861e-03
1.078545252137003098e-03
1.077856114589982334e-03
1.077165505488086221e-03
1.076519424469437203e-03
1.075823273502243480e-03
1.075211964569884647e-03
1.074465882033510391e-03
1.073774634011242591e-03
1.073144347940272131e-03
1.072306203010662835e-03
1.071629898594982869e-03
1.070655924652176441e-03
1.069920640580315817e-03
1.069065602660798121e-03
1.068198560453515432e-03
1.067484014265301017e-03
1.066746467698064232e-03
1.065979184851190229e-03
1.065230001873553522e-03
1.064557958833718633e-03
1.063909561601392162e-03
1.063220673825160086e-03
1.062595587244900873e-03
1.061798535817822702e-03
1.061124152238412510e-03
1.060449150307348799e-03
1.059761620790199838e-03
1.059153756900198294e-03
1.058441612338087163e-03
1.057852349305955005e-03
1.057194510251266819e-03
1.056536981188955452e-03
1.055866875915608630e-03
1.055163884209784405e-03
1.054500582580488940e-03
1.053846082566160499e-03
1.053276545659130418e-03
1.052560557482586047e-03
1.051921654019682094e-03
1.051222150621674949e-03
1.050707187099888433e-03
1.050085005290782433e-03
1.049454364983191685e-03
1.048789903836956075e-03
1.048268818179468823e-03
1.047583582198795401e-03
1.046901211044619102e-03
1.046174100581225615e-03
1.045650193036866404e-03
1.044928329287354634e-03
1.044225539501170271e-03
1.043682815118058974e-03
1.043093746407011864e-03
1.042582352385980219e-03
1.041855180583774881e-03
1.041318217356857834e-03
1.040555332786529535e-03
1.040055930199876126e-03
1.039405943550275645e-03
1.038729537446835688e-03
1.038152709160163620e-03
1.037530662046663417e-03
1.036956460317919751e-03
1.036388265434817204e-03
1.035785783387779997e-03
1.035149003318965076e-03
1.034541579290745947e-03
1.033955144947495443e-03
1.033313916351774088e-03
1.032774372496695139e-03
1.032255317727808408e-03
1.031619557514646757e-03
1.031137501759396731e-03
1.030642520219019137e-03
1.030109410590304350e-03
1.029605213737920652e-03
1.029074943282875469e-03
1.028690425520295505e-03
1.028042220472600307e-03
1.027527742685047877e-03
1.027082265906620632e-03
1.026554374549984612e-03
1.025922332781866158e-03
1.025315400771470865e-03
1.024824173216407498e-03
1.024190734297221678e-03
1.023635495576182258e-03
1.023022374228633059e-03
1.022402296151584756e-03
1.021890070435864297e-03
1.021396880916576816e-03
1.020781827619769277e-03
1.020229292257731572e-03
1.019750024620363514e-03
1.019035794376216665e-03
1.018482333824298090e-03
1.017830969519694078e-03
1.017069838733529246e-03
1.016428806206419542e-03
1.015929945936257977e-03
1.015296944646227944e-03
1.014788570083641510e-03
1.014200183015563465e-03
1.013659541547199750e-03
1.013144948482034343e-03
1.012683503089180023e-03
1.012063712622123749e-03
1.011575695602357850e-03
1.011003472262421779e-03
1.010387083428837800e-03
1.009800884317645954e-03
1.009165598307884592e-03
1.008584025597465423e-03
1.007985159861791644e-03
1.007399711459350169e-03
1.006789100238152535e-03
1.006172509862229749e-03
1.005600124388058387e-03
1.005132446545933204e-03
1.004420126208577669e-03
1.003962353500665542e-03
1.003500477056784102e-03
1.002926018202018790e-03
1.002272633641136971e-03
1.001633339050253622e-03
1.001036210566830969e-03
1.000392245335768966e-03
9.997989776415968938e-04
9.992314895273829867e-04
9.986352963587024397e-04
9.979536547723177366e-04
9.975146229790079165e-04
9.968470905844951241e-04
9.962916274741835665e-04
9.958180688471717640e-04
9.953092880953706874e-04
9.946480674932563128e-04
9.940446349615400783e-04
9.936482292464882994e-04
9.931633568806561355e-04
9.926012165876346195e-04
9.919858965530927494e-04
9.914317485496344697e-04
9.907621093958058484e-04
9.902624297901032463e-04
9.896434952886795471e-04
9.889625151601210730e-04
9.883292582671134550e-04
9.877029182689034317e-04
9.871586801214647048e-04
9.865710102577929849e-04
9.858873390099129851e-04
9.853442329114067179e-04
9.846673666162120489e-04
9.840404322738235520e-04
9.834747626561114644e-04
9.828730398184313145e-04
9.822552152644013768e-04
9.816874489519437311e-04
9.811342905468058411e-04
9.805437419910486337e-04
9.800111664504920946e-04
9.795915225515709496e-04
9.791831360780576827e-04
9.785985633237999446e-04
9.780244521860343571e-04
9.776124390721340016e-04
9.770767606597486298e-04
9.766167291932988711e-04
9.760057271547855533e-04
9.755815731062368341e-04
9.750276291863185524e-04
9.744864703481791266e-04
9.740349827083417088e-04
9.735039301612786414e-04
9.730042314407509737e-04
9.725717595534554873e-04
9.720150871908318215e-04
9.714720667278331371e-04
9.709505550334211798e-04
9.704009153855856426e-04
9.697199009429178888e-04
9.692400020521720278e-04
9.686873221576479745e-04
9.682487232473993653e-04
9.676892087378548930e-04
9.672573432520883323e-04
9.666780613891369413e-04
9.660959720949455947e-04
9.655640543075233494e-04
9.649475546786035743e-04
9.643482106221277746e-04
9.637719100531700689e-04
9.632678603292936645e-04
9.627345962325403652e-04
9.622102643169197153e-04
9.617250580953830763e-04
9.611810647786758841e-04
9.606792738800203155e-04
9.601321417810192594e-04
9.595555330205766346e-04
9.591049122571043955e-04
9.585983508158708866e-04
9.580389782941328009e-04
9.575714215443012533e-04
9.571210422437278435e-04
9.565934783932235211e-04
9.560859401926168673e-04
9.555659875779635428e-04
9.550706694136866211e-04
9.545788753639715017e-04
9.539612738081672434e-04
9.534960519674690309e-04
9.530495954947934252e-04
9.524786379850648261e-04
9.518971379409941818e-04
9.513693828581013196e-04
9.508939412966996210e-04
9.504789840573665610e-04
9.500636598121882988e-04
9.495552655279899338e-04
9.491048033145563527e-04
9.486344554172142056e-04
9.480592070660911726e-04
9.476797556111014572e-04
9.472684776529328565e-04
9.468541577750465114e-04
9.463218106773222229e-04
9.458467289466963770e-04
9.453258684829472401e-04
9.448572987177931331e-04
9.442554544837692678e-04
9.437070184037349256e-04
9.431134412252132476e-04
9.426090615808074705e-04
9.420937058522818640e-04
9.416061240578364831e-04
9.411664805503708797e-04
9.407140852296015264e-04
9.401957159679731743e-04
9.397673213479059567e-04
9.393129935557016684e-04
9.388804773574040488e-04
9.385008485398967570e-04
9.380046850646848707e-04
9.376327091632794073e-04
9.371629020595974389e-04
9.367380604581047789e-04
9.362975920982661389e-04
9.357621736193201230e-04
9.352723365864530581e-04
9.348601047224928615e-04
9.343427637900301444e-04
9.337786097691712622e-04
9.332514039540573377e-04
9.327565622476866394e-04
9.321898121900038794e-04
9.318050482838269831e-04
9.313074234211108152e-04
9.308764574834334834e-04
9.304549842637212459e-04
9.298837746950258491e-04
9.295516550939870093e-04
9.291485121549483087e-04
9.285573264323842635e-04
9.281374279443022762e-04
9.274533260363546647e-04
9.270618256070564276e-04
9.266225271788106890e-04
9.261241310458322379e-04
9.256357291355140748e-04
9.250345188495620900e-04
9.245002349931981606e-04
9.239171817037409315e-04
9.234870593750130066e-04
9.229451144458745374e-04
9.224876501881927203e-04
9.220892870942287755e-04
9.215144258515450132e-04
9.210104844514402193e-04
9.205629879705844523e-04
9.200707545126982426e-04
9.196015320649183079e-04
9.190298297933668578e-04
9.186311608298978418e-04
9.180624700800659984e-04
9.176362730031224898e-04
9.171148734370894885e-04
9.167007480260896393e-04
9.162050579702771388e-04
9.156378806420226992e-04
9.150780081860876002e-04
9.146560433122755520e-04
9.142939302388025961e-04
9.137000869838635088e-04
9.132689421699069368e-04
9.127312353851131611e-04
9.122311023137862421e-04
9.117574628104103485e-04
9.112599300207153714e-04
9.108053839647104952e-04
9.102393159846861948e-04
9.097760945149230673e-04
9.093071821315724512e-04
9.088383749309518738e-04
9.083344467794811491e-04
9.077909629007416790e-04
9.072865733630536365e-04
9.067291189368032215e-04
9.062052669380604025e-04
9.057664984323118233e-04
9.052560605972160548e-04
9.047314664739177425e-04
9.042174169438380905e-04
9.037309388846679779e-04
9.031523773474775399e-04
9.027631177928027500e-04
9.022626591717132277e-04
9.018555176533800313e-04
9.013628696916309475e-04
9.009079871609801827e-04
9.003921812537575217e-04
9.000425336597232774e-04
8.994910291571315544e-04
8.990577477472005107e-04
8.985101128788847754e-04
8.980681795409864833e-04
8.975821775203492907e-04
8.970984581857506610e-04
8.966703835906736754e-04
8.962285978600522621e-04
8.957150090121178193e-04
8.952802935602132816e-04
8.947670497053899575e-04
8.941814704125783256e-04
8.937387846531962996e-04
8.931492464818422978e-04
8.927875404637776024e-04
8.922571580021305092e-04
8.916911560743038829e-04
8.912863068786486091e-04
8.907836012580341639e-04
8.903093185368281433e-04
8.898322668228405294e-04
8.893038424694530656e-04
8.888214315773266443e-04
8.884454568759261655e-04
8.879748778226171464e-04
8.876257660354986648e-04
8.871661144176390965e-04
8.866916814435944760e-04
8.863537307329112354e-04
8.858717061304917416e-04
8.855158110702351926e-04
8.849710142405883308e-04
8.845312213988930665e-04
8.840347544850407548e-04
8.835299923992846879e-04
8.830950378809212468e-04
8.824124106865150223e-04
8.820470564119219613e-04
8.815423901296062705e-04
8.810701361572228314e-04
8.807891148575980279e-04
8.803289097728758412e-04
8.798615690464833394e-04
8.795115981086859807e-04
8.789925045176595186e-04
8.787140258563574773e-04
8.783328600727214903e-04
8.779198007521863550e-04
8.775402231970652178e-04
8.772368295788503722e-04
8.767522814218758854e-04
8.763067297747773737e-04
8.758378463744548661e-04
8.754704573524386274e-04
8.750193494882068128e-04
8.745835467471423097e-04
8.741804027547508916e-04
8.736480410079425739e-04
8.733957126102770028e-04
8.729920710839754634e-04
8.726214920335099295e-04
8.722507011729318692e-04
8.717847839019930278e-04
8.714683384607070779e-04
8.709471420900447621e-04
8.705826620296411300e-04
8.700783442357877019e-04
8.696047074064769877e-04
8.691347758764850521e-04
8.686905876371920320e-04
8.683379486115864760e-04
8.678711968198122781e-04
8.674710645542603503e-04
8.671786103089212635e-04
8.667919988116595765e-04
8.664560353927206957e-04
8.661092657753064914e-04
8.656215457777704288e-04
8.652937757126133358e-04
8.650460870300893642e-04
8.645968153258060292e-04
8.642319736921392050e-04
8.638214602013284020e-04
8.634417932709200372e-04
8.630083833576556937e-04
8.626147280245646158e-04
8.621524785251541076e-04
8.618075771046752702e-04
8.614183718304717656e-04
8.608477698751625150e-04
8.603451375648309358e-04
8.600465854306600568e-04
8.595202706754852913e-04
8.592453169603067598e-04
8.587452399405288766e-04
8.583552569843605397e-04
8.580203096542009635e-04
8.576767701625496532e-04
8.572331833109347876e-04
8.568829172638794348e-04
8.564896708730868925e-04
8.561657444564237931e-04
8.557929983502929197e-04
8.554723395880997443e-04
8.551163822106274629e-04
8.547879470105456930e-04
8.544652808175863057e-04
8.542350189667349304e-04
8.538682388175706768e-04
8.535075267295823536e-04
8.532241064479873351e-04
8.529121814163273226e-04
8.524992113498019693e-04
8.522186911200824600e-04
8.518741282518858598e-04
8.515852205068806307e-04
8.512874573477728765e-04
8.508967838035549035e-04
8.505713446777256499e-04
8.501501409543792825e-04
8.498919679327238521e-04
8.495357330817679279e-04
8.491916974392891638e-04
8.489229118811666064e-04
8.486290666695266117e-04
8.482615162280909837e-04
8.479650045606016828e-04
8.476394123918800511e-04
8.472672677310171159e-04
8.469119186795177629e-04
8.465338246258516603e-04
8.461282478963765225e-04
8.457999296337002579e-04
8.454418145407216001e-04
8.449951251957848065e-04
8.446247230196418610e-04
8.441649094186983370e-04
8.438697106530136703e-04
8.434666035430164180e-04
8.430327103859774343e-04
8.426994367786057186e-04
8.422415574074683560e-04
8.418574781609330492e-04
8.415555378444876042e-04
8.412211151693574102e-04
8.407020394112912085e-04
8.403720123019050832e-04
8.399893744311909922e-04
8.396472005443261603e-04
8.393475561347712088e-04
8.388963944792410471e-04
8.385262863198159750e-04
8.382058812960674430e-04
8.378414540934042394e-04
8.375313737123377426e-04
8.371019539481601912e-04
8.367368929262444799e-04
8.363203263032614179e-04
8.359547967561282772e-04
8.355705125385532632e-04
8.351787519317611106e-04
8.348915629386333571e-04
8.345005491345233988e-04
8.341469096707445664e-04
8.337684762260876752e-04
8.334251757568315573e-04
8.330230941169468849e-04
8.326783100755908535e-04
8.323421020515138534e-04
8.320259915834562038e-04
8.315549606058565517e-04
8.311913390904407352e-04
8.308013922649814999e-04
8.304398264396820788e-04
8.301453916811048824e-04
8.296892275709081806e-04
8.293792287138317164e-04
8.290143716638970206e-04
8.285829725072995332e-04
8.282989740354261988e-04
8.279806368497644089e-04
8.276778592896051525e-04
8.273049621622699480e-04
8.268509071252646203e-04
8.264964251105928012e-04
8.261162031144258892e-04
8.257886925559759349e-04
8.252067542663614865e-04
8.248219786359602427e-04
8.244663495189597175e-04
8.240401204966445138e-04
8.237542161111927443e-04
8.232982214922487810e-04
8.229474118961672188e-04
8.225453940878713240e-04
8.223096314028473415e-04
8.219939798543942668e-04
8.216650026662279845e-04
8.212561797951000581e-04
8.209589997740514115e-04
8.207281936820392176e-04
8.204168609676164552e-04
8.200838927178427792e-04
8.197589844642932553e-04
8.193267295376832973e-04
8.190899402886295689e-04
8.187569062466257220e-04
8.183702080853159184e-04
8.180272811292986935e-04
8.175537342801432504e-04
8.172912447056425141e-04
8.169921285628937296e-04
8.166170307690511030e-04
8.163042703910103727e-04
8.159938787670867593e-04
8.155138537089734376e-04
8.152496965402979742e-04
8.149182013534136309e-04
8.145052749183142237e-04
8.141787477600763347e-04
8.138046078006208172e-04
8.133263829820755898e-04
8.130478327827077127e-04
8.126588639863584337e-04
8.123152016960624982e-04
8.119749165964642310e-04
8.116364294759872370e-04
8.112696128045873353e-04
8.110555769974345111e-04
8.107157950124351626e-04
8.103611508866807563e-04
8.100391376197970967e-04
8.096822037246442956e-04
8.092568459085642835e-04
8.090250073753938072e-04
8.085484930109773909e-04
8.082501525538076347e-04
8.078362012384341555e-04
8.076271135831107964e-04
8.072604818814536507e-04
8.069378661244794044e-04
8.065286715062924524e-04
8.061554639032883105e-04
8.059065770119700021e-04
8.055863437414311065e-04
8.053292726182144888e-04
8.050407206351897901e-04
8.047009617740165377e-04
8.043334964182754761e-04
8.040006552963697116e-04
8.036636869870036675e-04
8.032921037597756664e-04
8.029948105320139189e-04
8.027196282716816652e-04
8.021831402236607404e-04
8.018327024345549021e-04
8.015150885435609780e-04
8.011658736664854612e-04
8.008960020716379431e-04
8.005100077312488462e-04
8.001291708193133479e-04
7.998614923450814975e-04
7.995890154183328069e-04
7.992257066749079144e-04
7.988017262596125868e-04
7.984513694253878935e-04
7.980663021977190503e-04
7.977141173062523172e-04
7.973334337611878882e-04
7.970170709649862907e-04
7.967742462532129014e-04
7.964217807127599129e-04
7.961013600004261843e-04
7.958069042627649581e-04
7.954595676392092795e-04
7.952517815486884710e-04
7.948571516168873898e-04
7.944996944613576121e-04
7.941499553292868854e-04
7.938287786095639788e-04
7.935506005752993074e-04
7.931025651846937072e-04
7.927018317474562132e-04
7.924828179391431261e-04
7.921203861812301135e-04
7.917031170310786679e-04
7.913889412826612645e-04
7.910439530080165321e-04
7.907418443984358001e-04
7.902995481398719831e-04
7.899822353464070216e-04
7.896248276006631855e-04
7.893188723180360631e-04
7.891253348134478042e-04
7.888307718737727105e-04
7.885810382228628131e-04
7.882062023125449264e-04
7.880012626477253795e-04
7.876928116422818055e-04
7.873437892822084117e-04
7.870700805693847798e-04
7.868333568966556953e-04
7.864546682669060207e-04
7.862399280564423424e-04
7.859497882344607545e-04
7.855903742060033881e-04
7.852450132616894431e-04
7.849429774165014211e-04
7.846927021711346331e-04
7.843956376668804673e-04
7.841102351567061455e-04
7.837790744257138202e-04
7.834505155024024722e-04
7.830800608268242806e-04
7.828231419655259059e-04
7.825448002900038972e-04
7.820952054655320789e-04
7.818275878090567670e-04
7.815680423714884339e-04
7.811869108914872495e-04
7.808415195022062275e-04
7.806256565132741517e-04
7.802714711278731750e-04
7.799993893443266059e-04
7.795621358231842168e-04
7.792968388801820761e-04
7.789362901203458625e-04
7.786182337430014267e-04
7.783428553144616270e-04
7.780633645413000945e-04
7.776287145457829375e-04
7.773777305700574607e-04
7.771040289756260761e-04
7.768079561267211093e-04
7.765029550419211843e-04
7.762667406467243549e-04
7.759055214659823932e-04
7.756451436260478408e-04
7.753264392313918276e-04
7.749614004728602864e-04
7.747624152739845992e-04
7.745322468211621181e-04
7.742341769220688471e-04
7.738688779276070616e-04
7.734452638149644406e-04
7.731510274625564508e-04
7.727971786103479549e-04
7.725778263097610524e-04
7.723246483644782227e-04
7.719416135296725424e-04
7.716784737126025986e-04
7.713985051970726143e-04
7.710516706005988421e-04
7.707631893383256640e-04
7.703933181149270545e-04
7.701091550292995603e-04
7.698366459999131557e-04
7.695001815705423487e-04
7.692009982677800112e-04
7.689291801643846147e-04
7.686373662280268203e-04
7.684579008069752958e-04
7.680902537047145989e-04
7.677585286877018026e-04
7.675566931231559515e-04
7.671899276980774724e-04
7.669481331881670277e-04
7.666231075591519286e-04
7.663178489823620340e-04
7.659785429031602030e-04
7.657400646701512841e-04
7.654847832962277708e-04
7.651578866824969901e-04
7.647785789970989925e-04
7.645535379813237246e-04
7.642258583758789435e-04
7.639618458994190458e-04
7.637419824201971321e-04
7.633900101737067876e-04
7.630898937501163397e-04
7.628625471835935763e-04
7.625418679398304018e-04
7.622836342544313032e-04
7.620112700730746281e-04
7.617015501520536238e-04
7.614131538150447492e-04
7.612483089154596866e-04
7.609893745026671602e-04
7.606625715333576983e-04
7.604520442648965472e-04
7.601903123324895133e-04
7.599293720812696660e-04
7.596785996731228582e-04
7.594857781049864321e-04
7.591879460752964806e-04
7.589012273884128716e-04
7.586010229525023355e-04
7.582854684373555639e-04
7.579948222519449245e-04
7.577621837154642145e-04
7.575258130778485342e-04
7.573081639105858900e-04
7.570297171310381382e-04
7.567446173170604834e-04
7.565038622834413225e-04
7.562119743349586488e-04
7.559155948449007827e-04
7.557603537779197887e-04
7.554174400155763648e-04
7.551871599834955725e-04
7.549783270069137424e-04
7.546744688617023841e-04
7.544732272023901192e-04
7.541612442812271281e-04
7.538387697504266493e-04
7.535367664939197300e-04
7.532794599387599658e-04
7.531279453585309602e-04
7.527636003183619043e-04
7.525122956842198330e-04
7.521853608904320631e-04
7.519930548146786832e-04
7.517526340947906262e-04
7.513380624449249312e-04
7.510230705192680193e-04
7.508692431672454913e-04
7.504893398066117939e-04
7.502763561491492591e-04
7.499989753527568775e-04
7.497628702663664121e-04
7.494776021258896422e-04
7.491673327779968007e-04
7.488945660166372630e-04
7.486962264089876704e-04
7.482946802517411551e-04
7.481040914227723255e-04
7.479131608218136636e-04
7.476341647546447733e-04
7.473715902597943134e-04
7.471225122162327738e-04
7.468998658388510074e-04
7.465865439584154582e-04
7.463003005299392390e-04
7.461259962380701639e-04
7.458386436058418766e-04
7.456372390315491689e-04
7.453568607045398366e-04
7.450859068206071431e-04
7.447283029304895604e-04
7.444688246560487175e-04
7.441826423641305539e-04
7.440099053770271587e-04
7.436321729576785998e-04
7.433734635120144412e-04
7.430805720083811117e-04
7.428770153021321430e-04
7.426965069554254933e-04
7.424282807694422559e-04
7.422892352478221252e-04
7.419146138058112846e-04
7.416449008147460008e-04
7.414338719163302612e-04
7.412276084932956912e-04
7.410577887353559344e-04
7.407441988184190794e-04
7.404846646533441018e-04
7.402770419340040263e-04
7.400144352903801227e-04
7.398530561886067789e-04
7.395317674902322606e-04
7.394235408898360788e-04
7.391360972792191232e-04
7.388334324077506024e-04
7.387509332437494636e-04
7.384114996373111403e-04
7.380896955683424396e-04
7.379635484957507803e-04
7.377031811020709831e-04
7.374357709971291397e-04
7.372051859156940811e-04
7.369798727796450163e-04
7.367921335004255605e-04
7.364991083009652523e-04
7.362348707175393010e-04
7.361309354040656075e-04
7.358524090365992434e-04
7.355783056132794446e-04
7.353643138981444177e-04
7.351706052321950327e-04
7.350345124126801818e-04
7.347910157581993710e-04
7.345648207353134207e-04
7.344015695804387810e-04
7.340960874502454499e-04
7.337822599653097931e-04
7.335278820503546163e-04
7.333291638288783184e-04
7.332000689197972106e-04
7.329596251797747437e-04
7.327274672299458882e-04
7.324542496442670685e-04
7.322511795449268383e-04
7.321027508563151577e-04
7.319152062432255973e-04
7.316265510755971336e-04
7.314115347039577136e-04
7.311978772727806232e-04
7.310054091344359234e-04
7.308003652188119897e-04
7.305290590425650519e-04
7.302921016461322735e-04
7.299959744022587425e-04
7.296886690036670639e-04
7.293782615258598149e-04
7.290579264548853250e-04
7.287721932328861075e-04
7.285074231560856751e-04
7.283328199944314515e-04
7.280097299753905205e-04
7.278028997034360426e-04
7.275208468233181200e-04
7.273361630786234983e-04
7.271074468910255443e-04
7.269253509679506758e-04
7.266214331327747579e-04
7.264706583601884165e-04
7.262029943055621582e-04
7.259830661350671812e-04
7.256768847756303337e-04
7.255155234425598402e-04
7.253007739549511374e-04
7.251436306435172586e-04
7.249161521600900118e-04
7.246754286073576502e-04
7.244492035283946066e-04
7.242566064367862580e-04
7.241210634371586172e-04
7.238753704431648761e-04
7.235968332873709240e-04
7.234092243326431179e-04
7.231196753970398766e-04
7.229432683893185618e-04
7.227279307841653943e-04
7.225552336818263270e-04
7.223075405287835652e-04
7.220766279572759030e-04
7.218031061312358805e-04
7.215406557146059920e-04
7.213354833224460078e-04
7.211156237329809917e-04
7.209506757316677108e-04
7.207154411186030441e-04
7.205135990926354091e-04
7.202407582558090823e-04
7.199590296386068318e-04
7.197364019828149904e-04
7.195015278874167166e-04
7.192765295828696661e-04
7.189806904289891857e-04
7.187038227256268902e-04
7.184829628681535865e-04
7.182362049070063195e-04
7.180001568959052272e-04
7.177671393044782319e-04
7.175121419428085378e-04
7.173001472050077659e-04
7.170226058473100307e-04
7.168509919023251372e-04
7.167336679338060261e-04
7.163508322632623597e-04
7.161636678966487070e-04
7.158602043544372556e-04
7.156367569302997606e-04
7.153429085989291636e-04
7.151356663316402445e-04
7.149259072151780249e-04
7.146406098578491186e-04
7.143917897004694977e-04
7.142491490090588065e-04
7.139801737155541126e-04
7.136682434122324122e-04
7.133551495361682140e-04
7.131767144920619136e-04
7.128837869360240328e-04
7.125561335400264077e-04
7.123529334434725545e-04
7.122447883523878257e-04
7.118110260434590752e-04
7.116514069930169727e-04
7.114208711820370346e-04
7.111767557797598433e-04
7.110330081000778126e-04
7.107475800424787465e-04
7.105971702780450143e-04
7.103654857366533933e-04
7.101276549710230142e-04
7.098548834316730817e-04
7.096686253166202031e-04
7.094758251743566802e-04
7.091544757018130446e-04
7.089042842049776954e-04
7.086005615214909653e-04
7.083601827016108941e-04
7.081117589629403299e-04
7.078395326562735099e-04
7.076342503157533222e-04
7.073957024181994372e-04
7.072112700362888100e-04
7.069793702172377748e-04
7.067389638218799950e-04
7.064818103368566580e-04
7.062160830393239682e-04
7.060176609906306921e-04
7.057931669593098993e-04
7.055668494633767288e-04
7.054186049646612392e-04
7.052633929090085241e-04
7.051238343818482185e-04
7.049819777421908453e-04
7.047896959306302255e-04
7.046113744929265307e-04
7.045211998266587457e-04
7.043243005051918982e-04
7.040766334448490772e-04
7.039412617997050986e-04
7.038037497817601403e-04
7.035706740281756546e-04
7.033627100112203011e-04
7.031740781809099746e-04
7.030530973315526812e-04
7.028443374594808184e-04
7.026835561213011982e-04
7.024641760736022875e-04
7.022395732089529692e-04
7.020320199796309087e-04
7.017568030816182358e-04
7.015950145139386151e-04
7.015190634116696359e-04
7.013352416225719730e-04
7.010435837983240714e-04
7.008659825675951638e-04
7.007120169196840061e-04
7.006032667330015177e-04
7.003726766832796095e-04
7.002400733558638950e-04
7.000593515558748521e-04
6.999240063853243328e-04
6.997922602811621536e-04
6.996067369419359380e-04
6.994272481644288634e-04
6.991801216299257330e-04
6.990352297776517444e-04
6.988430469328450788e-04
6.986240017165726420e-04
6.985117509782594715e-04
6.982503398758414239e-04
6.981537599876351833e-04
6.978680688740248987e-04
6.977087393785489549e-04
6.974820536305714747e-04
6.973147789931575082e-04
6.971285592753300245e-04
6.969850980592351116e-04
6.967317610399216413e-04
6.965017531017021800e-04
6.963070709478474908e-04
6.961155805180811685e-04
6.959631430232747192e-04
6.956773973602614625e-04
6.954238709380658337e-04
6.952545500665466413e-04
6.950329150535379833e-04
6.947748579255425645e-04
6.945062093850678858e-04
6.942935516207447569e-04
6.940127831491246877e-04
6.938479334936724840e-04
6.935354604431071511e-04
6.933521497752794709e-04
6.931914465443172677e-04
6.929964699795757412e-04
6.928131222095623709e-04
6.925693315155117408e-04
6.924276391385442977e-04
6.921972791532217785e-04
6.920391766232607007e-04
6.918053576165320712e-04
6.916554555744372284e-04
6.914671584962445291e-04
6.912581646871823358e-04
6.909775922883422405e-04
6.908956970692662052e-04
6.906032832404520629e-04
6.903916211430145703e-04
6.902286836460280045e-04
6.899974465710147871e-04
6.897848331457053471e-04
6.895781558706429344e-04
6.893659128698456304e-04
6.892022323135967238e-04
6.889325566803163828e-04
6.887447418425058591e-04
6.885506652607471106e-04
6.883100428202925877e-04
6.880875068554890986e-04
6.877803014810657299e-04
6.875900435010220881e-04
6.873241005074962138e-04
6.870596648036248659e-04
6.868337252554496380e-04
6.865815659172135000e-04
6.863648233053664446e-04
6.861677346210388103e-04
6.859511190711150208e-04
6.856379650883055038e-04
6.855009529722493099e-04
6.852239425644025004e-04
6.849531546464757191e-04
6.846906194975116173e-04
6.844419287259352830e-04
6.842582592176579522e-04
6.839813520847981207e-04
6.837275433111473415e-04
6.835469332561415739e-04
6.832929209752997696e-04
6.831111332458002705e-04
6.829122136960239127e-04
6.826420464806329420e-04
6.825447190207202313e-04
6.823689887844473691e-04
6.822352971599455248e-04
6.820050048888371243e-04
6.818489166348813690e-04
6.816102067751052046e-04
6.814139546270231180e-04
6.812460213830635490e-04
6.809432338930969907e-04
6.807874520174201022e-04
6.805826999665034842e-04
6.803147503430671990e-04
6.801184708826111787e-04
6.799319430907164617e-04
6.798154380334689353e-04
6.795528192254089066e-04
6.793023190454084825e-04
6.790786524481667343e-04
6.788912417677920273e-04
6.787914067566852864e-04
6.785075273258873432e-04
6.782797691796943864e-04
6.780735373998932058e-04
6.779257636103226637e-04
6.777991656339475094e-04
6.775644919746047923e-04
6.773811390185232673e-04
6.771905681025962558e-04
6.770753817182275204e-04
6.768878922390092782e-04
6.765866598105853627e-04
6.765265276204868996e-04
6.763520582587520622e-04
6.761587952297589419e-04
6.760643812228115486e-04
6.758657783447795733e-04
6.756512358626474328e-04
6.753912056172532707e-04
6.752216818695444892e-04
6.750256913002440412e-04
6.749730607127033552e-04
6.746892600984943011e-04
6.745135239697737763e-04
6.742207091164189106e-04
6.739922768042281871e-04
6.739618676206750054e-04
6.737561904551649496e-04
6.735546686410943517e-04
6.733846527950911650e-04
6.730910534507429741e-04
6.728784888622482262e-04
6.727671365809279958e-04
6.724544462325848012e-04
6.722954166302327547e-04
6.721567517860682194e-04
6.718781547411863293e-04
6.717376184147195485e-04
6.715741913830493596e-04
6.713981970357341079e-04
6.711886118897370922e-04
6.710098169059492161e-04
6.707453028344514609e-04
6.705786616635194550e-04
6.704376441314438941e-04
6.701332222169737200e-04
6.698672130108200172e-04
6.697707983732602765e-04
6.696344022401354117e-04
6.693762003725671266e-04
6.691745782763376497e-04
6.690352039772500285e-04
6.688642182211480998e-04
6.687663397461721679e-04
6.685070812309057246e-04
6.683265401640600852e-04
6.681848632857464347e-04
6.679067183840266481e-04
6.678270490906054561e-04
6.676394951252562606e-04
6.675358598365854204e-04
6.673056577130118561e-04
6.671000803883643743e-04
6.668916430782783136e-04
6.667401066489902876e-04
6.666238116363380848e-04
6.664992798166570172e-04
6.664124989852053841e-04
6.661711505332849632e-04
6.659548389893084341e-04
6.658435718783472504e-04
6.657686535650024235e-04
6.655671804031664104e-04
6.654674153382544475e-04
6.652229910226969923e-04
6.652208841328510281e-04
6.651444183371282848e-04
6.649609715462469119e-04
6.648431552629532415e-04
6.646927174609215498e-04
6.644851751682964583e-04
6.643112826481007826e-04
6.642089465847174096e-04
6.640153934595286345e-04
6.639819137761130557e-04
6.637955812633503962e-04
6.636143079084719188e-04
6.634476247267212610e-04
6.633228283215401996e-04
6.631543742548365403e-04
6.630530658002652296e-04
6.627850278031015546e-04
6.626413654172532601e-04
6.624594927780198947e-04
6.623598912314434140e-04
6.622519141224706297e-04
6.619573122581374428e-04
6.617887922407967964e-04
6.616125084721616268e-04
6.614675787980047513e-04
6.613191171900594705e-04
6.611801269454464867e-04
6.610135271272558075e-04
6.609341320187748841e-04
6.607019581483299661e-04
6.605681239702478535e-04
6.603776979973816508e-04
6.601405739562360864e-04
6.599330187112102328e-04
6.598860572224771268e-04
6.597180638385001343e-04
6.595784536505273736e-04
6.594870573528296758e-04
6.592431237827977089e-04
6.590498967119649745e-04
6.589239805010017404e-04
6.588955584249105331e-04
6.587110570889462844e-04
6.585213257072378926e-04
6.582635176449409863e-04
6.581492131852643805e-04
6.580696258632919146e-04
6.578756302501402023e-04
6.577302397681571849e-04
6.575668732935502662e-04
6.574120407175240927e-04
6.572346447319668463e-04
6.571239413117639042e-04
6.569059102343998433e-04
6.567247900831154912e-04
6.565957772262444618e-04
6.564083385028808169e-04
6.562995804888927930e-04
6.561302501297623831e-04
6.559366122351335511e-04
6.557446096560584810e-04
6.556137125472411399e-04
6.554747481247251125e-04
6.553277529893170939e-04
6.550801327579639606e-04
6.549581931875623824e-04
6.548404018118418948e-04
6.546167900646725473e-04
6.545006707752484137e-04
6.543308607761685013e-04
6.541610494687971145e-04
6.540343502550147224e-04
6.537944367284320322e-04
6.536276059212482292e-04
6.534576796344551339e-04
6.533143887497834491e-04
6.531549534550413474e-04
6.530730677973873872e-04
6.529539321479741051e-04
6.528071585082832534e-04
6.526245893555831937e-04
6.525100839711685859e-04
6.522918524139382015e-04
6.520850825208037230e-04
6.519184963009125051e-04
6.518605677146336414e-04
6.516528788984291476e-04
6.515166091297892393e-04
6.512958078497111487e-04
6.510742633767348849e-04
6.510214558744479999e-04
6.508779177217400820e-04
6.506636817486346515e-04
6.506004247281249424e-04
6.504297459186996399e-04
6.502675245405036431e-04
6.502098721186032543e-04
6.500064945103188260e-04
6.498565877136943140e-04
6.498533351496865815e-04
6.497293403657575369e-04
6.495356343901983803e-04
6.493785336076804372e-04
6.492802843397596545e-04
6.491593203882159132e-04
6.491263957797203899e-04
6.489364821715339505e-04
6.487692024091945434e-04
6.485804410785991556e-04
6.483893960122493350e-04
6.482569988946350250e-04
6.480960783496686820e-04
6.479985858546504895e-04
6.478510252118001647e-04
6.476426541127031609e-04
6.475188654004451283e-04
6.474556852130345470e-04
6.473102140233256540e-04
6.471566778898440531e-04
6.469922102106316587e-04
6.468707546657720582e-04
6.467692947796934398e-04
6.466183995011405648e-04
6.464183621137531031e-04
6.464287109391325409e-04
6.462086932331198921e-04
6.461772386767882436e-04
6.459164491785349300e-04
6.457324855588455082e-04
6.457266199572904777e-04
6.455699361751301730e-04
6.455195139444815881e-04
6.454386699158510057e-04
6.452720191725693595e-04
6.450968453865301528e-04
6.450231549693519065e-04
6.449886608501127902e-04
6.448385607461029883e-04
6.447182234112891052e-04
6.446032090067180687e-04
6.444476356940360712e-04
6.442902574601321519e-04
6.442993636674213508e-04
6.440889375941624825e-04
6.440450905013829627e-04
6.437965664396847355e-04
6.436638589162184702e-04
6.436400113346939364e-04
6.434745804320502957e-04
6.433312170203232859e-04
6.431842177396534426e-04
6.430295177953453773e-04
6.429813234841532440e-04
6.429173808500481240e-04
6.428524657209928753e-04
6.426706599986585066e-04
6.425150712802873065e-04
6.423892993246487718e-04
6.423147701360515599e-04
6.422353274264940189e-04
6.420149656522782964e-04
6.419545177274534921e-04
6.418075664791474339e-04
6.415854455419313287e-04
6.415777870567661691e-04
6.414276558440055922e-04
6.413110445952197557e-04
6.412580543021631540e-04
6.410948927573342435e-04
6.409732891825175357e-04
6.408694501069320520e-04
6.407000926691446170e-04
6.405397170371920738e-04
6.404555915011538904e-04
6.402807294644260539e-04
6.401913027009196924e-04
6.400884534591504658e-04
6.399146961557825421e-04
6.397474097726183698e-04
6.395623118600602232e-04
6.394136711548422313e-04
6.393897503607661164e-04
6.391884583392844470e-04
6.390718788616072494e-04
6.389426766140048237e-04
6.387995715045481204e-04
6.386367177838259091e-04
6.386328739035644023e-04
6.384879236845432144e-04
6.383400756445975098e-04
6.382851372236027524e-04
6.381122499762660648e-04
6.380072892611784920e-04
6.378368386542109881e-04
6.377501732942903465e-04
6.375994722640215958e-04
6.374930142743442290e-04
6.374215361150542547e-04
6.372291023510726115e-04
6.371675320034332840e-04
6.370421781120428999e-04
6.368233316461830752e-04
6.367368712131882312e-04
6.366441055031623166e-04
6.364683285056667392e-04
6.363242751763964955e-04
6.361888260016758997e-04
6.361180365875196592e-04
6.359764390550771366e-04
6.359478107419531609e-04
6.358263600206683682e-04
6.357069893987587648e-04
6.356552157475746975e-04
6.355739362670226322e-04
6.354845949816571122e-04
6.352672476224484940e-04
6.351679196596646780e-04
6.351090803358590796e-04
6.349207406138757549e-04
6.347524002248968811e-04
6.347004366579033895e-04
6.345711400059748106e-04
6.344361810608205744e-04
6.343204871170665844e-04
6.341754882977399758e-04
6.341012562845924853e-04
6.339850953945149825e-04
6.338133938214403004e-04
6.337225449964766335e-04
6.337556517714911138e-04
6.336632593483239794e-04
6.335300680846926019e-04
6.333979505355187382e-04
6.333584786286445200e-04
6.332256363914550053e-04
6.331931877713996596e-04
6.330557410468178655e-04
6.329899881895096388e-04
6.329220590344660727e-04
6.328676154630163368e-04
6.327619972873799788e-04
6.327271084646037555e-04
6.325692146677768619e-04
6.324571877601274390e-04
6.322944116874398227e-04
6.322605209602064459e-04
6.321000561197923215e-04
6.319913139531429299e-04
6.319534415830510348e-04
6.318623403179736333e-04
6.316725031915065890e-04
6.315758555670233660e-04
6.314037232300663289e-04
6.313120479630641600e-04
6.312205106424569664e-04
6.310806057590413526e-04
6.309715884034000329e-04
6.308640551748394927e-04
6.307539631297660009e-04
6.306464652474141680e-04
6.305324964542520028e-04
6.305440265188199354e-04
6.303980255943387187e-04
6.302524603768537006e-04
6.301731433630291699e-04
6.300245252966309249e-04
6.299257743169249611e-04
6.298148843187015159e-04
6.297410563182989423e-04
6.295822597895787964e-04
6.294785933278945669e-04
6.293757750927374403e-04
6.292317685675108017e-04
6.291052225293842712e-04
6.290649641619614580e-04
6.289513738904912565e-04
6.288950233813170396e-04
6.288120230511582819e-04
6.286788732124831431e-04
6.285734839194453147e-04
6.285248916807277238e-04
6.284114081508191839e-04
6.282581464112849253e-04
6.281022937243659673e-04
6.279526166463996134e-04
6.277862531540405596e-04
6.277367003246054310e-04
6.276830551650062172e-04
6.275826342346011539e-04
6.273804727107495319e-04
6.272948410313883326e-04
6.272326548973735554e-04
6.271935491363129838e-04
6.270246068792645127e-04
6.268864941375331930e-04
6.268303664862901955e-04
6.267095443120619279e-04
6.265393789928857529e-04
6.265531949745557772e-04
6.263955413192105618e-04
6.262817571701664258e-04
6.261289844217051695e-04
6.259979374553176820e-04
6.259074345532962156e-04
6.257807679980873687e-04
6.256497500859131266e-04
6.255746077554264406e-04
6.254359256484914821e-04
6.254206600424836804e-04
6.251715416044635295e-04
6.251019859321120791e-04
6.249542674760587106e-04
6.248721268527195755e-04
6.246658986265551635e-04
6.245017323091137020e-04
6.243540639843234066e-04
6.242701730943449670e-04
6.241351038807664564e-04
6.240014169795081098e-04
6.238648212396391340e-04
6.237602521786253171e-04
6.237142548899248526e-04
6.235948312133832725e-04
6.234594810326290213e-04
6.233014081279752506e-04
6.231987603060451649e-04
6.231251787629349913e-04
6.230021596228747013e-04
6.228372932891136984e-04
6.226822127514600571e-04
6.226246687603703310e-04
6.225306423391598802e-04
6.223400427841153156e-04
6.222950172051362186e-04
6.222254076763472294e-04
6.221411091987813025e-04
6.220330733142310142e-04
6.219213144164006815e-04
6.218868515716108498e-04
6.218221569299276679e-04
6.217805035707526422e-04
6.216199301559919557e-04
6.215295826652674936e-04
6.214679265049069794e-04
6.213703619098504992e-04
6.212927119048139218e-04
6.212526957653778008e-04
6.210461388787463831e-04
6.208867975953999549e-04
6.208521143217836727e-04
6.208202631478543189e-04
6.206832895346780458e-04
6.205522788226669039e-04
6.204829315825788729e-04
6.203311883779507241e-04
6.202705019688734998e-04
6.202461234362397153e-04
6.201272594433190899e-04
6.200103884015290868e-04
6.199797870034756209e-04
6.198878919502663143e-04
6.198137569720141337e-04
6.196970673732112847e-04
6.195441661366121473e-04
6.194216811087252918e-04
6.193627900974909423e-04
6.192043920687544589e-04
6.190643979891257125e-04
6.189813405355136348e-04
6.187667869738683194e-04
6.186281039514943039e-04
6.185662777939901491e-04
6.183842806819366033e-04
6.183091751779622430e-04
6.181775179180963500e-04
6.180260070326015331e-04
6.179497932456982012e-04
6.178688260737257411e-04
6.177270265991281631e-04
6.176067761780630475e-04
6.175471808690384708e-04
6.173650367048133785e-04
6.172859922198690617e-04
6.171539404780669027e-04
6.171645698373005168e-04
6.169642196094086853e-04
6.169545508120769005e-04
6.169399733768710179e-04
6.168578903927200100e-04
6.167571238933177010e-04
6.166600078801748059e-04
6.166332139351967095e-04
6.165467539593436769e-04
6.164413113604552295e-04
6.163241992925954640e-04
6.163657729994364990e-04
6.162398574763107472e-04
6.161749454088052101e-04
6.160676046836147937e-04
6.160097090573432663e-04
6.158825301818073071e-04
6.157372478379519740e-04
6.157429068901958211e-04
6.155679891739576116e-04
6.154357331620034441e-04
6.153787180057995396e-04
6.152757820412246186e-04
6.151941332352318806e-04
6.150672397072908665e-04
6.150341988427999529e-04
6.148166590716534980e-04
6.145726982266705701e-04
6.145881680949545189e-04
6.144640277588370083e-04
6.143552375869422216e-04
6.143133417092794821e-04
6.141570196013048950e-04
6.140116632774274752e-04
6.139230460132342896e-04
6.138110608372587557e-04
6.136408193296199239e-04
6.135258604347608403e-04
6.134120433135022274e-04
6.131977322956587949e-04
6.130593732724098346e-04
6.130192915992110523e-04
6.129395277553705002e-04
6.128029831905204994e-04
6.126843413250229915e-04
6.124892811659180458e-04
6.124182032106721294e-04
6.122247477906758153e-04
6.120556743671992563e-04
6.119465918711786264e-04
6.118067430915167084e-04
6.116820963410129694e-04
6.115528638709082001e-04
6.114217410550800520e-04
6.112655393118889263e-04
6.111150533928643141e-04
6.108636234632991175e-04
6.107232842885609815e-04
6.106561840016596146e-04
6.104851615084098569e-04
6.104378802773302191e-04
6.102871310363727720e-04
6.101156759024019141e-04
6.100421004583232850e-04
6.099385395756082339e-04
6.098012361896279531e-04
6.097471993456792883e-04
6.095896266767396971e-04
6.095049181268969623e-04
6.094225678000867678e-04
6.093841557481771915e-04
6.092062762114917700e-04
6.090683673646262852e-04
6.089249889521438633e-04
6.089342490821793557e-04
6.088254748017705043e-04
6.087340037751469597e-04
6.086363876496046548e-04
6.085941303212075550e-04
6.085227517876276061e-04
6.083891383265630729e-04
6.083117023440821414e-04
6.081593322592142173e-04
6.081305547097156814e-04
6.081198148353300246e-04
6.079837051391804269e-04
6.078006008792074220e-04
6.077344065995209446e-04
6.077056982976909889e-04
6.075819759215854562e-04
6.074276564174978417e-04
6.073189365867275816e-04
6.072643567112545474e-04
6.071354669005221173e-04
6.069798041870347848e-04
6.070073919351273760e-04
6.068970164976902719e-04
6.067227373912895995e-04
6.066428364395885005e-04
6.066448047779397518e-04
6.065104544026384470e-04
6.064642498532310131e-04
6.062867315710112779e-04
6.062138539579360261e-04
6.061225367505627872e-04
6.060429915031264507e-04
6.060070349492834713e-04
6.059318548100235289e-04
6.058350501744152843e-04
6.057134066461889637e-04
6.056765603281056166e-04
6.056374908820575656e-04
6.055998343804295083e-04
6.054650264427915507e-04
6.053546418125399682e-04
6.053277652623738824e-04
6.052403029939114809e-04
6.050827924442686839e-04
6.049749356267725489e-04
6.049070186860976053e-04
6.047271546500922104e-04
6.045841087196932116e-04
6.045190524399573009e-04
6.044665564019489380e-04
6.043190430259200380e-04
6.041511975076234659e-04
6.040630081182792217e-04
6.039177575344678106e-04
6.038406867594855619e-04
6.037580676429802218e-04
6.036792092215747217e-04
6.035907117973222415e-04
6.035380796634480733e-04
6.034514584727948506e-04
6.033474553778724091e-04
6.032772551122819304e-04
6.032178628244856547e-04
6.030720034906643162e-04
6.030078436522109389e-04
6.028942837580485029e-04
6.027525520344067037e-04
6.026656011252997693e-04
6.025786503090997453e-04
6.024863789802342978e-04
6.024008065036543392e-04
6.022951614545874171e-04
6.021853565015166570e-04
6.020752351794548879e-04
6.020286938197739893e-04
6.020179721963937487e-04
6.018776813742629040e-04
6.017838362404065054e-04
6.016295675557138071e-04
6.015145503814699332e-04
6.013864741199818594e-04
6.013065453930241649e-04
6.011966286374933197e-04
6.011408359978219745e-04
6.010851205752855506e-04
6.010461052865043868e-04
6.008597735365436582e-04
6.008316321791181032e-04
6.006987349164295657e-04
6.005989639227658642e-04
6.004715853906970619e-04
6.002806035707844087e-04
6.002494522227616982e-04
6.001314560800188620e-04
6.000298109537912858e-04
5.999262112781806894e-04
5.996020455973247133e-04
5.994902057279732259e-04
5.993560022036808132e-04
5.992355323806143564e-04
5.991365045925153452e-04
5.990247285701734599e-04
5.989289968251260057e-04
5.987367724980904469e-04
5.986459851865834347e-04
5.984904794439212207e-04
5.983997970405193064e-04
5.983506880766231197e-04
5.982519483704484180e-04
5.980773582671898136e-04
5.979803959416400607e-04
5.978854157926302921e-04
5.977926346045786153e-04
5.978351827121850199e-04
5.976515024818286484e-04
5.976509046815358739e-04
5.976172460942282688e-04
5.975371002239426247e-04
5.974441381344770905e-04
5.973240661768474107e-04
5.972615498923175255e-04
5.973646762811371785e-04
5.973099103816349557e-04
5.971683573457074127e-04
5.971056306207460623e-04
5.971742456311678699e-04
5.971407708065380824e-04
5.971278008150248924e-04
5.970961180576996605e-04
5.970257187460984967e-04
5.969728968382084907e-04
5.970014842601873957e-04
5.969035906088315628e-04
5.968187832934073941e-04
5.968450370896461691e-04
5.968049697756104425e-04
5.967340363937363550e-04
5.967402273264790476e-04
5.966607907114056903e-04
5.966191358820915501e-04
5.965720078993446644e-04
5.964550017791016810e-04
5.964245147334568337e-04
5.963911765445065963e-04
5.963635063803467617e-04
5.962399664993679868e-04
5.962240123805902757e-04
5.960409916593035476e-04
5.959500314819394899e-04
5.957934960137139949e-04
5.958068922443827010e-04
5.957537406502595202e-04
5.956622040317980250e-04
5.956087329544554505e-04
5.955047074084820081e-04
5.954306540182989190e-04
5.953674334765290520e-04
5.952234461888114602e-04
5.950961624598494291e-04
5.950211650123715451e-04
5.949426768961108827e-04
5.948374932075435693e-04
5.947932683392463671e-04
5.946638069931700372e-04
5.945725429694992490e-04
5.945135734478898320e-04
5.943786686997403357e-04
5.941823588831620772e-04
5.941631030342940786e-04
5.940216555279926973e-04
5.939930584385299649e-04
5.938398880741824204e-04
5.937485856581720860e-04
5.936741952792386158e-04
5.936820763290906163e-04
5.934959583292480790e-04
5.934262393352997137e-04
5.933846756902964349e-04
5.932930367781714910e-04
5.932709325226887508e-04
5.931764129442669434e-04
5.931605042928129318e-04
5.930576812931422602e-04
5.929837102545273356e-04
5.929435110605166780e-04
5.928302658253508002e-04
5.927710239193152795e-04
5.927462154757704793e-04
5.926218580920876097e-04
5.926574734803572581e-04
5.925291254833587890e-04
5.924470728777486098e-04
5.922791900442400280e-04
5.922116385192471725e-04
5.922082352516587489e-04
5.920418874849869405e-04
5.920140868970944197e-04
5.919456437051716022e-04
5.919086930728840621e-04
5.918841893350323393e-04
5.917990505665253085e-04
5.917201993421269046e-04
5.916142254113938327e-04
5.916478949801571999e-04
5.915704910092368799e-04
5.914940149830925920e-04
5.914852758304513540e-04
5.914236347199122550e-04
5.913766309428442058e-04
5.912934016206746564e-04
5.911759313281900142e-04
