3.970125283118863986e-03
3.970125283118863986e-03
3.896200076080513688e-03
3.853649038182182032e-03
3.783760846290679623e-03
3.737652499341543536e-03
3.693772695049297745e-03
3.644092714699247951e-03
3.600976743516861450e-03
3.558531872187267481e-03
3.514610078357962523e-03
3.476775803872671211e-03
3.437117357461754591e-03
3.405670838647228017e-03
3.378012489794603428e-03
3.350184841879733002e-03
3.313629819412811268e-03
3.282757428613627525e-03
3.246155700675464398e-03
3.218857408159734625e-03
3.191187842624447057e-03
3.163324079270541864e-03
3.137814558856151514e-03
3.104314898184235266e-03
3.073277632569354663e-03
3.052022015606946879e-03
3.025231861469930734e-03
3.001707764433816320e-03
2.977388243011810844e-03
2.956345883696090242e-03
2.931120029663286750e-03
2.909789449259341399e-03
2.895814302974444605e-03
2.871098863876789427e-03
2.849517224713455504e-03
2.827063055828894344e-03
2.803895890270394556e-03
2.789931660790858931e-03
2.766315908557043061e-03
2.745139139273240683e-03
2.717507169012389236e-03
2.698613536470768730e-03
2.678185468714028555e-03
2.657234883119555420e-03
2.636030138235312230e-03
2.618998951768661699e-03
2.600491043381870926e-03
2.579511313782542094e-03
2.559265067954083570e-03
2.539668150437363655e-03
2.524408057847265293e-03
2.513315507801308288e-03
2.496134448880484545e-03
2.477829236461931602e-03
2.468081496264603204e-03
2.450359865034795574e-03
2.436222427458324853e-03
2.420886193798939268e-03
2.410521495289601971e-03
2.395684245904556621e-03
2.383471564714024962e-03
2.368955065111243066e-03
2.356196248502049305e-03
2.339457268791107075e-03
2.325549413984025551e-03
2.311866313528555643e-03
2.303110763841784668e-03
2.294405424972645411e-03
2.282980191498353191e-03
2.267098011056087412e-03
2.257772028287932230e-03
2.239519100206369823e-03
2.230193852160693244e-03
2.221456101708424360e-03
2.202781089883005996e-03
2.195382776425121741e-03
2.184431714080613783e-03
2.170539580291424697e-03
2.163800322602455178e-03
2.153730490070292040e-03
2.141336869311805027e-03
2.130860968659937897e-03
2.118535395099697266e-03
2.112176100046639707e-03
2.102275374096051683e-03
2.092301719885683153e-03
2.083754406157261631e-03
2.074523033929312043e-03
2.062622901315883106e-03
2.055942672876979235e-03
2.050888473255199195e-03
2.043861640491134203e-03
2.039485765533944565e-03
2.030792738124228419e-03
2.023533701971984549e-03
2.011726628910773858e-03
2.001105102103606804e-03
1.990651230430321491e-03
1.983598666607784642e-03
1.975559338124380053e-03
1.966807488831330119e-03
1.958853812559348782e-03
1.953937436969035383e-03
1.948559175083692651e-03
1.938515575531357411e-03
1.927719374136094115e-03
1.927507463590710703e-03
1.913889543447486012e-03
1.908558613791644766e-03
1.899058329588945672e-03
1.891717654167775512e-03
1.889591710235937264e-03
1.881246917487942871e-03
1.870582752403321912e-03
1.867515517865504533e-03
1.861880211969831880e-03
1.856382288889402155e-03
1.845735889831334525e-03
1.843999663353130267e-03
1.833127411032528476e-03
1.825323815457395409e-03
1.820424538135763338e-03
1.816747296135484257e-03
1.816878276549187265e-03
1.806275437376809664e-03
1.799205781348628928e-03
1.788978896035736373e-03
1.785265546949659464e-03
1.780271771957068084e-03
1.773377443994360401e-03
1.767739099428725829e-03
1.764320894718506092e-03
1.763297620683205828e-03
1.757649930268971681e-03
1.754870909940572498e-03
1.742678926146872410e-03
1.744174184453933492e-03
1.735902736224907315e-03
1.733922658556992513e-03
1.722679243976987882e-03
1.722307166233938251e-03
1.718126423955156296e-03
1.714073178426589244e-03
1.707576929760335274e-03
1.708483554684055638e-03
1.700333121323148629e-03
1.693909090013247026e-03
1.687397436027784177e-03
1.680840620028650235e-03
1.675715189561906033e-03
1.678145382255633641e-03
1.673689286307615976e-03
1.662592833198070280e-03
1.662982179194875433e-03
1.654316857275910492e-03
1.653369614668098340e-03
1.648083716402767894e-03
1.644520991276494709e-03
1.641835747933391996e-03
1.637883480326617807e-03
1.633046239548422741e-03
1.627675313446291360e-03
1.625959251411881936e-03
1.619526091829597350e-03
1.622210402409383174e-03
1.609070917327228706e-03
1.604836062017991980e-03
1.601283204436266096e-03
1.595997814802604334e-03
1.595688131021800668e-03
1.593449498219385923e-03
1.588356400927710488e-03
1.585898059040244563e-03
1.580133758193132251e-03
1.579147060327982122e-03
1.577548870095504124e-03
1.573396179268082709e-03
1.569654970907768000e-03
1.566613842038200354e-03
1.563678297486455161e-03
1.562548381474928444e-03
1.562985654954607284e-03
1.560913824422487453e-03
1.558739428635927274e-03
1.556080008434518325e-03
1.554647855706974609e-03
1.551106465904000505e-03
1.553873216169914754e-03
1.548144068759471853e-03
1.543330960591918384e-03
1.540328562229081530e-03
1.537727847448768512e-03
1.540905190630207765e-03
1.534635595859027172e-03
1.529427080826741437e-03
1.521029742628198433e-03
1.520610797672263459e-03
1.516037930295158860e-03
1.517410558415053850e-03
1.512946303912135948e-03
1.509843887244218495e-03
1.504851083809776368e-03
1.500623335228900386e-03
1.499522828183078417e-03
1.502469235384745966e-03
1.496393163933248428e-03
1.494158417987769601e-03
1.494063398823084919e-03
1.486528843389473692e-03
1.485947878650565549e-03
1.484724418088654392e-03
1.479068907101405107e-03
1.479725768301910901e-03
1.481024737669748041e-03
1.474807779450712595e-03
1.469049939242344106e-03
1.469598273687117151e-03
1.472204018003199586e-03
1.466611948453831358e-03
1.465604642054809184e-03
1.464538814985095723e-03
1.463743959390783602e-03
1.458195371936598511e-03
1.451005687990280851e-03
1.447029136659826968e-03
1.451271780365529646e-03
1.448482882385515634e-03
1.443461037418620986e-03
1.446956785158396092e-03
1.440698871497948699e-03
1.444616532264466138e-03
1.441098486365831538e-03
1.439874610083752672e-03
1.435716015966822341e-03
1.437924158074723163e-03
1.438836218341458823e-03
1.432103216769569851e-03
1.431420666309819040e-03
1.428082423790050150e-03
1.430626166846001805e-03
1.428565634265043178e-03
1.421946623645759054e-03
1.427223064336842311e-03
1.425385606570726956e-03
1.425393169039057550e-03
1.418092924939106996e-03
1.418393216205330546e-03
1.414645573548362631e-03
1.410729717817915674e-03
1.410122559919042319e-03
1.406423362703416958e-03
1.405346458947644454e-03
1.400673885157647331e-03
1.402693219802474177e-03
1.410469474112809691e-03
1.402149976899347110e-03
1.403048088908012518e-03
1.402328531865143285e-03
1.396622383615102499e-03
1.396440077532823138e-03
1.399339223283973871e-03
1.396103877682131717e-03
1.402894500456186274e-03
1.399453578325735113e-03
1.397111756088365454e-03
1.393912375670814090e-03
1.395527910760025045e-03
1.393657375568068367e-03
1.394141036347747512e-03
1.396110872563545175e-03
1.393022032354074551e-03
1.393016460021682381e-03
1.391326914234215263e-03
1.391210146107258600e-03
1.386922479417877644e-03
1.386379717740493858e-03
1.389173613138269814e-03
1.380795265477199017e-03
1.384819752426552511e-03
1.381276894920000376e-03
1.377848243001391889e-03
1.379847377991696555e-03
1.378595915878539496e-03
1.380205199030687564e-03
1.381110577823855884e-03
1.374227479248010635e-03
1.374037517463908573e-03
1.376998605121257510e-03
1.374237923288328111e-03
1.370181138298084619e-03
1.378754996678532071e-03
1.377398683761390770e-03
1.376656999248737981e-03
1.372478624345718464e-03
1.374047692909137605e-03
1.372245271743023284e-03
1.368494339286861240e-03
1.377148953990998308e-03
1.375212650819144242e-03
1.374433178481336689e-03
1.371489017849219973e-03
1.371670776648529089e-03
1.368412963454648150e-03
1.367918504113993039e-03
1.368262283518708374e-03
1.369679360862800527e-03
1.374975166044968425e-03
1.367601727574577599e-03
1.369473879526560264e-03
1.366658141379372164e-03
1.367933445530064443e-03
1.369702027904365436e-03
1.366061265980964912e-03
1.363682720379541784e-03
1.363981644273833289e-03
1.369547559810661624e-03
1.364965058960436678e-03
1.368154208838324136e-03
1.364052201406703311e-03
1.368626332251761217e-03
1.362589749720778936e-03
1.362906897298008131e-03
1.365177478547548780e-03
1.361489654087830138e-03
1.361444508215726296e-03
1.359727404703806519e-03
1.356621351972528075e-03
1.356490567585796848e-03
1.352744109419775232e-03
1.360686829678385079e-03
1.356262354357324956e-03
1.357705486402937308e-03
1.358263435983567136e-03
1.353123723393291579e-03
1.358016942879448864e-03
1.359745002545187029e-03
1.360779141941937482e-03
1.361784195126129879e-03
1.362008577362257885e-03
1.359045401814888351e-03
1.360481621182981979e-03
1.359925535731443475e-03
1.359999288972405873e-03
1.364247953065964979e-03
1.355957680679153749e-03
1.361551176909364669e-03
1.366034021746230162e-03
1.357291623571372759e-03
1.358381518088076214e-03
1.358812479075737021e-03
1.356963414130052392e-03
1.352702826990776104e-03
1.352768231473738684e-03
1.353110536739500318e-03
1.351021879470516371e-03
1.350171784763247061e-03
1.356606511687502483e-03
1.348435948971800054e-03
1.347567189087199493e-03
1.352641213329662875e-03
1.343787996709240465e-03
1.349027968784639138e-03
1.343319720117599819e-03
1.338989516885316948e-03
1.335565046012570636e-03
1.338068504730820923e-03
1.336537803210342476e-03
1.335902264617017674e-03
1.337476773148498117e-03
1.334559958229018838e-03
1.338069498476003637e-03
1.333137486499578767e-03
1.336734141958208439e-03
1.332784608121815543e-03
1.336521229394971137e-03
1.329825704616716077e-03
1.338170390222644850e-03
1.329528227884875426e-03
1.336772004002528521e-03
1.335207080775201345e-03
1.335800307133874374e-03
1.336071920045937746e-03
1.334928548790978572e-03
1.336139367425811858e-03
1.340868523578333301e-03
1.338805483553526200e-03
1.341462750453864278e-03
1.341713306663569775e-03
1.347042237791602716e-03
1.342853500218100203e-03
1.350292128033008573e-03
1.346524269436269721e-03
1.342105543078322017e-03
1.346235934224342080e-03
1.346865270389111316e-03
1.346530306857249325e-03
1.344729114828758934e-03
1.345997754244481794e-03
1.347726437966174440e-03
1.344124019445395090e-03
1.345939233485113394e-03
1.343835188292379990e-03
1.345367627186905366e-03
1.348032845346270074e-03
1.344534440478649742e-03
1.337983808133314445e-03
1.344892069079177150e-03
1.338543363409330604e-03
1.343937488589171635e-03
1.339086014728001770e-03
1.341543894752946593e-03
1.339942644308139610e-03
1.335514801724598487e-03
1.339935960399987183e-03
1.337814565402172451e-03
1.339332603287108790e-03
1.337728421426924658e-03
1.336177111313942029e-03
1.343358036899035919e-03
1.344405716407544955e-03
1.345225728106128581e-03
1.342882703754918377e-03
1.344040506940961336e-03
1.346677177189512962e-03
1.346293463841089161e-03
1.348432477620163791e-03
1.344211804007291837e-03
1.346561411419100853e-03
1.343428678569489687e-03
1.343051668882786235e-03
1.351965026507886058e-03
1.350148812904340646e-03
1.347948406279558678e-03
1.346477510723112676e-03
1.343382164713450514e-03
1.346899928273148162e-03
1.339654833819801417e-03
1.344321119664355565e-03
1.344603510499108902e-03
1.343214194204977313e-03
1.345187160703978412e-03
1.340796231762379038e-03
1.342869379853021006e-03
1.340661772127799568e-03
1.348481041747471914e-03
1.340881317001837904e-03
1.348013642646798960e-03
1.350345943820912241e-03
1.344634778345413445e-03
1.346900517504986830e-03
1.343927566488299814e-03
1.343849792140775759e-03
1.342331843370548521e-03
1.350203222287408222e-03
1.346949046122443167e-03
1.345296925495591571e-03
1.349933764383925722e-03
1.345353289791484082e-03
1.349956845469369674e-03
1.353661222150107698e-03
1.355175956591369397e-03
1.350474014176520580e-03
1.354581507434378905e-03
1.358084136431674839e-03
1.358029501341927354e-03
1.360825613810835461e-03
1.357929109764882854e-03
1.359248019975208954e-03
1.360427603021615271e-03
1.355542438020793192e-03
1.359656314557471319e-03
1.358755879165903391e-03
1.360152770478833834e-03
1.356804161211784456e-03
1.359593929870109384e-03
1.357227655054098767e-03
1.354645044141525746e-03
1.363045747510087911e-03
1.362421675562157592e-03
1.360364563042724181e-03
1.360803117016634719e-03
1.360110009504296967e-03
1.362075617528564443e-03
1.356382800678016887e-03
1.357123687214022243e-03
1.358630604381438553e-03
1.367729293433147175e-03
1.364242233970589099e-03
1.365087383013789592e-03
1.362403238844824872e-03
1.363755456629563503e-03
1.359324491335217816e-03
1.362541174326385674e-03
1.367218473398668695e-03
1.364624255364042240e-03
1.370016112524590933e-03
1.367058466661562246e-03
1.369037037262961628e-03
1.374168662747527695e-03
1.372565159586861374e-03
1.369393348063666213e-03
1.374718555752083493e-03
1.368771763401883121e-03
1.369912075181763849e-03
1.371818997491761841e-03
1.373045283398540350e-03
1.374002164600695523e-03
1.376090939073744066e-03
1.377798809612851326e-03
1.377781631974515485e-03
1.377366767616789887e-03
1.385534835914250260e-03
1.384969899279000875e-03
1.386255007951792085e-03
1.388265995713271889e-03
1.385808057432335672e-03
1.386319083904023709e-03
1.385672486053231636e-03
1.390924204145884422e-03
1.385678831201930415e-03
1.385527139511300845e-03
1.386354551071708246e-03
1.385466842419244733e-03
1.386082092248888719e-03
1.391048673710994091e-03
1.387811627751457015e-03
1.388043967850969120e-03
1.390736672923897866e-03
1.387927877684237091e-03
1.387024930447795356e-03
1.389906583307110293e-03
1.392118733926273836e-03
1.393742787919904566e-03
1.390909547857973900e-03
1.388508962645871323e-03
1.394493544609863838e-03
1.394136933919181819e-03
1.397598425085461301e-03
1.398203260852111385e-03
1.394243197883233976e-03
1.395152087101676113e-03
1.396639115186663459e-03
1.402151251334673911e-03
1.397715106927632442e-03
1.395657640365738535e-03
1.401555132936125074e-03
1.401533115004908753e-03
1.397376973580172297e-03
1.402520487256448279e-03
1.399999903249234384e-03
1.398792517697381972e-03
1.399011009377263207e-03
1.403932255187367211e-03
1.402104616533075398e-03
1.402152372200027568e-03
1.404695048094939131e-03
1.402033005509281194e-03
1.397241709383577725e-03
1.404916606141557930e-03
1.404106825994516942e-03
1.400733097975002169e-03
1.396462366313466329e-03
1.400506080008882262e-03
1.397388004666261360e-03
1.400701446556134808e-03
1.398755326480831309e-03
1.402901568440479601e-03
1.396656160566483529e-03
1.398115754928143557e-03
1.402642745806833777e-03
1.397923373801765283e-03
1.398786751522550090e-03
1.398127558098903557e-03
1.406471480429754423e-03
1.403225542373420613e-03
1.405773426219566287e-03
1.401274395426429760e-03
1.403661761780986873e-03
1.402945465972321335e-03
1.405174559360859417e-03
1.397898494020528761e-03
1.399878966763295086e-03
1.404102927439174458e-03
1.400555398056243291e-03
1.398200566278855889e-03
1.397717302679141660e-03
1.394506235066138430e-03
1.404148875492092479e-03
1.400614338824409397e-03
1.395964881503226722e-03
1.397257993194088877e-03
1.398997779154661928e-03
1.395851484031910292e-03
1.390699782577333463e-03
1.395663616588727670e-03
1.395092385961857430e-03
1.397509149561422612e-03
1.393251643896265598e-03
1.393501512744280526e-03
1.393006316885320953e-03
1.393880188190987652e-03
1.395389345681681981e-03
1.395740261379530348e-03
