3.938089569531641118e-03
3.938089569531641118e-03
3.645199740906214861e-03
3.434099109406414402e-03
3.251517743561125207e-03
3.055335881320207086e-03
2.875563516870044845e-03
2.718538087815729025e-03
2.580343239149658977e-03
2.464474037479214962e-03
2.363341651781934553e-03
2.272392624468155820e-03
2.193521813283382839e-03
2.123547480892395718e-03
2.061253224691546055e-03
2.005194607176190909e-03
1.945431895060680590e-03
1.895162738946802117e-03
1.850292479799525540e-03
1.808873442055392630e-03
1.769559834346337221e-03
1.729095138009875601e-03
1.695294637521480453e-03
1.658354449311027958e-03
1.628794017691997205e-03
1.598890278619060712e-03
1.572704017881431217e-03
1.550231696982598160e-03
1.529718943261256002e-03
1.506532538432569027e-03
1.482977812208339987e-03
1.457626492634381699e-03
1.435915180016442139e-03
1.415221551115935150e-03
1.392932558946100279e-03
1.372099002026097060e-03
1.353071072894315111e-03
1.331627092809920714e-03
1.305157912281059871e-03
1.285580684463073818e-03
1.264700661216927027e-03
1.246387443567668766e-03
1.226984995774601638e-03
1.210566381108387412e-03
1.195219714664041673e-03
1.177799681007095107e-03
1.161197865679776658e-03
1.147396608315765995e-03
1.125002811159955991e-03
1.111353609189968256e-03
1.098859012740915084e-03
1.081456067266476414e-03
1.070416412611173125e-03
1.057198136670938968e-03
1.044193789848308620e-03
1.028570920276274591e-03
1.016368806455023770e-03
1.002256235047337476e-03
9.897148243955399428e-04
9.747817220098080370e-04
9.645009601914068245e-04
9.575822584238233640e-04
9.440365798005407889e-04
9.335498138886422345e-04
9.292770870428836974e-04
9.163765540755959473e-04
9.066452845106777979e-04
8.975942648912256386e-04
8.886872335364982833e-04
8.783405602904637878e-04
8.702680231244319447e-04
8.613081675470955290e-04
8.537096545113106224e-04
8.406119295174575845e-04
8.319686347216994488e-04
8.221814084766487264e-04
8.182681444796411751e-04
8.059606235426413365e-04
7.971174866972154799e-04
7.887405167330341967e-04
7.791332796994890428e-04
7.698432537979065004e-04
7.620066669802731717e-04
7.514797986456128514e-04
7.431872143105472525e-04
7.344463056827521498e-04
7.297191763285317294e-04
7.204736968478360655e-04
7.145274828666472317e-04
7.084725899383875584e-04
7.033083228236490340e-04
6.946843542061209142e-04
