3.952215232752796445e-03
3.952215232752796445e-03
3.909695179124133418e-03
3.883254780381462188e-03
3.848102510539579742e-03
3.817776047213280750e-03
3.791298171324204627e-03
3.765570289992012376e-03
3.741582087214247784e-03
3.716279040879287652e-03
3.692718955649639933e-03
3.670011415879657467e-03
3.643348811391882314e-03
3.618172258507975237e-03
3.597629060810374289e-03
3.575495631428948773e-03
3.553134997417788880e-03
3.534035927829072728e-03
3.515637373679604029e-03
3.496665324549292318e-03
3.478429823808269761e-03
3.460155194928329469e-03
3.442798086071542640e-03
3.426301328238123400e-03
3.409403877745938085e-03
3.391365109533627312e-03
3.373979481280270018e-03
3.358254177025862038e-03
3.342347058485958117e-03
3.326739851548898667e-03
3.310819768467412536e-03
3.296153598502744777e-03
3.281173709763293787e-03
3.265756266100184289e-03
3.249816201391908781e-03
3.233527535169718366e-03
3.217792478721461912e-03
3.202454271341121858e-03
3.186875481208438585e-03
3.171435558228719118e-03
3.157763224391167602e-03
3.145096395870146562e-03
3.132979931818342251e-03
3.120974598616797942e-03
3.107580965283194066e-03
3.093429892211754968e-03
3.079557471653843713e-03
3.066944818331361275e-03
3.054914541529243910e-03
3.042571009568019978e-03
3.029365124746606283e-03
3.016560834108083546e-03
3.005470734842854204e-03
2.993676734679870562e-03
2.980950157879234865e-03
2.968492852784019708e-03
2.957145843660469176e-03
2.945820452022784690e-03
2.933912493216616311e-03
2.921721802848168976e-03
2.909539512613027162e-03
2.897999918119982879e-03
2.886255595905383529e-03
2.874290011568865922e-03
2.862687900429906028e-03
2.850900621400844805e-03
2.838964009152758657e-03
2.827270810350073719e-03
2.816160372909129201e-03
2.804749620636231254e-03
2.793629327663876664e-03
2.781776116624841422e-03
2.769669986492806924e-03
2.758391704686107872e-03
2.748027127787493369e-03
2.737610040276112003e-03
2.726629214657051194e-03
2.715511747106493304e-03
2.704689149697663691e-03
2.693112689367574853e-03
2.681579875041222114e-03
2.670923722718512600e-03
2.662050757067261752e-03
2.653842477175294510e-03
2.645273675503081057e-03
2.635151327791073438e-03
2.624200508110561582e-03
2.613540014908354633e-03
2.603416873842212455e-03
2.593846629510465369e-03
2.583768379562444584e-03
2.573918988355035527e-03
2.564699647556898006e-03
2.556365660588299886e-03
2.547903993934683056e-03
2.538517490255987833e-03
2.528690440266026865e-03
2.518844758266084588e-03
2.508956053188936448e-03
2.499268824167658835e-03
2.490347987870726587e-03
2.481482755644417396e-03
2.473344815190139066e-03
2.463962183464651987e-03
2.454825224845065199e-03
2.445537348659241467e-03
2.436761983126009817e-03
2.428411880877633534e-03
2.420026584652815779e-03
2.411733006872149657e-03
2.403471992978465418e-03
2.394812708534975118e-03
2.386338469568122667e-03
2.377982392329799129e-03
2.370144819105040983e-03
2.362117667534401402e-03
2.353940324868920072e-03
2.345763010518787071e-03
2.337649574166748238e-03
2.328914581067516223e-03
2.320539405043708144e-03
2.312505981648052197e-03
2.304703678719650321e-03
2.297644401964291441e-03
2.290660253574064876e-03
2.284205702968114798e-03
2.277373890040658867e-03
2.269841953569444633e-03
2.262026427219945932e-03
2.255038361084415847e-03
2.247911461360811106e-03
2.240495421833818643e-03
2.233093413538243376e-03
2.225271455150723988e-03
2.218324045461116893e-03
2.211759236011575942e-03
2.204841844339359199e-03
2.198179045226934802e-03
2.191685759238906194e-03
2.184833184995772348e-03
2.178104585770272283e-03
2.171696335116608378e-03
2.165574056912529782e-03
2.159562989051809923e-03
2.153788120155139540e-03
2.148041703383151910e-03
2.142388078525816336e-03
2.136522866475326892e-03
2.130821529161527287e-03
2.125609310091184159e-03
2.120448717964016402e-03
2.114941088801169065e-03
2.109673649815519813e-03
2.104376977401816416e-03
2.099666716145854456e-03
2.094442522405016559e-03
2.089037276757526804e-03
2.082965751053410426e-03
2.076462326188228177e-03
2.069838379110650918e-03
2.063693243206632909e-03
2.057981559880393309e-03
2.052810707318055219e-03
2.047628699215784352e-03
2.042062368714038338e-03
2.037109091146825385e-03
2.032103750414791018e-03
2.026859323431868740e-03
2.021961642025316662e-03
2.016719278544101997e-03
2.011538254781880270e-03
2.006215036705643728e-03
2.000171558135916197e-03
1.994126216995385347e-03
1.988104013282390899e-03
1.981904363074495426e-03
1.976007303599571375e-03
1.970241130208305255e-03
1.964769831540668678e-03
1.959897382474366789e-03
1.955422232127958411e-03
1.950561013772161324e-03
1.945853239512214524e-03
1.941363261126827179e-03
1.936972559242412057e-03
1.932684624595238645e-03
1.927875842345566464e-03
1.923163508137185843e-03
1.918613022187637580e-03
1.913956858737680435e-03
1.909483154305602164e-03
1.905025958945289139e-03
1.900446900651369536e-03
1.896038102414216711e-03
1.891498071673650659e-03
1.887014044405740812e-03
1.882842772795910620e-03
1.879292896166062437e-03
1.875736253404786981e-03
1.871971640270898201e-03
1.868231497423288251e-03
1.864595629976765990e-03
1.860731246581880365e-03
1.857323089838697162e-03
1.853830639181435532e-03
1.850652084398202342e-03
1.847301071142201483e-03
1.843820629841838327e-03
1.840316820031516910e-03
1.836353194795636423e-03
1.832107835087329285e-03
1.827868301711698448e-03
1.823916258322709006e-03
1.819845518160835909e-03
1.816063381306990245e-03
1.812206029060939218e-03
1.808867537841094388e-03
1.805789524236848728e-03
1.802975580242058241e-03
1.800234875761191813e-03
1.797315922666838182e-03
1.794243580639783920e-03
1.790952792259709611e-03
1.787603581907051863e-03
1.784474781128276731e-03
1.780829990676882158e-03
1.777342558888550137e-03
1.773807758544393388e-03
1.770236920364403731e-03
1.766614293279095789e-03
1.763031909786876017e-03
1.759436708506971698e-03
1.755824401941809927e-03
1.752535012996024773e-03
1.749483663792435759e-03
1.746489257838293842e-03
1.743439587348265133e-03
1.740493645287713312e-03
1.737581116239498040e-03
1.734905721796070523e-03
1.731942190047390355e-03
1.728776555395360355e-03
1.725811668486039148e-03
1.722764476100928973e-03
1.720057338513865473e-03
1.717231054331853305e-03
1.714590996447238735e-03
1.712089994194173140e-03
1.709671978088955812e-03
1.706986870286332329e-03
1.704200947101459874e-03
1.701557224170855949e-03
1.699104502151663676e-03
1.696690685381340271e-03
1.694125155888406018e-03
1.691475894014066780e-03
1.688855561145293383e-03
1.685750107593165029e-03
1.682874811735982903e-03
1.679808372664910515e-03
1.676799358009318456e-03
1.673761922002438545e-03
1.670969613584084162e-03
1.668070351489594171e-03
1.665243177432964867e-03
1.662190382711767464e-03
1.659364150133264522e-03
1.656826844276670192e-03
1.654408877531756685e-03
1.652202018556730989e-03
1.650013965650609041e-03
1.647860604629458386e-03
1.645685507805801345e-03
1.643600184359037637e-03
1.641360841060354086e-03
1.639065870818116931e-03
1.636614860019698029e-03
1.633873373249984835e-03
1.630942751378237866e-03
1.628480635615547250e-03
1.625975959563869542e-03
1.623169636132550759e-03
1.620323934166315602e-03
1.617532331572808790e-03
1.615248715842909806e-03
1.612670509920333898e-03
1.610058545072283681e-03
1.607609082690787238e-03
1.605484243592904866e-03
1.603490292162487296e-03
1.602036626944260437e-03
1.600723122858853376e-03
1.599346753030321880e-03
1.598192210683257314e-03
1.596836241100499506e-03
1.595480215331812309e-03
1.594027806067286517e-03
1.592516174010280561e-03
1.590997202351782276e-03
1.589317497041903542e-03
1.587663398601424228e-03
1.586235862627241415e-03
1.584581651322918179e-03
1.582893480162093826e-03
1.581212225446849799e-03
1.579681124889992325e-03
1.577817935550316058e-03
1.575845136186408701e-03
1.573812342784331473e-03
1.572220903049944326e-03
1.570422968455779033e-03
1.569272625156749746e-03
1.567617454705988672e-03
1.566256847342698206e-03
1.564443183688354671e-03
1.562855409155588030e-03
1.561661562771207885e-03
1.560746480394858667e-03
1.559690310397657959e-03
1.558702450541451937e-03
1.557285268891219453e-03
1.555748747008554650e-03
1.554257468257656469e-03
1.552607399011250375e-03
1.550981604957928474e-03
1.549557590787240544e-03
1.548262554158808587e-03
1.546785060749076950e-03
1.544751925585862535e-03
1.542492923321453708e-03
1.540487500471792587e-03
1.538596059271259272e-03
1.536523463900280962e-03
1.534587571439062752e-03
1.532703480590885724e-03
1.530897458483418362e-03
1.529151143749473557e-03
1.527329768856925188e-03
1.525408717477990013e-03
1.523722828237096668e-03
1.521919992939304613e-03
1.520257830662593082e-03
1.518580510875001000e-03
1.516999345672783144e-03
1.515158257746224710e-03
1.513237296254275411e-03
1.511367413777772901e-03
1.509530957097451670e-03
1.507569958562998127e-03
1.505371542823296434e-03
1.503594898579620025e-03
1.501903726264613732e-03
1.500079786205884332e-03
1.498307704551872510e-03
1.496567518587427420e-03
1.494707599132163436e-03
1.492869900643840290e-03
1.491067061002988034e-03
1.489319961623637072e-03
1.487942636832280830e-03
1.486179456210971143e-03
1.484553062634354952e-03
1.483080104464661216e-03
1.481655092583302694e-03
1.480348532016631307e-03
1.478979440853131185e-03
1.477652866121820837e-03
1.476413735694370212e-03
1.475565705218328909e-03
1.474338178636503544e-03
1.473075069509834209e-03
1.471723765351055186e-03
1.470572441942929369e-03
1.469600167786283725e-03
1.468760682547264529e-03
1.467998377330994014e-03
1.466767276179391320e-03
1.466014797215017817e-03
1.464887953166595785e-03
1.463612045792379206e-03
1.462361073843292071e-03
1.461000113183163205e-03
1.459904229465693558e-03
1.459058525801463840e-03
1.458109713009919086e-03
1.457036012276011249e-03
1.455998122843502529e-03
1.454598441885891682e-03
1.453183352189966245e-03
1.451887406953063708e-03
1.450670830151121714e-03
1.449441407111357527e-03
1.448532261681465330e-03
1.447359667472905998e-03
1.446316329611357530e-03
1.445714956104301053e-03
1.444746239179003867e-03
1.443556418701793858e-03
1.442787668304038907e-03
1.441827401043318689e-03
1.440742582887937200e-03
1.439814799904622338e-03
1.439007006908576535e-03
1.437954939753828326e-03
1.437348490801433967e-03
1.436557629637955687e-03
1.436020820097226548e-03
1.435232265656033023e-03
1.434158873822912947e-03
1.433207437144405887e-03
1.432022967811390299e-03
1.430621368069539450e-03
1.429535633080275710e-03
1.428512251138365366e-03
1.427300068825890353e-03
1.426066742627271882e-03
1.424691299633524654e-03
1.423039570540957435e-03
1.421584224800279345e-03
1.419891815912181516e-03
1.418279211500404584e-03
1.416665714018719479e-03
1.415216212814912784e-03
1.414087159483900982e-03
1.412567489821620970e-03
1.411287375480560491e-03
1.410235894561436779e-03
1.409195468221021222e-03
1.408285618628990921e-03
1.407207599262660491e-03
1.406290204280552470e-03
1.405575287936723129e-03
1.404607487761881006e-03
1.403533383071395562e-03
1.402346934463274183e-03
1.401577288236313277e-03
1.400462378071535121e-03
1.399774366997764757e-03
1.399268304017102244e-03
1.398961387447068567e-03
1.398805273088998173e-03
1.398471219306588603e-03
1.398111795954066604e-03
1.397581007214476366e-03
1.397041351405152497e-03
1.396378096570418965e-03
1.395627264561825984e-03
1.394988392465890950e-03
1.394350798445344276e-03
1.394061467583439457e-03
1.393405571019140730e-03
1.392502986446166827e-03
1.391475313503821084e-03
1.390481070666276702e-03
1.389438881957245084e-03
1.388552230445660096e-03
1.387807631358690388e-03
1.387233457959468827e-03
1.386496219774243591e-03
1.385448271926248073e-03
1.384212031355092900e-03
1.382953284566205152e-03
1.382071194622994494e-03
1.381143625617038033e-03
1.380522220215518042e-03
1.379653065614196584e-03
1.378936814147426219e-03
1.378258680372135194e-03
1.377344385106880160e-03
1.376571271423166539e-03
1.375716464124544921e-03
1.375024530724876671e-03
1.374596568865941613e-03
1.373916841663270529e-03
1.373371101613483219e-03
1.372748346360050907e-03
1.371882883492999078e-03
1.371108295590632055e-03
1.370390689813412097e-03
1.369424236101644907e-03
1.368437688385036165e-03
1.367556172308738048e-03
1.366747291593287681e-03
1.365882068974578339e-03
1.364990837397338057e-03
1.364396812223825882e-03
1.363797272832338895e-03
1.363209768925666403e-03
1.362769378287464507e-03
1.362273962441112700e-03
1.361940354279366546e-03
1.361719557966680838e-03
1.361463629045738715e-03
1.361319708686709734e-03
1.360980824567663413e-03
1.361009189401485428e-03
1.360904998436750397e-03
1.360917707895817601e-03
1.360861355346108543e-03
1.360717865487320703e-03
1.360338191091267157e-03
1.360056922113184316e-03
1.360017707402062098e-03
1.360027313349500191e-03
1.360204639155091324e-03
1.360067067695413037e-03
1.359682015244759092e-03
1.359706395179444745e-03
1.359355165786415437e-03
1.358937956693503880e-03
1.358607094660678125e-03
1.358127547867787801e-03
1.357655738575670821e-03
1.357043667847286205e-03
1.356534589915607200e-03
1.355798832137366681e-03
1.355331589398566829e-03
1.354673270873007216e-03
1.354380782591685329e-03
1.353916732770040973e-03
1.353442016506946040e-03
1.352865215123014208e-03
1.352656829587070304e-03
1.351897028021252761e-03
1.351253859454326677e-03
1.351152768565385374e-03
1.351048150248761875e-03
1.350924839066182295e-03
1.350473899845825712e-03
1.350556092634598495e-03
1.350081547497260356e-03
1.349770451524361439e-03
1.349686047503805041e-03
1.349445672144073370e-03
1.348899851173493642e-03
1.348526340523651008e-03
1.348131469661578534e-03
1.347636916870818997e-03
1.346744325153967532e-03
1.346299058071737760e-03
1.345911957675151836e-03
1.345323545538165255e-03
1.344887321014777166e-03
1.344383178716342716e-03
1.343896746483461222e-03
1.343394766903691084e-03
1.342557777542392966e-03
1.341965946465595435e-03
1.341650067374558410e-03
1.341545801149562032e-03
1.341168969365288781e-03
1.341108160040809525e-03
1.341199956179704809e-03
1.340958252666855921e-03
1.340925028177872335e-03
1.340995692889750991e-03
1.340661484936818719e-03
1.340522536789953223e-03
1.340230035222141807e-03
1.339782106330294044e-03
1.339390385630877473e-03
1.338885688294876117e-03
1.338730454301706929e-03
1.338297609373044006e-03
1.337974166488629111e-03
1.337644152176582345e-03
1.337349802578094091e-03
1.336979702405850573e-03
1.336688270475496322e-03
1.336465982280526455e-03
1.336203418051768767e-03
1.336110617883067139e-03
1.335921808364919170e-03
1.335714352559991182e-03
1.335518793103778997e-03
1.335301792379520397e-03
1.335218093811439298e-03
1.335067091436709010e-03
1.334885095794808999e-03
1.334865839159209751e-03
1.334487037275289929e-03
1.333857134052015506e-03
1.333494592347103398e-03
1.333076669204106288e-03
1.332778014014468796e-03
1.332478360340837251e-03
1.332262108212946706e-03
1.332358787301731037e-03
1.332322988854133059e-03
1.332161772522394471e-03
1.332212469127592828e-03
1.332031282403532430e-03
1.331937659561163115e-03
1.331786108697180547e-03
1.331641857248525148e-03
1.331613136931564982e-03
1.331717338694173025e-03
1.331584147003273726e-03
1.331514875492428559e-03
1.331281553203808414e-03
1.330728837146361119e-03
1.330364483175208506e-03
1.329879667405350560e-03
1.329468931094015356e-03
1.329100056534836217e-03
1.329022315726625849e-03
1.328706256627458894e-03
1.328465822122623045e-03
1.328054641445281609e-03
1.327689608144813540e-03
1.327465218130283262e-03
1.327180694391212785e-03
1.326803082071880855e-03
1.326344603836769349e-03
1.325910522695872501e-03
1.325304427765475407e-03
1.324897180955883751e-03
1.324563855078519014e-03
1.324070765881726853e-03
1.323823982952748290e-03
1.323560060331920333e-03
1.323084976403237538e-03
1.322502113346342217e-03
1.321754889105683462e-03
1.321048708299740488e-03
1.320790466844553104e-03
1.320130688141369930e-03
1.319834456656149508e-03
1.319281232219766693e-03
1.318706875167661866e-03
1.318235059414894512e-03
1.317892203725132445e-03
1.317339023897665801e-03
1.317072595843887112e-03
1.317262526932463625e-03
1.317440471033379636e-03
1.317623022534125578e-03
1.317890863078919261e-03
1.318130463650915010e-03
1.318169552919595637e-03
1.318134371246925231e-03
1.317823952904925841e-03
1.317414380406018793e-03
1.317251736160157975e-03
1.316930054341207109e-03
1.316572486640602609e-03
1.316477767219919465e-03
1.316295962171819094e-03
1.315863037450094039e-03
1.315463117414654610e-03
1.314759700935417761e-03
1.314230256513416626e-03
1.313705090668118060e-03
1.313193206007599043e-03
1.312562325618419788e-03
1.312194165151105716e-03
1.311995954473322689e-03
1.311894031137114886e-03
1.311756114086531965e-03
1.312001223205648331e-03
1.312156335249657982e-03
1.312513527321490254e-03
1.312807255062999837e-03
1.313402847137310576e-03
1.314054288809454046e-03
1.314630697456478647e-03
1.315203001783806641e-03
1.315801441390203590e-03
1.316184801388508479e-03
1.316348974535955793e-03
1.316443980925694011e-03
1.316639762432528444e-03
1.316766549146056132e-03
1.316823514399075154e-03
1.317001762103028190e-03
1.317081670581780970e-03
1.317282941927357207e-03
1.317141057709351375e-03
1.317209043669519348e-03
1.317231818334938962e-03
1.317148453883651123e-03
1.317219693415018879e-03
1.317708952844734655e-03
1.318066881402497979e-03
1.318130739148707558e-03
1.318388816754073860e-03
1.318115111527084138e-03
1.318007806072642174e-03
1.317730587606176420e-03
1.317663228534128638e-03
1.317535331216313161e-03
1.317614765389551156e-03
1.317768434800472947e-03
1.317810799581368986e-03
1.317794276955600551e-03
1.317714780329152634e-03
1.317688641329669945e-03
1.317466762054206189e-03
1.317723633162021755e-03
1.317591219223528121e-03
1.317669815867426614e-03
1.317832409962871494e-03
1.318488699769293547e-03
1.318803208178043933e-03
1.319201917387328093e-03
1.319508191011704119e-03
1.319833042506068617e-03
1.319890112476445037e-03
1.320089368110199425e-03
1.320346953896979220e-03
1.320379547181959462e-03
1.320708396586757873e-03
1.321006911248620401e-03
1.321017236174020079e-03
1.321207220185417882e-03
1.321350898743498458e-03
1.321926001323594840e-03
1.322336548401095713e-03
1.322619401578742186e-03
1.322665159264582637e-03
1.322643912827240094e-03
1.322446236648937333e-03
1.322255570861454290e-03
1.322194122643272551e-03
1.321937482105445651e-03
1.321822496703586956e-03
1.321829803580039375e-03
1.321901803096564403e-03
1.322203480280630681e-03
1.322568109000951155e-03
1.322628465033148879e-03
1.322832256910366376e-03
1.322952084045076089e-03
1.323041377763866256e-03
1.323157127672289777e-03
1.323149786948003533e-03
1.322967687774847471e-03
1.322833623585711535e-03
1.322471081097437553e-03
1.322165286031477729e-03
1.321892501173494491e-03
1.321432962255215168e-03
1.320971176378498172e-03
1.320451819090013960e-03
1.320062266957631666e-03
1.319867276661361097e-03
1.319523651745636806e-03
1.319343372141442393e-03
1.319403627025339228e-03
1.319507054034319265e-03
1.319462313374486712e-03
1.319285795793827222e-03
1.319243149293082562e-03
1.319173237053810916e-03
1.319413292982262549e-03
1.319766277349563449e-03
1.320034884231831730e-03
1.320406894467868793e-03
1.320543171480458716e-03
1.321110187140296004e-03
1.321279197902549456e-03
1.321489626107767972e-03
1.321573425087086123e-03
1.321979564606823353e-03
1.322360185657865889e-03
1.322629461916210005e-03
1.322741635444588766e-03
1.322821536393614054e-03
1.322830152721045762e-03
1.322897058211124251e-03
1.322735295304326144e-03
1.322602167760205012e-03
1.322597121659494336e-03
1.322347877354802066e-03
1.322287838870180466e-03
1.322159527529790952e-03
1.322019972649699079e-03
1.322068796325740403e-03
1.321913805021632986e-03
1.321848716915134279e-03
1.322095422308237336e-03
1.322356361663880710e-03
1.322828160520875523e-03
1.323291455048071366e-03
1.323689534896865588e-03
1.324171267213787410e-03
1.324647709421353670e-03
1.325351007056948562e-03
1.325696917583597985e-03
1.326147193677730497e-03
1.326465492175437104e-03
1.326610720810690201e-03
1.326576940446540188e-03
1.326686274646496832e-03
1.326858555945185491e-03
1.326965276066230902e-03
1.326840782922354689e-03
1.326562877560172413e-03
1.326243616915618369e-03
1.326286642151902487e-03
1.325992848782126627e-03
1.325867954720708194e-03
1.325579750334444657e-03
1.325386381328061804e-03
1.325373316558698658e-03
1.325323104494109758e-03
1.325508669176793169e-03
1.325698340471700683e-03
1.325816854109436666e-03
1.326202575622616045e-03
1.326720401292298202e-03
1.327152001242266335e-03
1.327729819323029492e-03
1.328142428600642862e-03
1.328462759557991028e-03
1.328460792779905149e-03
1.328812797485495354e-03
1.328638385732236124e-03
1.328661987589588528e-03
1.328838173261175527e-03
1.328615846202823312e-03
1.328309237523224787e-03
1.328298363729736326e-03
1.328190464899757723e-03
1.328235686939389579e-03
1.328249772299786285e-03
1.328254251432903861e-03
1.328364163894865625e-03
1.328407217490521668e-03
1.328489972369394177e-03
1.328254931361125442e-03
1.328413002834741849e-03
1.328320119669889471e-03
1.328373947232502818e-03
1.328610386567442153e-03
1.328657540491586398e-03
1.328511165644765801e-03
1.328448247127105974e-03
1.328317767042443967e-03
1.328036588755541602e-03
1.327664330924080991e-03
1.327383621575097721e-03
1.327374884237353782e-03
1.327436017514387490e-03
1.327716419459826084e-03
1.327931626957495111e-03
1.327940510365615331e-03
1.328141934571776001e-03
1.328409886911450762e-03
1.328692686482104693e-03
1.329116917702481693e-03
1.329134119903098779e-03
1.329125208538641228e-03
1.329147318562823397e-03
1.328823262493285164e-03
1.328821342737780209e-03
1.328870691495030298e-03
1.329192247207712941e-03
1.329447649883477639e-03
1.329875247352036534e-03
1.330442974864193533e-03
1.331035964226808584e-03
1.331681231677332407e-03
1.332355776115136912e-03
1.333295079955471030e-03
1.334082200120023957e-03
1.334935251914919248e-03
1.335797405421170706e-03
1.336762878853177752e-03
1.337401796435364705e-03
1.338021415203695863e-03
1.338505619821909543e-03
1.338974760159870100e-03
1.339663448730479692e-03
1.340172577450479728e-03
1.340848089773942356e-03
1.341342918326096515e-03
1.341873979555693441e-03
1.342345786460119898e-03
1.342803907296548707e-03
1.343194657961033125e-03
1.344058940588547342e-03
1.344716643500566125e-03
1.345334326012975843e-03
1.345720716361681031e-03
1.346184228054664615e-03
1.346522242048979771e-03
1.346836885543032693e-03
1.347159029247388265e-03
1.347438859310298980e-03
1.347736168369145868e-03
1.347913980784836221e-03
1.347829228459145740e-03
1.348014639580074475e-03
1.348220514343705014e-03
1.348293836371227458e-03
1.348581593113405133e-03
1.348868996428825113e-03
1.349025621107198016e-03
1.348962109831786452e-03
1.348932511498584542e-03
1.348868896365929644e-03
1.348784093481392773e-03
1.348781735313972323e-03
1.349001478885087247e-03
1.349164786805831561e-03
1.349311166399220748e-03
1.349591065492329253e-03
1.349966130310769523e-03
1.350394309652053334e-03
1.350769998167158665e-03
1.351124690785982657e-03
1.351484838955384783e-03
1.351984422965798972e-03
1.352384548760874510e-03
1.352903970585915593e-03
1.353607426435489295e-03
1.354428053108469631e-03
1.354914727581960207e-03
1.355283496752400811e-03
1.355714381910687804e-03
1.356067445553374657e-03
1.356460741395982888e-03
1.356839959599068267e-03
1.357099978072305287e-03
1.357412416365635444e-03
1.357694873767781437e-03
1.357757732279081357e-03
1.358003160922337076e-03
1.358383803215631493e-03
1.358699542190520883e-03
1.358925359470309182e-03
1.359377830014355144e-03
1.359473570468231829e-03
1.359593502154567797e-03
1.359640617210801199e-03
1.359737039114508692e-03
1.359876330205101640e-03
1.360171682569127818e-03
1.360266754151654052e-03
1.360636228045410383e-03
1.360637937617663893e-03
1.360521266561478789e-03
1.360437130231221137e-03
1.360408986138121482e-03
1.360214535401206874e-03
1.359982638430615480e-03
1.360129124346937330e-03
1.360028198165569779e-03
1.360181894048615760e-03
1.360197263612387616e-03
1.360468003660388709e-03
1.360217911974954908e-03
1.360164515556466303e-03
1.360227379721839569e-03
1.360147178386688803e-03
1.360403804883079937e-03
1.360902179970757686e-03
1.361138544053685584e-03
1.361602020601644040e-03
1.361824374301070584e-03
1.362032397079440509e-03
1.362139118484959315e-03
1.362221951028201768e-03
1.362409866641426347e-03
1.362328586663367081e-03
1.362498159182095854e-03
1.362483916205672798e-03
1.362585173731085215e-03
1.362844540502693809e-03
1.362885279681302084e-03
1.363054521949168827e-03
1.362996191221515401e-03
1.363065291667729358e-03
1.363036687082107333e-03
1.363060501781776859e-03
1.363074340136200815e-03
1.362978681254757834e-03
1.363012977902105897e-03
1.363178324868461822e-03
1.363438210960266853e-03
1.363819979241783420e-03
1.364063572662259621e-03
1.364491944991555938e-03
1.365237094777232768e-03
1.365929597685102900e-03
1.366658053566177080e-03
1.367591296543634732e-03
1.368716099926302549e-03
1.369691782720550621e-03
1.370412854537593787e-03
1.370829902676556824e-03
1.371370647157421413e-03
1.371663000037896298e-03
1.371944921992605468e-03
1.372603304957542526e-03
1.372707149996902623e-03
1.372701539419245208e-03
1.372860376285649610e-03
1.372942838028224114e-03
1.372962913004497883e-03
1.372538810302187298e-03
1.372479586721445533e-03
1.372450187075876593e-03
1.372411533106814800e-03
1.372257693793670075e-03
1.371976196450388737e-03
1.371562263476425571e-03
1.371149113804032062e-03
1.370931284275538585e-03
1.370809317663102380e-03
1.370588310434947554e-03
1.370308895872134709e-03
1.370099004694506559e-03
1.369991782425178991e-03
1.369782347237569805e-03
1.369522563716197390e-03
1.369481679027532853e-03
1.369408664646879110e-03
1.369303750510397202e-03
1.369217694754769604e-03
1.369135039801005430e-03
1.369077731838791619e-03
1.368767855937211416e-03
1.368441640596961949e-03
1.368034226583861443e-03
1.367256366244749659e-03
1.366611395059137528e-03
1.365890501288419875e-03
1.365055909972525501e-03
1.364648236568382711e-03
1.364255543347852586e-03
1.364270817177181067e-03
1.364406620436665668e-03
1.364512343796810264e-03
1.364601860004514226e-03
1.364740174499652495e-03
1.364733021189053902e-03
1.364942557475863931e-03
1.365110157143239718e-03
1.365247118360966632e-03
1.365497292930248222e-03
1.365734103923200082e-03
1.366354791321995089e-03
1.366719955998256433e-03
1.366889935535852167e-03
1.367359087360510601e-03
1.367563219227413808e-03
1.367772628862938891e-03
1.367772335729989987e-03
1.367920351775834273e-03
1.367648520627259357e-03
1.367229516570306032e-03
1.367174363275857609e-03
1.366955486105232665e-03
1.366979885986231583e-03
1.366918495918717068e-03
1.367023963176497306e-03
1.367173642391706192e-03
1.367132861150839509e-03
1.367705248784096498e-03
1.368022265851964779e-03
1.368437977893950620e-03
1.368943927248106708e-03
1.369224744025582296e-03
1.369676823799848009e-03
1.369748583043871705e-03
1.369808585470928168e-03
1.370031481905938835e-03
1.369716385064253692e-03
1.369482557581490519e-03
1.369219548743947062e-03
1.368867687428552190e-03
1.368839121212971034e-03
1.368871052649547069e-03
1.368896075387202428e-03
1.368556226377702764e-03
1.368137960661557420e-03
1.367868842995497575e-03
1.367338953935175920e-03
1.367082887978771392e-03
1.366905322166998230e-03
1.366706862912293570e-03
1.366547997808744558e-03
1.366341166502858459e-03
1.366372172715109821e-03
1.366519088700453516e-03
1.366684422442042456e-03
1.366879466571613473e-03
1.367643489734522017e-03
1.368338719822991554e-03
1.368872550938457109e-03
1.369235967295160099e-03
1.369298807415811857e-03
1.369010451463531855e-03
1.368906931332350895e-03
1.368987863273815825e-03
1.369163330313958975e-03
1.369426918917255849e-03
1.370033479126139906e-03
1.370581839669759343e-03
1.370565361764574481e-03
1.370596033479725253e-03
1.370454153995506351e-03
1.370172018700017676e-03
1.370031667161024196e-03
1.369735590793854122e-03
1.369240795418608450e-03
1.369001890210537345e-03
1.368591442891689417e-03
1.368554451567323155e-03
1.368416999190244336e-03
1.368457299245487771e-03
1.368850355930527471e-03
1.369299228493061314e-03
1.369759939101483116e-03
1.370182269169493722e-03
1.370584887055062645e-03
1.370877224045197055e-03
1.371126255937315033e-03
1.371557549327781858e-03
1.371667801381885573e-03
1.371611937906292789e-03
1.371755727603423802e-03
1.371574618483384703e-03
1.371627310265514715e-03
1.371406892215035070e-03
1.371245889842803494e-03
1.371322825242624142e-03
1.371133353058925919e-03
1.371292118550890542e-03
1.371362293986855578e-03
1.371265329865667534e-03
1.371047050385181725e-03
1.370617858185560782e-03
1.370153297655318401e-03
1.369650795817659635e-03
1.369406002199564628e-03
1.368924451576725978e-03
1.368237514731348702e-03
1.367855754270287790e-03
1.367341387151306455e-03
1.366655031900523279e-03
1.366217098888634560e-03
1.365791997102810138e-03
1.365924631348542154e-03
1.366165868832672605e-03
1.366590616352056841e-03
1.367011979441611156e-03
1.367410932796792392e-03
1.367745215520018136e-03
1.368047053369763743e-03
1.368285650612057619e-03
1.368505411107064302e-03
1.368732609449054699e-03
1.368521278663099470e-03
1.368099984711436097e-03
1.367706204171503055e-03
1.367491036257786029e-03
1.367408253387566650e-03
1.366843378146366398e-03
1.366695148252390852e-03
1.366548569612869874e-03
1.366830728822414831e-03
1.366645218722790413e-03
1.366815760720846949e-03
1.366879826899699635e-03
1.366967831367127233e-03
1.366881750662173609e-03
1.366952141518706096e-03
1.367107325554649212e-03
1.367164945036163180e-03
1.367167110842009044e-03
1.367261059019191267e-03
1.367490497991876970e-03
1.367727490077892552e-03
1.367996454815159938e-03
1.368543148091431105e-03
1.368980277907231409e-03
1.369817054076393056e-03
1.370554474948345366e-03
1.371320565469814077e-03
1.371678971070710044e-03
1.372428916212646306e-03
1.372844818560364690e-03
1.373573247375126571e-03
1.374273430296770945e-03
1.374483900522939332e-03
1.374981443438985998e-03
1.375373476606551798e-03
1.375688575212687288e-03
1.375787516974293079e-03
1.375956016494329134e-03
1.375885667572727218e-03
1.375955431270363708e-03
1.376040266234146306e-03
1.376292311639815179e-03
1.376291809860925473e-03
1.376384432206062417e-03
1.376432346240428822e-03
1.375992024748925058e-03
1.375973552928505886e-03
1.375720976189539558e-03
