3.967177345828656193e-03
3.967177345828656193e-03
3.820250229968390546e-03
3.713007343060032144e-03
3.612041999200781874e-03
3.498003267434052297e-03
3.388315146151313958e-03
3.290022548867650633e-03
3.202100796349150510e-03
3.112672307246555810e-03
3.027063635430779585e-03
2.949877392225663461e-03
2.881139496699599428e-03
2.808521891823328315e-03
2.744301822568659226e-03
2.684394580848843085e-03
2.624152166214084852e-03
2.562863356069192220e-03
2.500292098156733922e-03
2.448133404096001359e-03
2.398302316555836824e-03
2.350780859404544721e-03
2.303913519478738119e-03
2.257897436527100954e-03
2.219706556616413660e-03
2.182283369836646256e-03
2.143265067404241577e-03
2.106080171938275007e-03
2.073220716029645482e-03
2.041475457152793979e-03
2.009934404046645213e-03
1.982875696335617902e-03
1.957388619604227310e-03
1.930074055468508848e-03
1.900683640881640525e-03
1.876283261707231264e-03
1.845156956413089491e-03
1.819658657739199733e-03
1.794905495269135233e-03
1.770348554198508196e-03
1.749587806874146854e-03
1.729184340254703465e-03
1.704989442298273815e-03
1.688268520675810123e-03
1.665798954910095676e-03
1.643039042003880627e-03
1.623929734828423671e-03
1.603811927090011656e-03
1.583428352081510003e-03
1.562404396715781412e-03
1.541778295600096209e-03
1.521730991659137619e-03
1.502747777568178272e-03
1.486219540771623005e-03
1.469970701903537159e-03
1.456278365991858434e-03
1.439800446293999564e-03
1.424019367415560108e-03
1.409951218363828538e-03
1.394242582102965403e-03
1.379077664964187483e-03
1.362970403138355404e-03
1.347696856501324949e-03
1.328653125825906937e-03
1.315612248242293766e-03
1.299924592152693461e-03
1.287994189659146882e-03
1.274591160241338259e-03
1.262114369464803747e-03
1.251306216117037884e-03
1.236693024592604509e-03
1.224386760651712674e-03
1.211608508664557609e-03
1.200819286030585607e-03
1.185518285899544912e-03
1.173705746636569342e-03
1.162888214036583321e-03
1.150018222564674853e-03
1.139819761629677760e-03
1.130774068008585497e-03
1.120647189003896090e-03
1.111052858793999849e-03
1.102681873918115712e-03
1.094399873463921440e-03
1.085285329811115553e-03
1.077424409525027825e-03
1.069704904174964598e-03
1.059886453517625482e-03
1.051247599079535924e-03
1.043896161369197405e-03
1.036460001397416153e-03
1.028925851393166233e-03
1.021119326638645622e-03
1.013825048776358703e-03
1.007074175843155955e-03
9.993472162214073543e-04
9.917951670972496251e-04
9.874086369885046437e-04
9.791745777255997547e-04
9.720463626295239128e-04
9.666867894999835306e-04
9.610417548404597129e-04
9.544751744923076322e-04
9.496610076737697958e-04
9.431612451705256774e-04
9.354700364625767595e-04
9.289270678875012491e-04
9.258515476453049687e-04
9.174011320219711352e-04
9.103251086801199396e-04
9.049937118606303250e-04
8.997001172055702498e-04
8.916754335003856296e-04
8.862889164931497593e-04
8.782335544231317185e-04
8.711858680539641192e-04
8.657591123116490381e-04
8.622672978415204387e-04
8.545540903310017838e-04
8.491771670790788755e-04
8.419560592336124139e-04
8.365397912189218368e-04
8.315561452660838893e-04
8.259730127402854175e-04
8.210718859692458160e-04
8.159011352348121250e-04
8.107867112484016181e-04
8.059941263856201582e-04
8.018954144864900036e-04
7.969524561524264552e-04
7.906538108050426743e-04
7.869152778811445374e-04
7.810270253350000500e-04
7.752443652490079249e-04
7.722478005582466415e-04
7.661994327519415547e-04
7.619838535263089149e-04
7.547916049185065526e-04
7.511348251854832936e-04
7.460796208106145822e-04
7.447105227270315719e-04
7.385202101154685322e-04
7.318243688462101448e-04
7.279312893354789905e-04
7.234181192039361961e-04
7.196307838851981461e-04
7.170981174707131674e-04
7.133640771609701817e-04
7.103060552132565595e-04
7.085626264364963548e-04
7.055573577477231495e-04
7.030704471304817038e-04
6.998189940931080159e-04
6.963395119320862697e-04
6.944340712315836325e-04
6.923554087033039145e-04
6.899312420786618766e-04
6.866063420135960250e-04
6.826047117796204449e-04
6.788732246218678488e-04
6.763267317211225926e-04
6.725541461151976442e-04
6.714521820990878784e-04
6.664105691359277148e-04
6.648010175388213271e-04
6.627923360120259759e-04
6.615062639604802827e-04
6.567888100147614835e-04
6.540685074352030684e-04
6.527432172102992343e-04
6.496203965893159165e-04
6.476390723137549028e-04
6.473664354348264557e-04
6.440913171063749687e-04
6.417393619455595728e-04
6.394722331208407525e-04
6.370235336226974781e-04
6.359857014476243131e-04
6.328802314708390766e-04
6.309408825008643506e-04
6.276408301290682971e-04
6.270765329915341116e-04
