3.967177345828656193e-03
3.967177345828656193e-03
4.168089476718456199e-03
4.379571810852625133e-03
4.642431629120194123e-03
4.900380164702617183e-03
5.111026010007393636e-03
5.370751063092029862e-03
5.567722606632691772e-03
5.797337121353786024e-03
5.917346516026791153e-03
6.182578396274377233e-03
6.416671678502052813e-03
6.785142564745661777e-03
7.122322389110672877e-03
7.565332095427743965e-03
7.933866875037984268e-03
8.524592006478523554e-03
9.248721551116350151e-03
9.992038872407276590e-03
1.071505720519481605e-02
1.154458539557365326e-02
1.229821376618269423e-02
1.314680391005221272e-02
1.424339232268633307e-02
1.512112692497647078e-02
1.577422175562972692e-02
1.651097620570270499e-02
1.722387010659666429e-02
1.797386769313485955e-02
1.882617674394321261e-02
1.951646889890673933e-02
1.997013731886725096e-02
2.075221609082203780e-02
2.165277852869802039e-02
2.235400996974325552e-02
2.312798960573852688e-02
2.382380540807948338e-02
2.435374735708857943e-02
2.490703001581186238e-02
2.553490549618724764e-02
2.617767490262589217e-02
2.670782894823507669e-02
2.730741394548437395e-02
2.800080892039790575e-02
2.863286713672027681e-02
2.917348770974394906e-02
2.986836724266594273e-02
3.071632875287576628e-02
3.144517484123870998e-02
3.211103657278526619e-02
3.259613562104300005e-02
3.318317697338597078e-02
3.390239012549590980e-02
3.449804204853895717e-02
3.517101955357473247e-02
3.575081638723077299e-02
3.633753043101797808e-02
3.697612414290810806e-02
3.756302478681666085e-02
3.804718565380368900e-02
3.871041177431204516e-02
3.903762410851905479e-02
3.937775910687810882e-02
3.960290571974319634e-02
3.987318908567775988e-02
4.035249484061108338e-02
4.090292981866920641e-02
4.132205906542368856e-02
4.165372123220016654e-02
4.193037730328587342e-02
4.246393496146502744e-02
4.314393332825149779e-02
4.358093641353815578e-02
4.389129311640235093e-02
4.425080729170122185e-02
4.481584139027935260e-02
4.535502679011550048e-02
4.572807875492829188e-02
4.603621098960136021e-02
4.641919232335662421e-02
4.671049122058219816e-02
4.696061880751996320e-02
4.718326563694023867e-02
4.748931600620588667e-02
4.807002366335277888e-02
4.863006048852475810e-02
4.892534430564511594e-02
4.912916116341033840e-02
4.934595861338974404e-02
4.960806698651544500e-02
4.999690885767774789e-02
5.028587433359756054e-02
5.046420412884813217e-02
5.080022218543413931e-02
5.108974817452999195e-02
5.136374218940341352e-02
5.165328929184236778e-02
5.199925923288473140e-02
5.239400427754766637e-02
5.266781976658099079e-02
5.273421324545213978e-02
5.283113882970866260e-02
5.301605095538254597e-02
5.325388383905957368e-02
5.349862154355322641e-02
5.386382856910813810e-02
5.436671583122049817e-02
5.493098792721929496e-02
5.535203449778816620e-02
5.545106361754983254e-02
5.575865138089291378e-02
5.585266056980320304e-02
5.627334524401122334e-02
5.655818858452103109e-02
5.666536631906204241e-02
5.688178655889107593e-02
5.689529028897698237e-02
5.696022117397336881e-02
5.716661654911938534e-02
5.740692312892614613e-02
5.758428046817458401e-02
5.761704512566566405e-02
5.777079004052751432e-02
5.783734635524531015e-02
5.789903885039255488e-02
5.815801781016242955e-02
5.817127260166032182e-02
5.798294798705294628e-02
5.804880453881276076e-02
5.805006498230513151e-02
5.817111571132028980e-02
5.838098878077280923e-02
5.838997722870588325e-02
5.830038673084080025e-02
5.831479283871246477e-02
5.832333972909645864e-02
5.826044478980859503e-02
5.851509723970502869e-02
5.859341726178143167e-02
5.856009056154536097e-02
5.865811521870290673e-02
5.880447684306764483e-02
5.898021187790445513e-02
5.916116577376227814e-02
5.930156712910820277e-02
5.944346564458804355e-02
5.969914589022833756e-02
5.986543130832459869e-02
5.999094153719762568e-02
5.997949750018453929e-02
6.022467125071553212e-02
6.032184498784046167e-02
6.003347750013289519e-02
6.008215789801954476e-02
6.053316840363025253e-02
6.073622216055147433e-02
6.075616541063515869e-02
6.072400431037500157e-02
6.068189318530704812e-02
6.056682272641622511e-02
6.044154026231317312e-02
6.042458959249293049e-02
6.051477934726910007e-02
6.070001306542491953e-02
6.079669026124934900e-02
6.090056467623488484e-02
6.110613424530222937e-02
6.119097810474450477e-02
6.114622078315830322e-02
6.116782179517881585e-02
6.101980473488480966e-02
6.089416597936658099e-02
6.090699145823182115e-02
6.101998071771480570e-02
6.108377498795185268e-02
6.121752610527207705e-02
6.117342374825167350e-02
6.122440231965202428e-02
6.164811979062376213e-02
6.184336211685494827e-02
6.178431122732110092e-02
