3.970125283118863986e-03
3.970125283118863986e-03
3.947043390337486198e-03
3.905294085697193392e-03
3.857561928235260593e-03
3.811647091412623603e-03
3.771230146193783623e-03
3.724882494318776990e-03
3.691616544014271993e-03
3.653964981120515123e-03
3.615378639342902226e-03
3.594402461477429634e-03
3.560250285897702694e-03
3.524120319173556452e-03
3.484209783176077640e-03
3.470175004578454625e-03
3.440165161849067371e-03
3.415613129481598689e-03
3.379287058863682941e-03
3.348139404794748478e-03
3.325282239577545453e-03
3.299857204377317811e-03
3.270514478211443074e-03
3.251174966067451200e-03
3.225723515464939180e-03
3.193121482382074976e-03
3.167573465891584776e-03
3.146282452937639897e-03
3.104095772823739757e-03
3.090123933446678635e-03
3.078971348005357395e-03
3.046824004716294255e-03
3.024968439541589598e-03
3.002152293828916612e-03
2.968553044983224254e-03
2.946948938790768229e-03
2.933278768197389048e-03
2.920055695225641772e-03
2.905069314394492785e-03
2.879256127741737503e-03
2.868640090793307760e-03
2.836290875224930282e-03
2.817807780260355322e-03
2.809445714115483585e-03
2.786674656636171053e-03
2.774290789032448756e-03
2.752029252873696395e-03
2.739125658360985760e-03
2.713998009222238442e-03
2.701434314156047050e-03
2.686747086702135669e-03
2.674535002513588750e-03
2.649467251163261164e-03
2.628373702686456152e-03
2.613451539424647887e-03
2.597003575343562361e-03
2.587723712825627624e-03
2.560955713149443754e-03
2.560851655015246309e-03
2.534091924522148109e-03
2.528749129804922727e-03
2.519787952397497133e-03
2.504858655229676070e-03
2.491145509881869530e-03
2.476551917691947619e-03
2.460437572364925635e-03
2.460169564190288569e-03
2.442995803596934110e-03
2.440391656839394161e-03
2.422415995428913154e-03
2.410012137080638946e-03
2.393725081116058941e-03
2.379548861094813936e-03
2.356557898500340545e-03
2.347782587043269979e-03
2.332068356115867339e-03
2.334831201292070137e-03
2.315064610287404304e-03
2.314924164871716428e-03
2.299288549670486671e-03
2.289706455396425724e-03
2.264268000943207588e-03
2.266067337410490254e-03
2.256527941574929062e-03
2.248993792642202220e-03
2.238803483631745909e-03
2.232561704935582658e-03
2.212971053831925237e-03
2.207633471771574141e-03
2.197666218999193375e-03
2.204604239471272004e-03
2.180234303979907296e-03
2.178539656247130158e-03
2.172835145343527275e-03
2.158070293595067309e-03
2.152509706581911837e-03
2.142605113368232887e-03
2.123952130386469114e-03
2.125554013468063455e-03
2.116614963116956582e-03
2.101279962486620953e-03
2.098212638476906668e-03
2.092046072796617008e-03
2.085432673196720068e-03
2.073603762360588538e-03
2.073161068607024156e-03
2.066465509938874515e-03
2.061631855499248666e-03
2.051912005689209440e-03
2.049681820936944971e-03
2.047461034674007575e-03
2.025715285929918612e-03
2.026134544650194051e-03
2.014667131549866853e-03
2.003059204512369022e-03
2.003453350026288427e-03
1.997297398340817671e-03
2.005085555153733948e-03
1.981731841356409920e-03
1.972722041100535405e-03
1.967987617412084167e-03
1.956524323378619305e-03
1.957051737518541914e-03
1.947590103209159229e-03
1.941629867792046176e-03
1.932265508613902798e-03
1.930333181438679841e-03
1.926009674621692504e-03
1.921911997960159494e-03
1.917588962683128761e-03
1.899518365288700543e-03
1.910171307897895769e-03
1.910350636276123048e-03
1.890258793115724483e-03
1.887414463238036924e-03
1.890423125806238924e-03
1.887261093637389179e-03
1.891652623583885010e-03
1.889817845615663012e-03
1.869062611388437383e-03
1.864820165895845778e-03
1.858481744206477628e-03
1.857820148259372054e-03
1.869672781842422575e-03
1.861292502124838088e-03
1.863830357497232902e-03
1.851704967436811891e-03
1.847315800282885298e-03
1.849329018877023676e-03
1.832996892542049965e-03
1.837952554897620159e-03
1.821997906540467156e-03
1.823519453360065859e-03
1.828757400310258765e-03
1.826194422550467440e-03
1.825242879645324603e-03
1.821365500847326640e-03
1.815934351892775720e-03
1.822425690395684979e-03
1.800611967843207409e-03
1.812197110530022401e-03
1.797504587289164681e-03
1.790394814345698787e-03
1.790546828591040029e-03
1.790736449397076864e-03
1.798992975754202606e-03
1.785118710352688815e-03
1.777357189297223538e-03
1.790896700119693060e-03
1.786105069432593860e-03
1.783829622946931249e-03
1.772878159534909889e-03
1.775749993884332334e-03
1.769198965255198075e-03
1.768302414244994234e-03
1.767632373565116875e-03
1.763578606678884450e-03
1.761128970859736614e-03
1.768467458332638031e-03
1.764898356898317094e-03
1.746604688518820208e-03
1.749346321030462561e-03
1.735853806788281890e-03
1.747650826333096898e-03
1.749717345462553338e-03
1.740731239672063365e-03
1.741853130553107191e-03
1.740374374698523989e-03
1.731171368131686908e-03
1.714138085527231381e-03
1.719384376119317782e-03
1.710353144446171347e-03
1.719992248026084962e-03
1.719187821273036399e-03
1.733361196589174947e-03
1.724735527500921226e-03
1.732001058051506901e-03
1.725028104675662647e-03
1.708297117632418460e-03
1.718639896022259748e-03
1.705990505185037143e-03
1.701483827117926178e-03
1.701725420656094662e-03
1.704374979800791969e-03
1.691304330481468174e-03
1.695994778725282322e-03
1.690582904928235363e-03
1.688417550099157631e-03
1.682969459174026581e-03
1.682390310913977694e-03
1.684270210384534311e-03
1.688830697249511705e-03
1.691680595335326703e-03
1.680435917761239056e-03
1.671569758480773984e-03
1.679040248677379169e-03
1.684904480380153063e-03
1.683642603466459263e-03
1.679563494561327024e-03
1.688312498985524964e-03
1.682716525285630647e-03
1.684789668150448935e-03
1.683495860922116279e-03
1.660731826288653528e-03
1.671599872079282227e-03
1.662478610098293719e-03
1.669103007053200378e-03
1.666492765099335119e-03
1.663776087635376660e-03
1.657745251800469546e-03
1.663808536792766180e-03
1.665788454460904316e-03
1.679907788537812752e-03
1.671882572900505650e-03
1.677547170630461952e-03
1.661487959906619589e-03
1.667613358245701631e-03
1.661006455504908342e-03
1.652033766136064763e-03
1.648697640693030497e-03
1.649026062750913674e-03
1.652308805374096091e-03
1.652796919101567419e-03
1.651730307846218044e-03
1.639691645708235557e-03
1.645945050116239287e-03
1.643341022936342481e-03
1.641904808569918505e-03
1.646781331978735673e-03
1.635917843250123127e-03
1.625700796850044821e-03
1.635044251389883513e-03
1.626172499122375756e-03
1.629385449014195304e-03
1.628428674501498181e-03
1.627512760276825883e-03
1.630439810225534254e-03
1.627078762504472007e-03
1.635319835603694190e-03
1.625488959993729712e-03
1.630310813893888315e-03
1.623759172413709404e-03
1.636150881791297593e-03
1.618846214917006457e-03
1.626460138285051957e-03
1.625914198074819138e-03
1.627220522737101186e-03
1.630364397962649411e-03
1.628259834198654771e-03
1.620175471824984639e-03
1.627904775947545696e-03
1.620384505179631954e-03
1.623586501908308097e-03
1.621869757725665157e-03
1.614874145610119315e-03
1.609612133893718660e-03
1.612130222834587401e-03
1.599451593300199766e-03
1.617598536736665352e-03
1.594179689162090281e-03
1.609936796242444337e-03
1.616662719789285297e-03
1.608707874681860597e-03
1.620871362621771877e-03
1.608273579405333949e-03
1.615250438654157201e-03
1.609566244703578572e-03
1.598757404646273866e-03
1.620639454621845268e-03
1.617943755567405892e-03
1.616583651680951386e-03
1.618835264476447579e-03
1.610330272649973657e-03
1.606552475156079870e-03
1.604443265514197536e-03
1.608456113325814523e-03
1.607970213659357366e-03
1.608254585921363227e-03
1.605664541163586952e-03
1.614073993748659040e-03
1.593591276134346613e-03
1.607697619952362829e-03
1.609537369301828561e-03
1.613692031499569350e-03
1.608223717769098702e-03
1.607873220909626861e-03
1.613586355388453662e-03
1.593335448012935538e-03
1.608954289879114966e-03
1.604048802673898547e-03
1.603453845028935407e-03
1.602567118458964697e-03
1.594562325573770306e-03
1.616137272164799941e-03
1.612152882202157406e-03
1.605219771938523480e-03
1.616312393625220917e-03
1.598867775305078511e-03
1.608669148786307781e-03
1.601695647014131276e-03
1.613890084932837442e-03
1.602849418948517528e-03
1.602561101817134110e-03
1.602743522996277585e-03
1.599199128795741149e-03
1.608005326830523607e-03
1.612157388743927803e-03
1.606555241310794659e-03
1.601931901800929302e-03
1.603650918152442831e-03
1.605900021236958538e-03
1.617635547102998618e-03
1.601173995695887075e-03
1.611904741673343775e-03
1.620468822763140079e-03
1.622440633384761906e-03
1.611819757732900092e-03
1.608773602656615124e-03
1.613664404300162690e-03
1.616303153774507157e-03
1.621040287318531621e-03
1.632740331105468710e-03
1.612352087677463653e-03
1.617779438073184894e-03
1.617531971873132496e-03
1.611880556754080119e-03
1.634379124717626674e-03
1.622838174383789888e-03
1.622086937039774780e-03
1.626246677695750457e-03
1.634786267755760324e-03
1.626078750928770973e-03
1.624900520047231492e-03
1.621331068408388056e-03
1.613733105008923223e-03
1.612107691970732660e-03
1.621935730899532217e-03
1.608061749813107476e-03
1.612525067082395047e-03
1.605578946485073993e-03
1.605781024302647053e-03
1.611896729946603844e-03
1.612236885321638230e-03
1.603746592355513242e-03
1.608349825203534648e-03
1.617910481833937080e-03
1.601538392936154758e-03
1.612563110404636405e-03
1.606458194295201950e-03
1.603781402380345493e-03
1.600956584554593483e-03
1.611143212379076341e-03
1.614084754616513162e-03
1.607495561053709368e-03
1.606997943873140870e-03
1.604388139863549339e-03
1.600819188062374120e-03
1.590349353582005488e-03
1.600425966767959028e-03
1.597856389536171260e-03
1.605783540122929622e-03
1.597162002266583900e-03
1.611845316970087101e-03
1.601334045137486027e-03
1.602209024959814218e-03
1.604825264040000846e-03
1.598702903603932152e-03
1.597607990719024634e-03
1.587464791440692949e-03
1.608961311066688582e-03
1.591650726895205495e-03
1.596151982466267492e-03
1.602138216458462178e-03
1.596035063408887504e-03
1.607726214130578580e-03
1.603625410821931611e-03
1.596407604657845052e-03
1.602418993166413027e-03
1.598411649300230655e-03
1.587754996154276286e-03
1.583983555996257677e-03
1.583920272068786933e-03
1.585338062624616368e-03
1.595255596867541786e-03
1.578466290089830786e-03
1.588225448546035133e-03
1.590331941697680938e-03
1.581307079624209031e-03
1.586444386058406819e-03
1.566455063427009973e-03
1.580801111338401991e-03
1.580305952941945353e-03
1.578933738324169410e-03
1.581571942760266053e-03
1.575999157567179810e-03
1.587627392790673343e-03
1.582992040482507834e-03
1.580775209044390280e-03
1.578256024247668646e-03
1.566599576946469665e-03
1.586039692911777026e-03
1.580383089322051149e-03
1.591446879277024070e-03
1.588907070341543217e-03
1.596180483824407616e-03
1.581518608448952970e-03
1.590444904994750466e-03
1.595828569432741501e-03
1.601014579451048988e-03
1.589570134271232373e-03
1.583641791465344433e-03
1.585481367532919159e-03
1.589581989835183720e-03
1.590359816108217420e-03
1.587179181691573656e-03
1.589655846416582804e-03
1.582550013313490777e-03
1.589615680736464762e-03
1.596682003064979136e-03
1.582845468276833801e-03
1.595021060779654382e-03
1.606767833224176335e-03
1.588360443469358273e-03
1.578647510820231029e-03
1.588232086361506456e-03
1.572796830075975190e-03
1.588569022030907876e-03
1.577797291198486038e-03
1.567249862512195505e-03
1.570782976221132528e-03
1.562923363483383716e-03
1.578702165404430140e-03
1.578419696168384184e-03
1.577023664006652493e-03
1.572051340018449902e-03
1.586681515467492634e-03
1.580434947652835462e-03
1.578576358272486052e-03
1.570161053532690689e-03
1.572506219605431486e-03
1.574287448760578779e-03
1.583019258253870942e-03
1.573388543313816029e-03
1.582163469527921246e-03
1.581449345039189240e-03
1.579462389788688316e-03
1.568754167702579366e-03
1.581182120597380376e-03
1.575461915068438997e-03
1.564313100157496347e-03
1.572419894902010815e-03
1.572921870153215886e-03
1.584960843797953876e-03
1.575986068605120423e-03
1.571799452152890242e-03
1.578524524274473213e-03
1.568109496380270477e-03
1.563739746286322641e-03
1.568259613515286767e-03
1.559636223521045518e-03
1.560784743291201765e-03
1.561840436905832579e-03
1.562299039947186250e-03
1.562552235116770709e-03
1.557950489624675009e-03
1.566409940541240971e-03
1.555866836778684471e-03
1.553913753400026259e-03
1.563354998901279273e-03
1.557596411697586463e-03
1.548493736784336194e-03
1.561210682714764438e-03
1.563636257564537599e-03
1.573891314730049536e-03
1.572912890343854293e-03
1.559058504368593867e-03
1.562538755354088774e-03
1.559490612069634090e-03
1.561719445517903426e-03
1.561140892641760996e-03
1.558459106062930243e-03
1.552356027853588104e-03
1.551006740490420456e-03
1.541290789175908497e-03
1.559983621302304122e-03
1.541129985491041443e-03
1.559471705300179579e-03
1.542088675637891390e-03
1.545003457671304155e-03
1.551073075027369769e-03
1.550120664095462533e-03
1.550745979627202349e-03
1.553261763019377724e-03
1.560676881338039432e-03
1.566220074392692205e-03
1.546600829471161649e-03
1.546758061755666843e-03
1.561776486655469141e-03
1.545767986415678931e-03
1.559558575388634910e-03
1.551731371439165870e-03
1.562057467669573799e-03
1.549827128841419236e-03
1.570394750837416026e-03
1.565505700292250859e-03
1.564778464719023422e-03
1.550241763340116539e-03
1.557649208848090223e-03
1.554405732575631907e-03
1.555815936684816405e-03
1.555231324264756991e-03
1.563103249331310955e-03
1.572007401359443992e-03
1.560314145666845918e-03
1.571018370757807682e-03
1.564590756021299418e-03
1.563558853697351791e-03
1.554075936493432095e-03
1.543160018629142734e-03
1.555348125414745663e-03
1.560995115274502534e-03
1.549141400698040476e-03
1.565739027957379487e-03
1.563711238580418623e-03
1.565092640637521463e-03
1.566467125958218238e-03
1.569831954526366632e-03
1.564136093375220792e-03
1.576457147346691347e-03
1.562967518071869000e-03
1.571692693446425466e-03
1.563351643322628826e-03
1.560188927923095679e-03
1.569782196195632041e-03
1.572214048200886154e-03
1.573186079888522952e-03
1.565358424978430252e-03
1.579755935277194628e-03
1.576624257367225616e-03
1.573388767900832548e-03
1.583731591548532928e-03
1.557630149247889607e-03
1.566987892683181435e-03
1.592218097053708665e-03
1.563447683581524429e-03
1.564848679425020345e-03
1.591655646072681228e-03
1.574752251376485826e-03
1.591602352615964326e-03
1.585138406170063770e-03
1.584532437057502860e-03
1.567870335874557838e-03
1.577504619891610237e-03
1.570647231716230073e-03
1.568475612317119048e-03
1.579533463948890526e-03
1.576441250254496202e-03
1.580998688572864000e-03
1.584929755278792094e-03
1.595935426559567981e-03
1.574961607074370096e-03
1.588952912992116400e-03
1.591570349295032836e-03
1.599826511371918491e-03
1.580653925851025626e-03
1.596149692941079999e-03
1.576879018626433293e-03
1.595681829106897556e-03
1.596909226479947515e-03
1.586878481176217694e-03
1.601448923209386433e-03
1.604195931086759442e-03
1.596729006872148107e-03
1.590585552351345697e-03
1.604828760585015309e-03
1.601355565659831962e-03
1.607471790096643999e-03
1.606622139246243483e-03
1.604404058825600887e-03
1.616092121118589513e-03
1.608775732841739988e-03
1.604113269155090036e-03
1.600613076282850124e-03
