3.967177345828656193e-03
3.967177345828656193e-03
3.672408100503693311e-03
3.567173453767828739e-03
3.374204140392800689e-03
3.236922974923629823e-03
3.165821743546592005e-03
3.102212536234986561e-03
3.044635409312916423e-03
2.981880248285032845e-03
2.946404578412146428e-03
2.915538870265695515e-03
2.872817364820961800e-03
2.851649914371561477e-03
2.837648029534723098e-03
2.814902305411572103e-03
2.783783559848062618e-03
2.778078093827598266e-03
2.779394298900371603e-03
2.769841428786777669e-03
2.749352670449025770e-03
2.773906167441850777e-03
2.778873296027937687e-03
2.817383597381865022e-03
2.831473951804716355e-03
2.905199449947715607e-03
2.926041026026170253e-03
2.999266832502772012e-03
3.121741102524531325e-03
3.127085791448407179e-03
3.293510106692976863e-03
3.345973420731630441e-03
3.453364399495976230e-03
3.460973671550261581e-03
3.560828682296537668e-03
3.606517418261237333e-03
3.676735552088631741e-03
3.705851058337137661e-03
3.744436951672707077e-03
3.751344634038712798e-03
3.788482808018070122e-03
3.837592543604561451e-03
3.892546791669930766e-03
3.901335309889658338e-03
3.980819234717039232e-03
4.043815928853734462e-03
4.095276993969943803e-03
4.173889589238294513e-03
4.231059622172009781e-03
4.310138376612264628e-03
4.378743897498295345e-03
4.491987388125886702e-03
4.539739707329993289e-03
4.740669328236239710e-03
4.903611187691686406e-03
4.915084654199550554e-03
5.115520611550940233e-03
5.371254026503322759e-03
5.470392247215225857e-03
5.615329199764984569e-03
5.829076989233041711e-03
5.925316351974518891e-03
6.045598536489085913e-03
6.109971027432175086e-03
6.203912100743197433e-03
6.219698174281063606e-03
6.243487639318457370e-03
6.302515292045861306e-03
6.422742814616747703e-03
6.519550594226219270e-03
6.662516418902255169e-03
6.681883895234613444e-03
6.914594442375951444e-03
6.990667535994983528e-03
7.241325900919535867e-03
7.532703637115416816e-03
7.837100908453450976e-03
7.988420695806913371e-03
8.033112865520908655e-03
8.111444993808459777e-03
8.250598487718209181e-03
8.423329135117353303e-03
8.581997377183105125e-03
8.757979198841784121e-03
8.800499841489572289e-03
9.108821731922192577e-03
9.302952674055680812e-03
9.370913698339681033e-03
9.489940004908789181e-03
9.594901995692250302e-03
9.710877046603316395e-03
9.836569651037761763e-03
1.016695195775284971e-02
1.007900796115751389e-02
1.033711835528594927e-02
1.044855865401906302e-02
1.087793518651628509e-02
1.109412257383611891e-02
1.133763167910580190e-02
1.147878015878917198e-02
1.203975106654736095e-02
1.206345104220407118e-02
1.226361788115333008e-02
1.254673081960931691e-02
1.270089342180989213e-02
1.289186824894030144e-02
1.322592657937676081e-02
1.342372565845048257e-02
1.370599871539667988e-02
1.397626843661679656e-02
1.410258036349882824e-02
1.426588677748484232e-02
1.438329432775986398e-02
1.453379683246206096e-02
1.472900141936157176e-02
1.479357028287794917e-02
1.502883685031170154e-02
1.535848593114864935e-02
1.555202367177888935e-02
1.597909884651478249e-02
1.623573447289333727e-02
1.634016705078784187e-02
1.659160274300891871e-02
1.677511001818150771e-02
1.712312591358799638e-02
1.710207712857301707e-02
1.744839444375505255e-02
1.777411565255746298e-02
1.805241990325064105e-02
1.819837758341829453e-02
1.833430782408188367e-02
1.843601638976720414e-02
1.868797835404734098e-02
1.882981713251240599e-02
1.902586568152833321e-02
1.924494551978590470e-02
1.951502853662866188e-02
1.980701799893525711e-02
2.031642139996757759e-02
2.053338154946791547e-02
2.087498572908404529e-02
2.108426162427004535e-02
2.144198061046526105e-02
2.177456371473227362e-02
2.201696594556940001e-02
2.232084596015661976e-02
2.264328252074157208e-02
2.291078109783332289e-02
2.316395669301485327e-02
2.322424746518433544e-02
2.332454441882980331e-02
2.351789249187832137e-02
2.395702760623010311e-02
2.425165028317778984e-02
2.475538619221063011e-02
2.503741056933674047e-02
2.513341504364593332e-02
2.551191978633935223e-02
2.575624507027714227e-02
2.617810063071164192e-02
2.637819953347552912e-02
2.675119855766794341e-02
2.714510475142056442e-02
2.741340653483206533e-02
2.776548700335420075e-02
2.793644890606643283e-02
2.838549446470632967e-02
2.866859036366201791e-02
2.896175972951276281e-02
2.920948513825985873e-02
2.963483275370723188e-02
3.001137491918250133e-02
3.012554198019984017e-02
3.046800535044741007e-02
3.077021270210389750e-02
3.122279188253496499e-02
3.145765660351856896e-02
3.185979542524645935e-02
3.217064281412074234e-02
3.254886698688835844e-02
3.269035659363248719e-02
3.296166218796545838e-02
