3.938089569531641118e-03
3.938089569531641118e-03
3.572115962779789759e-03
3.177321935834390328e-03
2.964280700005056217e-03
2.750386018810123227e-03
2.607752495897514532e-03
2.508179099918341967e-03
2.438967737826020117e-03
2.384944271721067908e-03
2.372457905472655747e-03
2.360203410775715046e-03
2.360098386611846413e-03
2.376552434434338855e-03
2.458042823631218909e-03
2.550889781877607124e-03
2.697208264588391545e-03
2.984804132137986073e-03
3.129120914530191585e-03
3.459768644891070884e-03
4.037616550133637378e-03
4.619694512041255460e-03
5.101022893733271613e-03
5.637108121733644048e-03
5.881820167134721271e-03
5.860623733730642784e-03
6.365754155980415593e-03
7.099417248553879962e-03
7.637020738423041903e-03
8.208752809631247177e-03
9.515079849870492629e-03
1.032615735810455543e-02
1.057984919076481248e-02
1.104882155540458204e-02
1.142465771719328692e-02
1.210950566885447659e-02
1.246268541782532581e-02
1.230676458582163381e-02
1.254534544791880042e-02
1.274241212658936209e-02
1.307987518747832922e-02
1.359501439096627573e-02
1.389527951867244350e-02
1.461240813532111056e-02
1.605276781728598445e-02
1.699892990168488591e-02
1.780895068937005110e-02
1.842237388494358946e-02
1.857151633830192786e-02
1.912949837282400256e-02
1.972916027077540116e-02
2.034486483732752399e-02
2.069735253155966653e-02
2.101594136111160568e-02
2.127056153183976006e-02
2.161258073743712455e-02
2.224945231681842508e-02
2.294117650308882816e-02
2.382478194883413947e-02
2.446897761233054330e-02
2.505802623932538650e-02
2.574071329462536764e-02
2.614417200678996814e-02
2.678411363438142068e-02
2.754369526712698024e-02
2.811901566860851992e-02
2.855693557088043177e-02
2.887195923580988810e-02
2.921924587629589828e-02
2.989076156416530655e-02
3.075289967922209197e-02
3.145541870966856585e-02
3.183429285018035682e-02
3.226103539136823684e-02
3.286462456585147879e-02
3.332426888849418511e-02
3.400095678503741586e-02
3.477525586804966484e-02
3.559295068726967687e-02
3.641422664692426509e-02
3.688429231320456553e-02
3.704851524815756803e-02
3.754649227997042260e-02
3.851093403299563067e-02
3.901858149656965008e-02
3.942627518437095968e-02
4.047092612441502424e-02
4.176667461112786722e-02
4.245114845113000940e-02
4.267446929951908274e-02
4.331819144729201487e-02
4.403323203689425008e-02
