3.952215232752796445e-03
3.952215232752796445e-03
4.006628716068306138e-03
3.998496575972319139e-03
3.985773727613224626e-03
3.972964179619084199e-03
3.961460947154800752e-03
3.953649085652316021e-03
3.939779726226592775e-03
3.944479242101293741e-03
3.933036013773416432e-03
3.933488268666556625e-03
3.929540950054080141e-03
3.922339820150713349e-03
3.920320584002853596e-03
3.914222196043765610e-03
3.905792689027180308e-03
3.899560529730380920e-03
3.887803771043237076e-03
3.884619941206340910e-03
3.879257108192180146e-03
3.874349526805490745e-03
3.888536084735931108e-03
3.871749153550619986e-03
3.872457773480165923e-03
3.878134682141497463e-03
3.871192746598610054e-03
3.860009443562674187e-03
3.866139478497195199e-03
3.863344735961735457e-03
3.857967219025368495e-03
3.863253500223158554e-03
3.870615040643175016e-03
3.852584549645522282e-03
3.852012780574767294e-03
3.850355335025429024e-03
3.853719253955067720e-03
3.855619636703538217e-03
3.861182762296669693e-03
3.851805139670083471e-03
3.863797947023475676e-03
3.865231775922849198e-03
3.858158857961466615e-03
3.868074245338973954e-03
3.860769845423435691e-03
3.871246698091615826e-03
3.872314034526719555e-03
3.887952465026840894e-03
3.893718499950613032e-03
3.895223811946987684e-03
3.899297595739198343e-03
3.895128405553024194e-03
3.919047806478234176e-03
3.930493535793214664e-03
3.930196345130162680e-03
3.932391388637161006e-03
3.953632519990345380e-03
3.959216704453399037e-03
3.956448019219786782e-03
3.976376219113402118e-03
3.967596888447083581e-03
3.977000296747014614e-03
3.991689510149241081e-03
3.989057290267240645e-03
4.005912312761226134e-03
4.001102607293907307e-03
4.032655019974810441e-03
4.012236187197010251e-03
4.027771619276949468e-03
4.043579456369993282e-03
4.053612322583745146e-03
4.072168839642444256e-03
4.073080901683108143e-03
4.091006910003597979e-03
4.094397430434748228e-03
4.106638242825666821e-03
4.129347089630894078e-03
4.137704180030884159e-03
4.149047796282773551e-03
4.157066847209444152e-03
4.158788242978575696e-03
4.160706606921500163e-03
4.177729506338632298e-03
4.180961692903162330e-03
4.201938191798953136e-03
4.207668945381120088e-03
4.216143717747302885e-03
4.233336963987620501e-03
4.232515216418036332e-03
4.256829412679358736e-03
4.258287395428060444e-03
4.272389200783429514e-03
4.287244251740134765e-03
4.306042124789338961e-03
4.323874876400606720e-03
4.340855016651795628e-03
4.360324638378176333e-03
4.365464127629731760e-03
4.378931430790778019e-03
4.386949130050082045e-03
4.406963655482773815e-03
4.425409954528817039e-03
4.439549526322560287e-03
4.449641461631718801e-03
4.461981800009691586e-03
4.476377330496679637e-03
4.485798217283562712e-03
4.510465174562001966e-03
4.513821155398144332e-03
4.516191920708620584e-03
4.534144686298284196e-03
4.547273719707698066e-03
4.551140438701081932e-03
4.573422925638268022e-03
4.574150773917269597e-03
4.596257773267913536e-03
4.612052724584819394e-03
4.606334993366805602e-03
4.616155343626148627e-03
4.643695238955020468e-03
4.651054905931792209e-03
4.667966898922159755e-03
4.679599427212337119e-03
4.697115634057662248e-03
4.710788368926028223e-03
4.714048408885973887e-03
4.725339406549622367e-03
4.741040548623921651e-03
4.757211005941577864e-03
4.764868177730994213e-03
4.774024081122065638e-03
4.770654357805013089e-03
4.794492616149045872e-03
4.797396354883091442e-03
4.832527386978435063e-03
4.832557258463721257e-03
4.844639868767993719e-03
4.863429883742137472e-03
4.876259690836083627e-03
4.902555173557219224e-03
4.919168260960241068e-03
4.932174217887123381e-03
4.943377809527069178e-03
4.949049794908597782e-03
4.966502826617725033e-03
4.988881732668110774e-03
4.985241552966202840e-03
4.991766231171088260e-03
5.015537912429220320e-03
5.022855257129743393e-03
5.033006488381588234e-03
5.049871552699375897e-03
5.045811803328844290e-03
5.048414893579705222e-03
5.052680789824898558e-03
5.064223384407107349e-03
5.081819948835766473e-03
5.082412123896033751e-03
5.106545759584483514e-03
5.103598951459355736e-03
5.114858899009612318e-03
5.118683841072697339e-03
5.140567970011973922e-03
5.149114712548909407e-03
5.160379650061250149e-03
5.174990144315345236e-03
5.165947295260506743e-03
5.168256136465297808e-03
5.183489396988058204e-03
5.177280925701895596e-03
5.197470437513860252e-03
5.193965736087910283e-03
5.208130566215094827e-03
5.213705929523905665e-03
5.219751444688202832e-03
5.225950945615545976e-03
5.218833202833869471e-03
5.228144376324215387e-03
5.231070951052279455e-03
5.243695667208491187e-03
5.261111797211659273e-03
5.260431418810391190e-03
5.276780297405588016e-03
5.295811221420937236e-03
5.304124635104948138e-03
5.303459485756323137e-03
5.314904889189999912e-03
5.330079194154347701e-03
5.337521301082891710e-03
5.336340943192681256e-03
5.326142805711107930e-03
5.329484851322847071e-03
5.333211816677823486e-03
5.347700053224062680e-03
5.362627924710103647e-03
5.368863225799884627e-03
5.363963281221612207e-03
5.379955853671284337e-03
5.396099298916359234e-03
5.406839991486059142e-03
5.407732596740075920e-03
5.401320456570005146e-03
5.408250104920308415e-03
5.418920741104098909e-03
5.423619579267353885e-03
5.422910587388135931e-03
5.433753678381119875e-03
5.443068443883272711e-03
5.452692211342526248e-03
5.458883863530892937e-03
5.473505904083724588e-03
5.476482425489897186e-03
5.496556138245885757e-03
5.510182463615586647e-03
5.519536004841357583e-03
5.515003935535203218e-03
5.510046064796395027e-03
5.522213585674153047e-03
5.529462276705029294e-03
5.522514184800145741e-03
5.533904692528989963e-03
5.541970943755383967e-03
5.543991012672840925e-03
5.556336304825599919e-03
5.556206565737953178e-03
5.573909324398436220e-03
5.568350963832407671e-03
5.577950364298021359e-03
5.565997863655192113e-03
5.563520559873700970e-03
5.571725727540682675e-03
5.577836878524892669e-03
5.575020942132852611e-03
5.591192224139399786e-03
5.598791571299911556e-03
5.613229059764112024e-03
5.600764827561811009e-03
5.603120178421574019e-03
5.606143637501304414e-03
5.619608700923242953e-03
5.629103437675917962e-03
5.625415791388866694e-03
5.624541086308646257e-03
5.614413283667832669e-03
5.629774830897144207e-03
5.628699232666958645e-03
5.634301829365031926e-03
5.629554418598323694e-03
5.636192859671909118e-03
5.639445590855274304e-03
5.642007298008324713e-03
5.647684830374956333e-03
5.654612126460978674e-03
5.654467381668711219e-03
5.655913184309965119e-03
5.654953706792279974e-03
5.662010127061265462e-03
5.656480607353134987e-03
5.652451031104994625e-03
5.649055963051479758e-03
5.655905920582154044e-03
5.658012905663662578e-03
5.663074339513882866e-03
5.666538480416618423e-03
5.674135438195910403e-03
5.681432582806861080e-03
5.678940688002615325e-03
5.669791006390948948e-03
5.672311973851499635e-03
5.665906551791051286e-03
5.659396426845373848e-03
5.664943221068940472e-03
5.649768434635503260e-03
5.655234051611324024e-03
5.653879995153154869e-03
5.655190663816331807e-03
5.653297108879891050e-03
5.652786368196720430e-03
5.650550166541116678e-03
5.657736685062784293e-03
5.659298231962829259e-03
5.670250069605904317e-03
5.672317865681348291e-03
5.666752621863609812e-03
5.665070909557348190e-03
5.657146750911200457e-03
5.655917004635715312e-03
5.653663759261117264e-03
5.658460872046837224e-03
5.679558011932657469e-03
5.674816433043330423e-03
5.689010565765707274e-03
5.697447507948929894e-03
5.697439329893831325e-03
5.684744883090904477e-03
5.700684252536183071e-03
5.705048128831169581e-03
5.701950539530911168e-03
5.715401370505014851e-03
5.716097237576733305e-03
5.717330265159021110e-03
5.723648102774781324e-03
5.716548844939166492e-03
5.718695685001600783e-03
5.714834872112719080e-03
5.710288619357520128e-03
5.724021158085084229e-03
5.722759991523246326e-03
5.727229238043793358e-03
5.729988081666960616e-03
5.741654827229822518e-03
5.753924274763803394e-03
5.743371067569505266e-03
5.737675227195082432e-03
5.737457543658411319e-03
5.740837130101691943e-03
5.737775107324386871e-03
5.734088582034351303e-03
5.733667339818660641e-03
5.744914678299671909e-03
5.749260777979038790e-03
5.743516296355529252e-03
5.754574272363779247e-03
5.743164439305760427e-03
5.745113446549358731e-03
5.744839961372159680e-03
5.742868421338941098e-03
5.752001835689279571e-03
5.750796152596685147e-03
5.758409443987433547e-03
5.757258251121995934e-03
5.748918924074679186e-03
5.738376750894118479e-03
5.741951833126828289e-03
5.745054779446263048e-03
5.730542178303512507e-03
5.741735207149482878e-03
5.738889371230076683e-03
5.742913936906277918e-03
5.739217886178245819e-03
5.724035708439552395e-03
5.718134994499873662e-03
5.721959527550210534e-03
5.706698466572905810e-03
5.705977197896235087e-03
5.716274139463485386e-03
5.721879833073388079e-03
5.728182238041449464e-03
5.734582378707662673e-03
5.737972305847199167e-03
5.750840766084991569e-03
5.761903537808659229e-03
5.783185114484975901e-03
5.783821804890471735e-03
5.784834410609545480e-03
5.772950619902208341e-03
5.786572902487229289e-03
5.770903920171801572e-03
5.776224011073916031e-03
5.765131645600080068e-03
5.757851511050399509e-03
5.744799435123327212e-03
5.756504102742214871e-03
5.775102809556558782e-03
5.767924248252520765e-03
5.764918084230707430e-03
5.765810216821368704e-03
5.776820187161024744e-03
5.774616088270640574e-03
5.778984924959067702e-03
5.768347278519804500e-03
5.775790448233081124e-03
5.766729394494039818e-03
5.776620949983611412e-03
5.780788741733410181e-03
5.797026643849780177e-03
5.797876915371634812e-03
5.797371640610019840e-03
5.789114295774857449e-03
5.803766902646404803e-03
5.798211517319028924e-03
5.815822919330901342e-03
5.811463080031452171e-03
5.821250889687700283e-03
5.815788916499822769e-03
5.816298967047031122e-03
5.811425007723532155e-03
5.817344123527490654e-03
5.812786672559870117e-03
5.815714455934528453e-03
5.807819312796739554e-03
5.799943912645551258e-03
5.815802980613764793e-03
5.814070223435710213e-03
5.809624917303726245e-03
5.839434609570292797e-03
5.848544037567690937e-03
5.843963877231996007e-03
5.832899765377879894e-03
5.843631910822578122e-03
5.836341911132101289e-03
5.843950196446939978e-03
5.844476887412664544e-03
5.835365041018859660e-03
5.840069327227667521e-03
5.839013683805063457e-03
5.850745242765352169e-03
5.848202831448612478e-03
5.857447565668395806e-03
5.858890238795015290e-03
5.847585047842586425e-03
5.857967481304971955e-03
5.858265854682718349e-03
5.862167018575119466e-03
5.868674670758874598e-03
5.864532632819974799e-03
5.886581528632824252e-03
5.885862362664430122e-03
5.893350143312553122e-03
5.891684941712614469e-03
5.896751701548168072e-03
5.901824289243018384e-03
5.896126236282220150e-03
5.882588579878475325e-03
5.882504669554322781e-03
5.877727403938666495e-03
5.868661741097224230e-03
5.863057740868254410e-03
5.874108068387759278e-03
5.862642882333587643e-03
5.859269759140897996e-03
5.874339036456438685e-03
5.870567934532886986e-03
5.862728800768225376e-03
5.866222172453922599e-03
5.866872064647798805e-03
5.873579864927306292e-03
5.872969797669998215e-03
5.891998228665247181e-03
5.888158998623278795e-03
5.882556559829543556e-03
5.887128114001288597e-03
5.884741265242301837e-03
5.896092389027866691e-03
5.888555797463138237e-03
5.903585070923845178e-03
5.898125501152361519e-03
5.903079942408694797e-03
5.902481425696688190e-03
5.892007806650028344e-03
5.902247153745968436e-03
5.911569373252869783e-03
5.911525081238514119e-03
5.893607708205990739e-03
5.892483123554843882e-03
5.909569351595777599e-03
5.916918243895419663e-03
5.909947954082289331e-03
5.893459283049441721e-03
5.886348805134784812e-03
5.877389030312024816e-03
5.876624744111377113e-03
5.878560228146254181e-03
5.874751765004048928e-03
5.865629132994465075e-03
5.859387644549737123e-03
5.866260373522886110e-03
5.870768984622712523e-03
5.860491179507616027e-03
5.862832913106294681e-03
5.856101863789865865e-03
5.864771192483999619e-03
5.858276234153714582e-03
5.855444590722023827e-03
5.865951484784857548e-03
5.861305824356026831e-03
5.861875361750298018e-03
5.870268994987478360e-03
5.855552617383637248e-03
5.861700021604358997e-03
5.858843664277283217e-03
5.858215727449484281e-03
5.865530850019929320e-03
5.865126923598515396e-03
5.859238049116350863e-03
5.862380621587140635e-03
5.860708814195631985e-03
5.861183742589223464e-03
5.858808610962090019e-03
5.863781790509178284e-03
5.861491075129063484e-03
5.857114640074063266e-03
5.861604273411374563e-03
5.867183456561367479e-03
5.860180935553935093e-03
5.863490899589335163e-03
5.878150731057601996e-03
5.880300352949443740e-03
5.892084331227022062e-03
5.879976629977509694e-03
5.875080054906823418e-03
5.878335445490147533e-03
5.874645136882639292e-03
5.857270812826421112e-03
5.865891514424259948e-03
5.858796231053300940e-03
5.866055469796847485e-03
5.851264544862141634e-03
5.846715601808455225e-03
5.850666221402246389e-03
5.852479822744552883e-03
5.855702546322265160e-03
5.853919842796149672e-03
5.841789899412019697e-03
5.846385963844936105e-03
5.855889447128541196e-03
5.853828733063322007e-03
5.870549825396645209e-03
5.869529806185955732e-03
5.877794713090709298e-03
5.875661979344292199e-03
5.869275883506034144e-03
5.879422504831262331e-03
5.882224640853010549e-03
5.879054519111931269e-03
5.867376953746985570e-03
5.874620502991441569e-03
5.869965515846872588e-03
5.866110985535594007e-03
5.874778967825018683e-03
5.871753278033449951e-03
5.873005842495628535e-03
5.881306130711035952e-03
5.891974127530494321e-03
5.879613958598119833e-03
5.884704712773407287e-03
5.885940936908938548e-03
5.896220210577271525e-03
5.907901001508299686e-03
5.898115209444072977e-03
5.909237415601578669e-03
5.906257756048445898e-03
5.904786850226863282e-03
5.910303291187270040e-03
5.903680165832818523e-03
5.896920212608502791e-03
5.909255829987415144e-03
5.919850102994761096e-03
5.920504267666429864e-03
5.921178943309451416e-03
5.932478781665032758e-03
5.925240455552400511e-03
5.918854381571274012e-03
5.924388749459645435e-03
5.929324609720514234e-03
5.921310242921353981e-03
5.910551730154289460e-03
5.907342073444283095e-03
5.916178275136877926e-03
5.925582420812286477e-03
5.907415737184479321e-03
5.907753880394888031e-03
5.913124015538661141e-03
5.921500041707671719e-03
5.922201628908117625e-03
5.920907323931208673e-03
5.935302324584278665e-03
5.939130333471241002e-03
5.934051784964724380e-03
5.931218691149463436e-03
5.934635740154623959e-03
5.933280282821589043e-03
5.937541826914170123e-03
5.950655462997386097e-03
5.953122687650537134e-03
5.946461266718082624e-03
5.945496073968873328e-03
5.943920314186067026e-03
5.951854588871700012e-03
5.954934983574063610e-03
5.951921099496992884e-03
5.957030778995407554e-03
5.963823641235848315e-03
5.957367591375581188e-03
5.954520335205465420e-03
5.937671482814811837e-03
5.956077329781020793e-03
5.947565712841846458e-03
5.945483428120746858e-03
5.939005154542988454e-03
5.936483893901614399e-03
5.935691843829298854e-03
5.944305152394230470e-03
5.934683260440751923e-03
5.940069830762073795e-03
5.934178560062564924e-03
5.930874449631677418e-03
5.940129461842111151e-03
5.951630215355893996e-03
5.957209815826990801e-03
5.956727282976193028e-03
5.966380466898704021e-03
5.969013485707203200e-03
5.980271389394758302e-03
5.983009892356878565e-03
5.984323807737042776e-03
5.984742987739576255e-03
5.978635628492975050e-03
5.973626999845965679e-03
5.973450078231808992e-03
5.988684991272265855e-03
5.987861250026826204e-03
5.978871237959947071e-03
5.984991735606067648e-03
5.991282695667734040e-03
5.987307917390310291e-03
5.968038859447065761e-03
5.983067003867022053e-03
5.965460548688444192e-03
5.973811861981552854e-03
5.975697987043926927e-03
5.960474731763473061e-03
5.957748456105652936e-03
5.964180999771664243e-03
5.962328022756432401e-03
5.966037786580277898e-03
5.973783649126662015e-03
5.980752095251781059e-03
5.992310896650406525e-03
5.990646637452348364e-03
5.986770300746300892e-03
5.975245589124845817e-03
5.982108163297461360e-03
5.993758634158679634e-03
5.982369319911491796e-03
5.987131728450836680e-03
5.983567675867928863e-03
5.985838102485428400e-03
5.983634463971008143e-03
5.982105944007195045e-03
5.977582132965105453e-03
5.968859046589554233e-03
5.966183749348001955e-03
5.969495385206862077e-03
5.958090840329962820e-03
5.950106961536698498e-03
5.957908182201093229e-03
5.945373544661343261e-03
5.949807044803696876e-03
5.942020379636770051e-03
5.936236603499715596e-03
5.924909037288204547e-03
5.931427205698711937e-03
5.927275027405792991e-03
5.939764927008418099e-03
5.920193905284898070e-03
5.923286447252850036e-03
5.920877700590611303e-03
5.909481441569996996e-03
5.895649639743004433e-03
5.903528414573864722e-03
5.916620773367089157e-03
5.921473399570999566e-03
5.915202542413242406e-03
5.901153879470672631e-03
5.913033536029630235e-03
5.907716904253270708e-03
5.910783198064819936e-03
5.910716220614261988e-03
5.908752373028649391e-03
5.909665070354805892e-03
5.914798842521665038e-03
5.903125088733966741e-03
5.899417639229631583e-03
5.906042556893343308e-03
5.898752619992827205e-03
5.901483550206902511e-03
5.900217594074791232e-03
5.886406125875327799e-03
5.884300676728770538e-03
5.879102733650334693e-03
5.891403593705397262e-03
5.895552188461158222e-03
5.893236485226709988e-03
5.886533382641847244e-03
5.898171380496341695e-03
5.890561437024428686e-03
5.893849937528783389e-03
5.890296092419198756e-03
5.886657962771296715e-03
5.869265941333727359e-03
5.873135083087897487e-03
5.867448726525466458e-03
5.869932906795135089e-03
5.878924598085207009e-03
5.885704095953441656e-03
5.868977526636579879e-03
5.883682040988845452e-03
5.890766295758560409e-03
5.907600021988036222e-03
5.904125761474254830e-03
5.908198700967442867e-03
5.915619174718319238e-03
5.908438380523581626e-03
5.916279330127405429e-03
5.921783840001924697e-03
5.935999365542579675e-03
5.941535740558870696e-03
5.953584892703654534e-03
5.951170925921678290e-03
5.962409840763512742e-03
5.950302020107435010e-03
5.955391416660440508e-03
5.946224912535299015e-03
5.958860848548160408e-03
5.953644622295043744e-03
5.949299853561476614e-03
5.952342088514330637e-03
5.957450569859356303e-03
5.959321483394968214e-03
5.959371615773000931e-03
5.951155454048961263e-03
5.944806617968425091e-03
5.949560116386708002e-03
5.943268483890856886e-03
5.944941008743842049e-03
5.947054310889465442e-03
5.942288704531521228e-03
5.941989837748159857e-03
5.949988951003700940e-03
5.932778014419741106e-03
5.945290236711731589e-03
5.946083600398281883e-03
5.939989181538636240e-03
5.944487055737524006e-03
5.938295822170751304e-03
5.926611646591055903e-03
5.929179124794766234e-03
5.942553081643169380e-03
5.948695602696577045e-03
5.956439886900025647e-03
5.951708521931833688e-03
5.954812856930990009e-03
5.960020648382297406e-03
5.956584886308470203e-03
5.968710998339788777e-03
5.965258102063138515e-03
5.964264995888725156e-03
5.967033738776167905e-03
5.960819466960829392e-03
5.952998415671048940e-03
5.953712208459654813e-03
5.939620060700576999e-03
5.952717990099430992e-03
5.959820067905210322e-03
5.952888838838267874e-03
5.959476831815807216e-03
5.957767685390976710e-03
5.958382345391228553e-03
5.957741339636983373e-03
5.947601789355003513e-03
5.942744343148597883e-03
5.947263633998663840e-03
5.957311268494694216e-03
5.958694094041895421e-03
5.958375113942855281e-03
5.963205717727643879e-03
5.967626492281052041e-03
5.969963555827820408e-03
5.972389300168917323e-03
5.974835367669558382e-03
5.967214641151867040e-03
5.970248005502477862e-03
5.959987417359785544e-03
5.965678367849554069e-03
5.963008971010402837e-03
5.979896783578728982e-03
5.968464739062246879e-03
5.986955291922886439e-03
5.981613072977267666e-03
5.983015770618012492e-03
5.984901888514627261e-03
5.995004653748380041e-03
5.990422753874725253e-03
5.990988969462924911e-03
5.990020521094359049e-03
5.982691333071442005e-03
5.988615432067993447e-03
5.992501844982209107e-03
5.965018401202429668e-03
5.976637092513594797e-03
5.982127007669109549e-03
5.975562706850129011e-03
5.987546969331866351e-03
5.983810155724428141e-03
5.967768680404487991e-03
5.976242375000623969e-03
5.973410723635898777e-03
5.970136651491293224e-03
5.972495829063414682e-03
5.972869573507570869e-03
5.989249597398099180e-03
5.986313051408110458e-03
6.001277056324197216e-03
5.990181060690226086e-03
5.977351165278277714e-03
5.966868811814636520e-03
5.964800165943921935e-03
5.963142310013468290e-03
5.975188256812703248e-03
5.977408820066906769e-03
5.986777748597457878e-03
5.981416801297730242e-03
5.986410204975557529e-03
5.994125934123040525e-03
5.981058223146791877e-03
5.998299224019110892e-03
5.996083380450131610e-03
5.991752507663017022e-03
5.990643645874865232e-03
5.982057981606813887e-03
5.976900162832013766e-03
5.974197682398978138e-03
5.957106699923314826e-03
5.952611667437544482e-03
5.957457278956983585e-03
5.958301173643677610e-03
5.948773639471949433e-03
5.950788525089861607e-03
5.947362469351641194e-03
5.943146606784569484e-03
5.945944648833812948e-03
5.941882480606603019e-03
5.934476069825662774e-03
5.937223751056864424e-03
5.934531230591146705e-03
5.944056239817846650e-03
5.943237089224289067e-03
5.956197016763848003e-03
5.953659606144260687e-03
5.936611936696490829e-03
5.945172445010928584e-03
5.948144120565330116e-03
5.950886656338371522e-03
5.949200012495373634e-03
5.953458617464164881e-03
5.948188342155011007e-03
5.940806339572837595e-03
5.944266344077852281e-03
5.959864734323786287e-03
5.965875864838249450e-03
5.966877375955306588e-03
5.961435005018312326e-03
5.966027164469718709e-03
5.974720277236802296e-03
5.973469204324591449e-03
5.973569272604608779e-03
5.987241805969689343e-03
5.992326604551624983e-03
5.983722578992918192e-03
5.982285478446592621e-03
5.982451931557310199e-03
5.982000001655251795e-03
5.972945939569992459e-03
5.975286040731350376e-03
5.972923194084243242e-03
5.960985960648656351e-03
5.965684441376770814e-03
5.955695586056351451e-03
5.951594652297422829e-03
5.939184205904357063e-03
5.923306030848451975e-03
5.932364378228629706e-03
5.931934767202880904e-03
5.938498905067297537e-03
5.948171510401010879e-03
5.935148991431074723e-03
5.945421242728858059e-03
5.938798965592042428e-03
5.954974538994639750e-03
5.943944575120987776e-03
5.942539314170077261e-03
5.954065420321237589e-03
5.961000130962993207e-03
5.959656903969897009e-03
5.964059652151318912e-03
5.966948840776172339e-03
5.971512027697925551e-03
5.978689342974317054e-03
5.991121555312583537e-03
5.997507658767104247e-03
6.005770236397715324e-03
5.999789961887032862e-03
5.992343251028407931e-03
6.002047200791459786e-03
6.021711674931377184e-03
5.998724356358210719e-03
6.009791084045005768e-03
6.008347966968544986e-03
6.004891499015447068e-03
6.006833469345873415e-03
6.009407765222208979e-03
5.993431633015014991e-03
6.003604890479934640e-03
6.017953628731382426e-03
6.002583614625126539e-03
6.013994448114924445e-03
6.002759333137477546e-03
6.007536241888950662e-03
6.016835032385096232e-03
6.011939948356880871e-03
6.018600006129852520e-03
6.008265621991602801e-03
5.994600570777781044e-03
6.003295788785743825e-03
5.998855345017230049e-03
6.008424547973025519e-03
6.021230280828832222e-03
6.015388335914942548e-03
6.012247721524906739e-03
5.994824523814331479e-03
6.005033524628905321e-03
6.010715695117993355e-03
6.007861544849984331e-03
6.015670953377739473e-03
6.028513148963418090e-03
6.015639838708034155e-03
6.006391203025730589e-03
6.010952838249357041e-03
5.997708385951707258e-03
5.991532258535254771e-03
5.992144672001568570e-03
5.981440850964884690e-03
5.986909166514598445e-03
5.981268229944789426e-03
5.984213556090934964e-03
5.982349607473067162e-03
5.981472225789840648e-03
5.983983788301437158e-03
5.967128308393678145e-03
5.966205746804440803e-03
5.962836003069664319e-03
5.971883169028119505e-03
5.962038883947490091e-03
5.969677758624562965e-03
5.966334294502695888e-03
5.970313412161120867e-03
5.951240456552665467e-03
5.947975677911322874e-03
5.947473466237578055e-03
5.938815414456191655e-03
5.955320046920363486e-03
5.961520310738713940e-03
5.965340496992461473e-03
5.969815511023337205e-03
5.982105472789479156e-03
5.981975649922160847e-03
5.976359343471685653e-03
5.985829681144078443e-03
5.981272931023792934e-03
5.981839745312554808e-03
5.970568649338636562e-03
5.978219601184915112e-03
5.975966654433037366e-03
5.981409127485963657e-03
5.999211258588475239e-03
5.987968167750710655e-03
5.989288692504754659e-03
5.986918131316919939e-03
5.992216197905702105e-03
5.994403259350132226e-03
5.994947797493985382e-03
5.995293616329959788e-03
5.980005207587959018e-03
5.985962085304346106e-03
5.989029987644044553e-03
5.987170642854987984e-03
5.997895964487658625e-03
5.994938089682458511e-03
6.000547794544122508e-03
6.001649213386211872e-03
6.005259440125419387e-03
6.018149955920480340e-03
6.011862094978660982e-03
6.017582668520234448e-03
6.016664015780773950e-03
6.015253632497681753e-03
6.029995132850692052e-03
6.036143738098964651e-03
6.047991506196497002e-03
6.054758123339555077e-03
6.054045736836645604e-03
6.056073328333670507e-03
6.054591068299359016e-03
6.043638243025459614e-03
6.042555588134879141e-03
6.029529009199596432e-03
6.031477848990087799e-03
6.031351756164586575e-03
6.029360603957300072e-03
6.033496261372510612e-03
6.025010679064823384e-03
6.039130200407933496e-03
6.048885269543204969e-03
6.053992119386845255e-03
6.038820287449743994e-03
6.026345985424980990e-03
6.027399125627490306e-03
6.025080798829142957e-03
6.026419908167850691e-03
6.027487642287422676e-03
6.037659040585119374e-03
6.048543309664334081e-03
6.053646932843164893e-03
6.039104523867288091e-03
6.045279263084245985e-03
6.050865193467465028e-03
6.044812881202035054e-03
6.051784528590854403e-03
6.041218063680580883e-03
6.038418512460555151e-03
6.047266166456164750e-03
6.047808020241330317e-03
6.055460217796276162e-03
6.059341276344282733e-03
6.078265038588619509e-03
6.069359047148660709e-03
6.071313079563701171e-03
6.061623852684321079e-03
6.062190813833628379e-03
6.078706912961279185e-03
6.074761601949812614e-03
6.067725063284766691e-03
6.074476767686521651e-03
6.081712023279850672e-03
6.074987095727793322e-03
6.076852563007462474e-03
6.080543921537638619e-03
6.094020938221633536e-03
6.087970907224030115e-03
6.094300167767954454e-03
6.089215624384689170e-03
6.084992960784393022e-03
6.071644171853697244e-03
6.083951327964125244e-03
6.088486074525870442e-03
6.082675651055116997e-03
6.079531029960074349e-03
6.090890381725670884e-03
6.080631219751058032e-03
6.083353388660226943e-03
6.082236290052955158e-03
6.085585060831390398e-03
6.076561101620368659e-03
6.073076470839364194e-03
6.065809505858342325e-03
6.075130890256379666e-03
6.082439100966763844e-03
6.079981644709076850e-03
6.079770085262012694e-03
6.081639073045939752e-03
6.079272274437596928e-03
6.063544496504666079e-03
6.077631007551933043e-03
6.093096172252650614e-03
6.101299980065184522e-03
6.087905152512562701e-03
6.100913349852839750e-03
6.099516778001756907e-03
6.098535617536194470e-03
6.075081654134732029e-03
6.086668079404900997e-03
6.081086106836703850e-03
6.081942396271671630e-03
6.083054379091863001e-03
6.102376211192254291e-03
6.102931223938062345e-03
6.116454513598460103e-03
6.114798245205715389e-03
6.105251404559313040e-03
6.116925100868354087e-03
6.119030216153031367e-03
6.116190082994148527e-03
6.129470918479173504e-03
6.138278102175305159e-03
6.135019881811920595e-03
6.143485730474166143e-03
6.146833226390249413e-03
6.151549764769459645e-03
6.149996245674287793e-03
6.156997842128037433e-03
6.159634779146774645e-03
6.146816259639161992e-03
6.150571990442665025e-03
6.144796000997688155e-03
6.133365619350242964e-03
6.128126315928386983e-03
6.136576434536631861e-03
6.133759293805439092e-03
6.137916680036675614e-03
6.147058257715110920e-03
6.148876478924777608e-03
6.158748079635460899e-03
6.153519418575959139e-03
6.159732610540025882e-03
6.152800791246321004e-03
6.161826238029487202e-03
6.142824758645163905e-03
6.139008700172978242e-03
6.139354605051711503e-03
6.128980862852490864e-03
6.135443418026105891e-03
6.126148760582710191e-03
6.129601788154239936e-03
6.118460738556981242e-03
6.128054645423347546e-03
6.130583710436910902e-03
6.144034158639777136e-03
6.159739932254375272e-03
6.146750162844852490e-03
6.155242749156923134e-03
6.162242204606833279e-03
6.156016905161054015e-03
6.154915913608186018e-03
6.157269311490041162e-03
6.159903750254654836e-03
6.152049631648162306e-03
6.151363358031228766e-03
6.135154046092706343e-03
6.132035114605623692e-03
6.137220136282196120e-03
6.121517287879903874e-03
6.125629002379656858e-03
6.128624160223626952e-03
6.124531357659075866e-03
6.118399989738564602e-03
6.120069739797740112e-03
6.104728208652338700e-03
6.096749418574493040e-03
6.098702590340745154e-03
6.101166173260969688e-03
6.097031556499407472e-03
6.096859735256384902e-03
6.098432919818165196e-03
6.099764628760085371e-03
6.100140619660497816e-03
6.081872862321730834e-03
6.091477320194028065e-03
6.083476599202758579e-03
6.093425936922471434e-03
6.098702818144720490e-03
6.098925810647949641e-03
6.110010311228498622e-03
6.111530181578925074e-03
6.118294638575596731e-03
6.122270904756974171e-03
6.123343655093507060e-03
6.128711941789883287e-03
6.146638345393439819e-03
6.138907586006362230e-03
6.149366534597025362e-03
6.143686351303610967e-03
6.153201099404120855e-03
6.137743449001964273e-03
6.129845318831231467e-03
6.125196301791526084e-03
6.129420672288513929e-03
6.119601626575045875e-03
6.110084348785247213e-03
6.100128433559711370e-03
6.096248324809263111e-03
6.104670191956736505e-03
6.106144155986461576e-03
6.100191302413475805e-03
6.104340587823664510e-03
6.090795969162065247e-03
6.091707655480363588e-03
6.095092189050504289e-03
6.104729610004842356e-03
6.105573399445550845e-03
6.105864119804244559e-03
6.115944507657010941e-03
6.109120876079674953e-03
6.111297337710448925e-03
6.118177288654390138e-03
6.100999563987121073e-03
6.092212831992373928e-03
6.087238477772003407e-03
6.097438407229355435e-03
6.088879577631294525e-03
6.100861655357986586e-03
6.087773012263455324e-03
6.099798186163560287e-03
6.094033795375672011e-03
6.090578519485995157e-03
6.082132448378988962e-03
6.071796945774474326e-03
6.082591590465332050e-03
6.071346391595745448e-03
6.062010225161733497e-03
6.069545153101464641e-03
6.054970367508951887e-03
6.051985418812183895e-03
