3.952215232752796445e-03
3.952215232752796445e-03
4.073510371719432817e-03
4.070145499851962612e-03
4.096667293995041002e-03
4.102459833475228211e-03
4.097587450217447282e-03
4.117124021691505147e-03
4.094896669345456444e-03
4.118611913267501007e-03
4.126804854954544202e-03
4.126075765712239156e-03
4.163295222489937948e-03
4.150686782501382920e-03
4.148560816877274945e-03
4.169348355325295033e-03
4.195572533883023571e-03
4.187750008100120033e-03
4.223381286176349989e-03
4.197248514385921656e-03
4.226715704212342765e-03
4.245965468411063391e-03
4.259178325564175194e-03
4.270353834837611537e-03
4.289423411056160138e-03
4.299311460965334585e-03
4.297574337730587606e-03
4.325014519589073445e-03
4.356480164104013612e-03
4.343997435685077041e-03
4.355653013524741352e-03
4.378734299364210950e-03
4.400291644982041485e-03
4.420098297451775793e-03
4.440438589530039046e-03
4.456859275811717730e-03
4.472117843704665439e-03
4.498749629874895101e-03
4.513280009263109099e-03
4.541213986522577711e-03
4.562599507817468279e-03
4.593593024608316235e-03
4.612086603444903905e-03
4.636589734073065343e-03
4.677635715853997039e-03
4.676943758611738777e-03
4.706887193699854643e-03
4.735603442130468209e-03
4.769089986131926778e-03
4.792123375291221406e-03
4.812710373030001411e-03
4.855857247105617967e-03
4.881407729725027733e-03
4.907505930824067504e-03
4.941387436715137353e-03
4.974083834889501086e-03
4.997650004160968627e-03
5.032604339028985858e-03
5.073812843967485768e-03
5.102240485481204790e-03
5.124329445099865335e-03
5.145014444406784647e-03
5.171707941101643009e-03
5.209454818591378357e-03
5.248554679839484947e-03
5.270443213394135351e-03
5.302892028971066887e-03
5.324788966270289914e-03
5.345193064193584295e-03
5.365783954433033312e-03
5.411189347752163280e-03
5.445483894249035159e-03
5.489954092985335592e-03
5.506699526511697404e-03
5.523408467875284139e-03
5.561464676348710882e-03
5.590167285863062441e-03
5.617950388726106019e-03
5.661477751009175684e-03
5.714849454117354975e-03
5.763528839042377644e-03
5.798854525706472265e-03
5.822217873507243291e-03
5.851391932243181146e-03
5.879959961377270034e-03
5.930590716447188375e-03
5.956659411731926763e-03
5.973466082018658550e-03
6.009572644692537553e-03
6.041829396466177025e-03
6.050388021338695861e-03
6.084115065913022619e-03
6.112651276011855060e-03
6.149750998409140787e-03
6.165565130685906128e-03
6.201763792082446401e-03
6.235718596940555483e-03
6.256831412251522874e-03
6.308574662199428057e-03
6.345349082048826195e-03
6.357076377848863008e-03
6.370300653514951970e-03
6.410783881014097373e-03
6.449466436146258051e-03
6.490425071201639390e-03
6.500911751061276382e-03
6.534769223617191772e-03
6.563392386775722051e-03
6.592747237143799753e-03
6.611395136881295306e-03
6.634577280404371606e-03
6.635076941461320529e-03
6.664230087450108940e-03
6.672904157464441127e-03
6.683379894256550463e-03
6.707514200593268049e-03
6.727772202455008406e-03
6.764368841177638599e-03
6.797616517598839905e-03
6.824483881298674774e-03
6.855395240235787231e-03
6.878224144870891815e-03
6.909726877912495888e-03
6.933052142536039707e-03
6.959395801565739295e-03
6.990329758587420297e-03
6.999863882618843729e-03
7.002605739276368708e-03
7.046523269360956132e-03
7.049950765141081710e-03
7.077033807026995513e-03
7.083524729593229478e-03
7.111642773260507325e-03
7.146926679757224093e-03
7.188684210148447995e-03
7.208469866904193731e-03
7.202483753774450818e-03
7.237649545641768392e-03
7.268422138077052473e-03
7.295067988551391484e-03
7.319521625259168066e-03
7.328779544578430637e-03
7.370456509740756605e-03
7.396878280494966623e-03
7.419982603931039172e-03
7.437454299158260257e-03
7.483484916135548816e-03
7.533884676119562487e-03
7.553504692065009414e-03
7.587804339137461246e-03
7.620750812689848497e-03
7.654343476905562001e-03
7.678114328288300830e-03
7.726216533066828686e-03
7.760505782817752468e-03
7.777291707720175411e-03
7.787795676651350536e-03
7.804163038734174968e-03
7.821898260118706828e-03
7.835676546864650538e-03
7.865934799897623605e-03
7.878671503624170430e-03
7.895970629633645987e-03
7.929347799503353930e-03
7.957716302213415846e-03
7.987694420398259651e-03
7.976545147332357935e-03
7.985434783223784028e-03
8.017708835419438615e-03
8.031552283441571391e-03
8.072404851315814756e-03
8.102778973309772773e-03
8.140420366113610556e-03
8.168036596005385716e-03
8.175197392521239836e-03
8.185261376961381480e-03
8.198073986829307672e-03
8.223472383104077008e-03
8.236581715776484722e-03
8.254475325306450881e-03
8.263371812513719758e-03
8.290235755368432699e-03
8.301367739334476054e-03
8.318682326117373543e-03
8.324075722545318939e-03
8.336717583970323919e-03
8.365886677824754120e-03
8.383425187312130988e-03
8.401805502718255950e-03
8.413652892147342743e-03
8.452072058914957692e-03
8.485194226733102502e-03
8.504144160157668317e-03
8.529610758823030423e-03
8.541125494187418524e-03
8.560922270047186325e-03
8.583225914381950247e-03
8.607554328020407611e-03
8.615067341312886498e-03
8.639746538285088609e-03
8.648972353151401782e-03
8.678190538617017863e-03
8.679291298478785527e-03
8.701388277941696572e-03
8.721541443756856971e-03
8.735095583472442249e-03
8.769095140508295291e-03
8.770066811266817586e-03
8.795617860789002943e-03
8.786170770697921545e-03
8.829939803788298264e-03
8.840153695479573137e-03
8.856656050100044850e-03
8.877903665842290515e-03
8.898662442118090293e-03
8.937771387101407089e-03
8.955269158111204761e-03
8.984356194392280684e-03
9.003344957997226616e-03
9.034815015530642604e-03
9.047855253349973426e-03
9.087110542472040184e-03
9.115679557509425573e-03
9.118517989700510376e-03
9.154685445143034492e-03
9.169673933524710371e-03
9.193050330971208259e-03
9.227736007699115922e-03
9.227075940366891507e-03
9.242067689471628739e-03
9.262962257132273391e-03
9.280454146109702943e-03
9.307419036898570072e-03
9.319846244650688283e-03
9.340006903858373219e-03
9.364180287130194347e-03
9.384469294623762337e-03
9.406902852854413799e-03
9.440365630182597986e-03
9.446610943076718531e-03
9.464360704274100630e-03
9.496947578070773915e-03
9.513459935688759264e-03
9.527364699337735263e-03
9.526810902747573015e-03
9.536083238267795137e-03
9.545303671945169419e-03
9.571363435583015236e-03
9.580312565332191332e-03
9.593388897233283766e-03
9.605745695879863016e-03
9.632627559297418651e-03
9.643792601898352329e-03
9.648378876033650992e-03
9.677554461652760828e-03
9.699934689641392938e-03
9.713326930528612055e-03
9.727456504229119172e-03
9.749887209341147332e-03
9.732461854995332756e-03
9.751175218115564619e-03
9.771923853776816674e-03
9.764712540765557378e-03
9.790140263992459096e-03
9.802750504668106615e-03
9.823101045562070491e-03
9.832590660683211692e-03
9.837259550245874146e-03
9.846004868926484799e-03
9.857751939235879710e-03
9.867260533121872262e-03
9.878809913124083839e-03
9.881886104482793393e-03
9.893448300926074856e-03
9.920091466818228843e-03
9.924442285190623186e-03
9.943822540679886010e-03
9.942000677318546184e-03
9.954690527343657003e-03
9.977194221480323658e-03
9.978242512589975688e-03
9.972413768374821519e-03
9.978046291345316759e-03
9.991645853718233647e-03
1.002143182852902048e-02
1.004837811836677489e-02
1.007246921832298699e-02
1.008675657231480720e-02
1.009924546671496504e-02
1.009522827250116175e-02
1.008879512849056997e-02
1.009134824002740939e-02
1.008216937216807781e-02
1.008386474064344208e-02
1.008480759479898382e-02
1.008948780263880553e-02
1.009774880188611147e-02
1.009744369617073846e-02
1.008344264089031106e-02
1.008753448902206112e-02
1.009260274350676397e-02
1.012054263830773106e-02
1.012345503540357239e-02
1.013810735046312070e-02
1.015364153029015004e-02
1.016478997608242715e-02
1.018564548740411198e-02
1.017734446994755966e-02
1.019109066277801116e-02
1.020342277206531464e-02
1.022473704303917576e-02
1.023309446524902841e-02
1.024570618547539051e-02
1.024771322917058386e-02
1.026328182888269248e-02
1.028053211927370571e-02
1.028750411802138026e-02
1.030115652845017653e-02
1.032959172222544346e-02
1.032710434097295661e-02
1.035996339184162666e-02
1.036191246809000169e-02
1.036887639169007183e-02
1.038484862198855128e-02
1.040584358968624744e-02
1.042095051463709336e-02
1.043594062931237597e-02
1.045244233281035322e-02
1.048698892852150538e-02
1.050543793494626565e-02
1.051971060901900692e-02
1.054726353402904958e-02
1.055236267372353792e-02
1.055740233966773536e-02
1.056915058620482538e-02
1.059134103025225621e-02
1.059290099128676679e-02
1.061135285778707325e-02
1.061461638997429277e-02
1.062551085708862003e-02
1.065319701463236964e-02
1.066066052084945794e-02
1.068917783633646472e-02
1.070553927148330982e-02
1.073840870514206763e-02
1.073656751019678134e-02
1.074697109541894804e-02
1.073929179443794402e-02
1.075526353986632974e-02
1.074149182365030653e-02
1.076235438758258757e-02
1.075684250460188021e-02
1.078030118201738635e-02
1.079730213661763381e-02
1.080409724147394016e-02
1.082622230470834356e-02
1.081683189671300664e-02
1.081752160387142864e-02
1.082857078172830625e-02
1.082552232985431809e-02
1.083748055857804843e-02
1.084850456269773056e-02
1.084335628395958519e-02
1.084970100352828336e-02
1.086333610845703276e-02
1.086734683738168998e-02
1.088694475394583715e-02
1.088946036806198205e-02
1.090247460098932308e-02
1.092812189101309908e-02
1.094326556847628057e-02
1.094948840773612639e-02
1.097385280041567740e-02
1.098668078896862868e-02
1.098401155903235699e-02
1.098613243070060627e-02
1.099723110198620041e-02
1.101184863537564562e-02
1.103299931404280211e-02
1.103645622923349855e-02
1.104699424741301464e-02
1.106099376521254077e-02
1.107349260000087092e-02
1.108881819509455018e-02
1.111138355309715733e-02
1.112545184793737110e-02
1.112993159226525162e-02
1.114238357241186667e-02
1.114198015356854254e-02
1.116958353273423549e-02
1.115925346649786036e-02
1.116057970425100333e-02
1.116825235711025807e-02
1.116832674636368712e-02
1.117192883950788966e-02
1.118220971853863856e-02
1.119979177701984144e-02
1.121909809294146035e-02
1.122132858252821580e-02
1.123618157421951182e-02
1.123225304266791888e-02
1.124394934702875083e-02
1.124856908259094616e-02
1.125624117871340188e-02
1.126691559134783763e-02
1.127008969815159259e-02
1.126511654455622860e-02
1.128226169229214725e-02
1.128582646945414103e-02
1.129536303029819722e-02
1.131066498763403164e-02
1.130095037770972866e-02
1.130240902932193488e-02
1.131933212350945406e-02
1.133575780562349859e-02
1.135168242964456654e-02
1.135457951897933179e-02
1.134301957704306023e-02
1.134642622275609976e-02
1.135556301936664278e-02
1.136354933425967606e-02
1.136906278378476028e-02
1.140029663035264582e-02
1.138844976667798166e-02
1.139348995263392283e-02
1.139610161324811598e-02
1.140336924396234339e-02
1.140174230019054373e-02
1.140600772952805007e-02
1.141284210795238084e-02
1.140588208101005717e-02
1.139190114257587587e-02
1.140946127593404046e-02
1.142219027145997996e-02
1.143313945085210059e-02
1.142838695358407153e-02
1.142869716337555595e-02
1.144371207696218140e-02
1.145521891226350397e-02
1.146399363463029147e-02
1.147710820181747221e-02
1.148888821920389901e-02
1.148806058258548118e-02
1.147494981005351723e-02
1.147040820755477510e-02
1.148921978788772745e-02
1.148182144629865224e-02
1.148554224895972052e-02
1.147544101820588934e-02
1.147756621134321010e-02
1.148813588576083448e-02
1.148715382430409021e-02
1.149867879152870198e-02
1.150178868120695953e-02
1.149376406636972922e-02
1.150378682193212501e-02
1.151685879422408715e-02
1.151440248999179017e-02
1.152733169616394424e-02
1.153310405392397875e-02
1.156111413502032906e-02
1.155814517141820312e-02
1.156025356282419300e-02
1.157469861291020308e-02
1.156921654004724673e-02
1.159578663499976486e-02
1.159227250947828837e-02
1.160286100998288855e-02
1.162567214720263212e-02
1.165024037194366084e-02
1.163788247126858189e-02
1.164367760270230631e-02
1.165476544228408184e-02
1.164481404427795963e-02
1.165771992027679616e-02
1.166943565438076369e-02
1.168832344625704393e-02
1.168262555339603763e-02
1.171053605671119706e-02
1.169690033133196500e-02
1.174261491918501994e-02
1.174411865932565614e-02
1.174642171422261676e-02
1.175772274070861073e-02
1.177672820117054396e-02
1.178517149506263899e-02
1.178030426346184101e-02
1.178564678807617581e-02
1.177395140399571313e-02
1.180296026935252589e-02
1.181127561346868166e-02
1.181619481025450100e-02
1.182291089733118056e-02
1.185100628686400030e-02
1.187108415777723275e-02
1.189018478455746222e-02
1.188639195127864576e-02
1.191437007670118585e-02
1.192176539489632828e-02
1.192549138354104081e-02
1.190742797561464804e-02
1.193452654655113680e-02
1.193868567391037291e-02
1.194303987445381743e-02
1.194851126684354052e-02
1.196194080013126236e-02
1.196956600241091441e-02
1.197875274725035757e-02
1.198388005829272018e-02
1.198509275800723611e-02
1.198394952130797143e-02
1.198986330699230649e-02
1.200440447610380719e-02
1.200861860667954729e-02
1.201194736908422697e-02
1.203898042733118033e-02
1.203537360227539127e-02
1.201974551663573428e-02
1.202474735842145800e-02
1.202549430155979045e-02
1.202856536196621369e-02
1.202553287778663701e-02
1.204968169971456192e-02
1.206220764800179299e-02
1.206973805300733636e-02
1.208934638374566627e-02
1.206617345441069952e-02
1.208175103731319242e-02
1.210121066141181881e-02
1.208720946938914367e-02
1.209306068334463011e-02
1.208501702512141188e-02
1.209723203672732547e-02
1.211713330502332472e-02
1.211964011296982890e-02
1.212682589513562614e-02
1.214180383089761249e-02
1.215754049315222358e-02
1.216678146776222283e-02
1.216090756835369949e-02
1.217319877331111966e-02
1.218471791300603478e-02
1.218551342439039634e-02
1.219442253964398738e-02
1.221554216835172776e-02
1.220906141829419464e-02
1.221668100535562053e-02
1.221589594142971115e-02
1.219368802613087291e-02
1.219285062467159210e-02
1.220627046634200664e-02
1.222046608886653146e-02
1.223857361613461814e-02
1.224765776351728445e-02
1.224721670284951644e-02
1.226593592279094126e-02
1.226262561122669868e-02
1.226227022396432845e-02
1.226276728447846069e-02
1.225556705778858314e-02
1.225301849230392252e-02
1.226717291407985674e-02
1.227763406418599414e-02
1.228663448451859479e-02
1.228174963378201971e-02
1.226108947071076136e-02
1.226698364002492235e-02
1.227706841372745196e-02
1.227536520602077151e-02
1.226925495177236605e-02
1.228227403369596717e-02
1.227366971410852152e-02
1.228344165798806766e-02
1.228946630233508121e-02
1.228449045739998802e-02
1.227965115622566862e-02
1.228307880208730392e-02
1.228905638143052738e-02
1.228319720359203823e-02
1.230938307479759360e-02
1.231713767264790496e-02
1.231966025980438251e-02
1.234820726794620335e-02
1.235250199190494197e-02
1.236165133978944786e-02
1.235509126323734198e-02
1.235661752298233655e-02
1.236865759716433873e-02
1.238263559081684111e-02
1.237907710079091603e-02
1.238235112975610668e-02
1.238752370383493229e-02
1.238648768549523334e-02
1.239464119170872493e-02
1.239694102293263656e-02
1.242229012779203813e-02
1.242813162668772280e-02
1.243442137013162779e-02
1.244232853305651983e-02
1.243075116485227449e-02
1.243977884195460182e-02
1.244984619281963058e-02
1.245161599806531710e-02
1.245931075702217533e-02
1.246260142793376158e-02
1.245561354416259599e-02
1.247329187789741368e-02
1.246867055250428478e-02
1.248558718350382436e-02
1.249033738073181132e-02
1.249725718437419766e-02
1.250042061238610357e-02
1.250132307189340090e-02
1.251178557545895229e-02
1.252178673953540343e-02
1.252552554476551484e-02
1.253397587739534143e-02
1.253646941001095375e-02
1.254960650165697772e-02
1.256138559716818252e-02
1.256972399287361805e-02
1.256295878606726417e-02
1.256659113589574973e-02
1.257710833527621828e-02
1.258340260504713960e-02
1.259671588441534443e-02
1.261406081055099597e-02
1.262962172999845638e-02
1.264870178009746063e-02
1.264149263565530167e-02
1.264028501193385952e-02
1.262036275752070891e-02
1.260267733773104762e-02
1.260551574568620839e-02
1.262187872908077449e-02
1.262237282455663627e-02
1.261712515501888128e-02
1.261349022321404077e-02
1.262536514932620889e-02
1.262628474039233575e-02
1.263244453115806160e-02
1.262451722375176714e-02
1.264986281352104870e-02
1.265847827564822552e-02
1.268294377650117447e-02
1.268353013616132022e-02
1.269050550680992859e-02
1.269422626869812394e-02
1.270243897664519866e-02
1.272127911344966833e-02
1.272934630146980994e-02
1.272574280295320735e-02
1.274318434323313404e-02
1.274351128489842680e-02
1.276931998142277584e-02
1.277093478256684754e-02
1.277312521040748286e-02
1.275692847025557998e-02
1.276853537634373495e-02
1.276402825080439132e-02
1.275657796256729135e-02
1.276494421918239822e-02
1.277909312242570157e-02
1.279217135874496751e-02
1.277967096557878351e-02
1.277255576490898478e-02
1.276431035286813148e-02
1.275426612152884449e-02
1.275373247023744647e-02
1.276256972994512309e-02
1.276556407101333418e-02
1.276724532434400476e-02
1.277063920345104624e-02
1.277429947057119250e-02
1.279321048211911477e-02
1.279394947488229732e-02
1.280556110909795466e-02
1.280689984429859984e-02
1.282343070048845915e-02
1.281831261425331325e-02
1.283142612654731077e-02
1.284317418427257003e-02
1.285160614308402012e-02
1.283939351021473781e-02
1.285121903057247390e-02
1.285950616279271826e-02
1.284431988825322953e-02
1.285739966232431891e-02
1.285971216821589318e-02
1.286343253611767039e-02
1.287120310859024043e-02
1.287091882671448882e-02
1.287138795841961773e-02
1.286707545965490307e-02
1.287441797787195613e-02
1.287923125602153870e-02
1.290113237531739787e-02
1.290028092031979268e-02
1.289513509285394877e-02
1.290298165622404646e-02
1.290303579941941108e-02
1.291780112211173004e-02
1.290937509335199004e-02
1.290505203285590569e-02
1.291664796353795934e-02
1.293173222298007671e-02
1.293421423054609901e-02
1.294664636861872498e-02
1.293980159340502208e-02
1.294675536167195704e-02
1.294759947681404198e-02
1.297122904111409555e-02
1.297834397012054622e-02
1.298503283753028696e-02
1.297941767971222751e-02
1.300150303626200661e-02
1.301359907381490974e-02
1.300336698830950079e-02
1.301546961143588282e-02
1.302550410634041589e-02
1.303462236191263966e-02
1.302529837422618762e-02
1.303602387686617591e-02
1.303051976672974475e-02
1.303627317455034913e-02
1.304768070121993181e-02
1.303949470373608546e-02
1.305077725241373700e-02
1.307713735059968380e-02
1.308043514020186884e-02
1.307820122150300281e-02
1.307578790368242247e-02
1.308153051835754359e-02
1.307199893293740228e-02
1.308505807306819396e-02
1.311388500570047876e-02
1.313428834957852502e-02
1.314036781508154568e-02
1.315746159178136400e-02
1.316783220624409730e-02
1.317349455420147551e-02
1.315583076556496415e-02
1.316672373659496034e-02
1.318663109464985120e-02
1.319335620926988771e-02
1.320861403402417457e-02
1.322453309637569227e-02
1.321339215858798218e-02
1.320919687308552172e-02
1.321040965720722722e-02
1.322799111155634200e-02
1.322634658093036278e-02
1.321389006696040667e-02
1.321447400966157572e-02
1.319943252948281576e-02
1.321537635543288368e-02
1.321969773015003319e-02
1.321788084073346678e-02
1.320472618760720404e-02
1.319444904083158510e-02
1.318761878204073243e-02
1.318458618747772593e-02
1.320340844613920005e-02
1.319585694094077208e-02
1.319367030432178241e-02
1.321009906108273554e-02
1.319649858520324619e-02
1.322160526523308462e-02
1.323947041048943209e-02
1.324152347104090056e-02
1.324137492118692382e-02
1.325112790362841138e-02
1.325871275151905941e-02
1.326976822049024535e-02
1.327386374839853618e-02
1.327902743261860120e-02
1.328357828861744666e-02
1.330456753610153621e-02
1.329675694209961345e-02
1.329316515656099942e-02
1.330576983703205332e-02
1.331110283185132567e-02
1.332458018803972175e-02
1.332691806777407291e-02
1.333351055104130961e-02
1.334127949702338875e-02
1.335757312454635345e-02
1.335211012415186971e-02
1.335197747373645036e-02
1.334850109904180647e-02
1.334144140823176686e-02
1.335636105990728115e-02
1.335748971200253002e-02
1.338490757198101087e-02
1.339528839783240242e-02
1.339307647337171191e-02
1.341329173771604356e-02
1.340055368100759661e-02
1.339384106420272481e-02
1.341897013426525918e-02
1.341395148963892003e-02
1.342604779525782138e-02
1.343342744234170792e-02
1.342593264529530137e-02
1.342448567228262182e-02
1.343117382002308180e-02
1.342367140901955073e-02
1.343765620510684392e-02
1.345135434607678225e-02
1.344791456841258614e-02
1.344341507989239848e-02
1.346496033737730989e-02
1.344951751108702798e-02
1.345919972828877285e-02
1.345821997014825383e-02
1.347219396213520867e-02
1.345683210983568412e-02
1.346015272706264747e-02
1.346943002406974371e-02
1.348349561292554698e-02
1.347036201142155949e-02
1.349419848515022620e-02
1.348741937356886730e-02
1.350837372847068195e-02
1.351987513860241664e-02
1.353562782804399942e-02
1.354474525448069039e-02
1.355816367168911213e-02
1.355778303996215198e-02
1.356761906831821518e-02
1.357194749279227487e-02
1.357353185838893785e-02
1.358484644690420920e-02
1.358882220656595051e-02
1.358226624940576423e-02
1.359544368546824512e-02
1.360439323157272735e-02
1.362056028932575637e-02
1.362063647275223686e-02
1.361710426022016279e-02
1.362995786106528835e-02
1.361586938000490868e-02
1.363220063387612577e-02
1.364141504153094930e-02
1.363989431523850854e-02
1.364490427619220736e-02
1.364240651396662375e-02
1.365633226846245905e-02
1.367102071070614919e-02
1.366210270367880682e-02
1.367599162092665750e-02
1.368346614136711770e-02
1.367069523685394104e-02
1.367806939179621456e-02
1.368800009782487372e-02
1.367760289401457295e-02
1.366603841884355200e-02
1.368420545484690977e-02
1.369337964689152677e-02
1.369570455880291145e-02
1.369819822664851069e-02
1.369806908070481978e-02
1.370729221548619599e-02
1.370595505475021535e-02
1.371204033270922128e-02
1.373233946176705654e-02
1.374624523984725386e-02
1.374946869527360858e-02
1.374104827123705935e-02
1.375984347408434026e-02
1.375407832346235877e-02
1.376437419584832129e-02
1.377054448792892384e-02
1.378425644931039439e-02
1.378870049088025407e-02
1.378783901822101983e-02
1.380267894207017586e-02
1.381913160404023289e-02
1.382153674216199737e-02
1.381245584453258748e-02
1.383135097777831064e-02
1.385264178518722487e-02
1.384278870986870372e-02
1.384871285339055874e-02
1.384544101132152184e-02
1.386288184753720412e-02
1.388231584146580079e-02
1.389587617374841468e-02
1.389164757128577565e-02
1.389397146404331741e-02
1.386641379659019936e-02
1.388382288569155014e-02
1.386377394326981927e-02
1.387472516513585039e-02
1.388410764041712354e-02
1.388204802160915644e-02
1.389521802970611515e-02
1.390414997819322540e-02
1.391140561208933056e-02
1.392487492371175146e-02
1.392437493898402573e-02
1.392100349945596914e-02
1.394671259296534349e-02
1.394027649837668338e-02
1.394880500964431995e-02
1.394521498091218399e-02
1.396318065778474199e-02
1.396276756834373411e-02
1.399645265194862653e-02
1.398751353309898859e-02
1.399316956767217984e-02
1.400706844265396656e-02
1.400391521015945454e-02
1.400870565048439702e-02
1.401799303785350448e-02
1.402887081323887786e-02
1.403735081218186222e-02
1.403794521909582094e-02
1.403922029776260086e-02
1.404200821333300396e-02
1.404796944322637964e-02
1.406165829474987673e-02
1.405209635689791924e-02
1.405506882716333304e-02
1.408393732597439107e-02
1.409597895884329329e-02
1.409149496401053067e-02
1.410639469946789806e-02
1.412104180165512680e-02
1.412961529352956512e-02
1.413973453019741824e-02
1.413901882759658647e-02
1.414883419707351625e-02
1.414200178926038748e-02
1.415781512232328239e-02
1.415072646667766068e-02
1.416339641212835572e-02
1.416268201092395901e-02
1.415881553401872328e-02
1.415112738672464308e-02
1.416263513605921405e-02
1.415303538157242254e-02
1.415219416460126133e-02
1.415357309634442985e-02
1.417352158791857115e-02
1.418416949383168209e-02
1.421370924920235812e-02
1.422493568623988368e-02
1.422106598224375136e-02
1.422271746203484372e-02
1.422926297662090341e-02
1.424006469795768316e-02
1.424380517194022248e-02
1.424752333606855298e-02
1.424916074442856423e-02
1.425808716739999232e-02
1.426164418156587385e-02
1.427108289784567718e-02
1.427687818489435483e-02
1.428740636907483569e-02
1.427225593327275006e-02
1.429332754276648777e-02
1.429900119166984535e-02
1.432814977270190082e-02
1.431624511883099367e-02
1.431088061180321204e-02
1.430835239593034741e-02
1.430531700266214623e-02
1.431003727647139033e-02
1.430093533501798977e-02
1.431009800149465362e-02
1.431692816805591600e-02
1.433164729109636347e-02
1.433485426061000337e-02
1.431896603346391288e-02
1.431390997038899451e-02
1.431671279171989851e-02
1.431417793048727141e-02
1.432320844871092826e-02
1.432705820745835447e-02
1.434172051142190707e-02
1.435575111438219288e-02
1.437233817243154660e-02
1.437778878145685134e-02
1.437163637506059383e-02
1.438079563527704455e-02
1.437511558363722096e-02
1.437604494138522253e-02
1.439920386396449994e-02
1.441492663796527587e-02
1.441933285641611856e-02
1.441989535698474413e-02
1.441951136318958028e-02
1.441184377061456579e-02
1.442271273571509721e-02
1.443836892693508775e-02
1.442793250911315536e-02
1.443190919586402089e-02
1.443406481959935359e-02
1.443718192506120504e-02
1.444459395840969745e-02
1.445504850209259305e-02
1.444878176629942231e-02
1.445366805844242562e-02
1.444788068175348675e-02
1.445410481135418063e-02
1.445538929705714182e-02
1.446589395387468113e-02
1.445966580359360834e-02
1.446508510301616063e-02
1.446088928181889395e-02
1.447283835178755744e-02
1.447309857216967990e-02
1.447278331444835225e-02
1.447012797011260586e-02
1.448562541827727590e-02
1.449072911921328415e-02
1.448451409216679198e-02
1.449586346753834604e-02
1.449994783916787669e-02
1.451942435003870588e-02
1.451016347144619065e-02
1.451777428474303709e-02
1.452641465268692152e-02
1.452739053684929706e-02
1.453394113103938234e-02
1.452591723393895778e-02
1.453673827254463660e-02
1.454165177022570185e-02
1.453045960534081818e-02
1.453942900708360061e-02
1.454223372784321441e-02
1.455941858229267173e-02
1.456942155069962906e-02
1.456385303075785620e-02
1.457271060749526850e-02
1.457827558374443985e-02
1.458390687857372831e-02
1.457254501089947328e-02
1.457017683068177229e-02
1.457023224595855627e-02
1.456946699936738192e-02
1.458080500257591394e-02
1.457476099678640946e-02
1.457782131225207091e-02
1.455857336486305470e-02
1.456971700608743897e-02
1.457474879437001443e-02
1.457768301813291631e-02
1.459404221742325279e-02
1.459861364184067423e-02
1.459481919063904815e-02
1.459856205870644318e-02
1.461313475677019323e-02
1.461258765977439464e-02
1.461742944580385513e-02
1.461507693526729185e-02
1.463581638171835772e-02
1.464704134061818770e-02
1.465076802756838138e-02
1.467332374904643279e-02
1.467928523439185166e-02
1.469967687569957021e-02
1.468761039045544080e-02
1.468686265083364584e-02
1.470064065934661469e-02
1.470568287270841365e-02
1.469954684277332592e-02
1.470072973508088771e-02
1.470498308072960142e-02
1.470921158681184372e-02
1.471520093654733047e-02
1.471959331923777294e-02
1.471642580253013435e-02
1.472983783492166389e-02
1.473227306019503878e-02
1.473430052806082649e-02
1.474107781831091729e-02
1.474453091917570825e-02
1.474514553320812812e-02
1.473979807366830597e-02
1.474057859848112821e-02
1.474953935638131930e-02
1.475907020335381903e-02
1.478629814236854904e-02
1.476930836725745717e-02
1.478529736420248868e-02
1.478035033298122879e-02
1.479158502628814993e-02
1.481662054317873199e-02
1.483101285526756963e-02
1.484057917550776415e-02
1.485492919848792857e-02
1.484823985985246099e-02
1.483220250738293174e-02
1.484471690634121821e-02
1.483752611750212974e-02
1.483456978709844255e-02
1.482060544136137512e-02
1.482166342954550735e-02
1.482713750170720074e-02
1.483418053218663220e-02
1.484211803107844674e-02
1.484088935330443552e-02
1.484719694494951968e-02
1.486014602193086974e-02
1.486556851934655449e-02
1.488512951578057145e-02
1.490359450679907237e-02
1.490574708130211999e-02
1.491518626881885821e-02
1.491779562182308887e-02
1.492188956904209191e-02
1.493438219348424897e-02
1.493878858329409157e-02
1.493956525938823672e-02
1.494299545111544766e-02
1.495330578897730717e-02
1.495816603972885926e-02
1.496369653863774407e-02
1.497518979423998961e-02
1.497870403726437628e-02
1.499441279247589777e-02
1.499138644456985726e-02
1.500452451453712470e-02
1.501883687890214966e-02
1.502204202666242508e-02
1.504224075518730344e-02
1.503579116645111652e-02
1.504293505362564939e-02
1.505060063155117672e-02
1.506364723393756148e-02
1.505112203401331832e-02
1.503497250185978525e-02
1.505689233458597058e-02
1.505704394704906503e-02
1.505830420728743006e-02
1.504480287917538822e-02
1.504637286581428889e-02
1.503589145160380905e-02
1.505668456245326699e-02
1.505433119029737227e-02
1.505393312631900758e-02
1.504583088507423054e-02
1.505249751857369589e-02
1.507234657976446422e-02
1.508238219466054644e-02
1.509040923485855529e-02
1.508085004215796443e-02
1.510336790080834407e-02
1.510785326125970753e-02
1.512736771414379192e-02
1.512560339509575608e-02
1.512846383796991739e-02
1.513008602137318019e-02
1.515604505851888932e-02
1.515052930523462342e-02
1.515221896895403188e-02
1.514822887056557418e-02
1.517159722732511380e-02
1.517767619353505883e-02
1.515025225065396060e-02
1.515885868115144676e-02
1.516108368214962379e-02
1.517374325559556550e-02
1.518038545631862114e-02
1.518481654442011171e-02
1.518678242547242575e-02
1.518141074410331998e-02
1.518961485285821519e-02
1.521092300289680899e-02
1.521998522014225350e-02
1.523194460867241529e-02
1.523302456903685882e-02
1.523753697267989961e-02
1.523266650398547202e-02
1.523819792908598023e-02
1.523317037692549850e-02
1.527087912136497819e-02
1.526187880413322311e-02
1.527988517712781241e-02
1.528553127547928152e-02
1.529737347547736361e-02
1.529400300633703205e-02
1.530507377959134697e-02
1.530618318189859960e-02
1.529862942885959302e-02
1.530911857823897236e-02
1.530497910318020204e-02
1.530140449972008758e-02
1.530148490239922020e-02
1.529899626518884011e-02
1.529777372800658446e-02
1.529439926789019286e-02
1.529014879265319996e-02
1.528060029628210310e-02
1.527699504454962422e-02
1.528778482311728831e-02
1.529920480818885986e-02
1.530602023079558061e-02
1.530893826475584335e-02
1.530712875735078943e-02
1.530063062834347877e-02
