3.938089569531641118e-03
3.938089569531641118e-03
3.361676161196780824e-03
3.134391005189681844e-03
2.812273606438627730e-03
2.603791203279224881e-03
2.444809116990392679e-03
2.324011500823379688e-03
2.236316086593570333e-03
2.152413139445895525e-03
2.082379225823809826e-03
2.028534392700837366e-03
1.974193045377607876e-03
1.924728867398998013e-03
1.886114661181726273e-03
1.854515777767200627e-03
1.818676791939703241e-03
1.780384557368429712e-03
1.747588962687045104e-03
1.717733512635996303e-03
1.687297021102132991e-03
1.662546194618834926e-03
1.642802950432878948e-03
1.620939976025956080e-03
1.598185981410185771e-03
1.573299138421216554e-03
1.546993927080521488e-03
1.524937232189774866e-03
1.503813819434631806e-03
1.486826888248436295e-03
1.473705757033330621e-03
1.456732405766221917e-03
1.438256807874999706e-03
1.425501767831583930e-03
1.411464642118657586e-03
1.394829526015083695e-03
1.380420128685116857e-03
1.366040634064934244e-03
1.351930433917177031e-03
1.340350404501073180e-03
1.330888719362078925e-03
1.325113495264329489e-03
1.319004902170695711e-03
1.314293075405699061e-03
1.312345871040359550e-03
1.310254264409373365e-03
1.302400098048833591e-03
1.296051036047860113e-03
1.293687675988215019e-03
1.292091379547249085e-03
1.290485477440096208e-03
1.288197298262968617e-03
1.289509739235858172e-03
1.291628375327332759e-03
1.290898344681579895e-03
1.291407743662367422e-03
1.292701202178878290e-03
1.289729753592820183e-03
1.279731685366725059e-03
1.277046616891934884e-03
1.265478295982349092e-03
1.266428776760213006e-03
1.261219408092389581e-03
1.258531117924888837e-03
1.262716608175827723e-03
1.261441049521397047e-03
1.258776767255172886e-03
1.270039571660203700e-03
1.258913090081841468e-03
1.294048499629691035e-03
1.280802081304602096e-03
1.325695107541626644e-03
1.373151301364797239e-03
1.410235265705693910e-03
1.534381475057566011e-03
1.778293139504688418e-03
2.206647731198584268e-03
2.608682199219051166e-03
2.563481917944668460e-03
2.606966746396870583e-03
2.785331722885382028e-03
2.919219106288296547e-03
3.002741029817276863e-03
3.030228092038136489e-03
3.153257479705694893e-03
3.095758257774955998e-03
3.015387840451463648e-03
2.921292460034468231e-03
2.987364326689939155e-03
3.074137871028165617e-03
3.097758638494822921e-03
3.074808870601048339e-03
