3.967177345828656193e-03
3.967177345828656193e-03
3.692954791330191507e-03
3.552406874440194873e-03
3.357908191358553295e-03
3.211426914955749484e-03
3.072617603033118375e-03
2.985259480125907437e-03
2.875345965015009813e-03
2.791899513526272317e-03
2.705927884154470456e-03
2.644447742159835180e-03
2.585748091083142457e-03
2.527753360912393926e-03
2.467256678201312520e-03
2.410626707625319800e-03
2.369416324934363761e-03
2.309550460635547125e-03
2.265617526388311997e-03
2.219207890363374559e-03
2.182674865629820760e-03
2.145341390802183845e-03
2.115280734923839431e-03
2.091853814698806536e-03
2.066761014363648150e-03
2.029451751324171105e-03
1.998641950126446489e-03
1.972419441337057173e-03
1.952462436739875896e-03
1.944481666496111630e-03
1.922476819381485191e-03
1.911878835854697841e-03
1.885642504335868731e-03
1.870242961458229696e-03
1.851277184351090297e-03
1.837751688141027332e-03
1.818204014807585410e-03
1.814046579147669857e-03
1.793755848784125842e-03
1.773873644620665253e-03
1.762517038888814598e-03
1.749824058478196978e-03
1.745736978117432220e-03
1.724019418952837512e-03
1.714360982891452966e-03
1.690873462632609160e-03
1.685365163723236007e-03
1.671871516338255042e-03
1.654148649191801478e-03
1.646184805476510115e-03
1.629569045669106934e-03
1.617325121616878213e-03
1.599180952806834042e-03
1.600042962906872814e-03
1.587587688336710877e-03
1.580383737733865191e-03
1.579465935282724914e-03
1.565704489379992704e-03
1.564988778313386843e-03
1.559217108946541787e-03
1.557903773657475996e-03
1.553093686449364330e-03
1.535847470967548938e-03
1.524745351085115283e-03
1.515741512937736693e-03
1.505203903181435770e-03
1.495690121716964022e-03
1.485958741170128857e-03
1.481398499325531750e-03
1.479928655625504987e-03
1.467994821836644337e-03
1.462187952398050824e-03
1.462639109546882152e-03
1.449457075902062979e-03
1.452180878604615892e-03
1.440622475588196555e-03
1.439432619876716835e-03
1.437985136192052992e-03
1.429512170114820855e-03
1.417403848123275191e-03
1.413674735513876764e-03
1.406910047881918197e-03
1.400228385180414580e-03
1.397595294061949878e-03
1.390350588579868487e-03
1.382825939065870707e-03
1.378310972558410320e-03
1.376603594788462304e-03
1.367943957721831465e-03
1.358590728929101338e-03
1.364813661589942429e-03
1.357198790513337080e-03
1.356564210330702498e-03
1.348729319142911434e-03
1.343290540910817678e-03
1.339583181207338290e-03
1.340376487121640878e-03
1.336496024763647898e-03
1.337117434830534289e-03
1.336539795684429672e-03
1.331149314779994392e-03
1.332862946161717747e-03
1.332370848806995215e-03
1.333821700534150879e-03
1.333061469817430371e-03
1.313995452715021814e-03
1.323308577170717506e-03
1.321587294747593672e-03
1.323194973574393172e-03
1.319030947322297545e-03
1.315934808468059367e-03
1.325150998534049048e-03
1.319829926768024747e-03
1.322340595941649518e-03
1.326084141368025302e-03
1.322389226602434719e-03
1.318955685372764095e-03
1.326233889728078118e-03
1.330070906491691426e-03
1.327324789855680162e-03
1.329569029339292777e-03
1.332401556139162484e-03
1.336097927701991031e-03
1.338152937150302460e-03
1.329155684164129480e-03
1.343501363740989786e-03
1.337339486951187161e-03
1.335827544032449450e-03
1.342701672620769809e-03
1.329484305421251792e-03
1.342138499469069284e-03
1.344620605671656205e-03
1.330411331000374339e-03
1.340424697214014169e-03
1.336098301981851824e-03
1.342971895613920361e-03
1.343695740570630646e-03
1.346372578550518017e-03
1.350394833116497001e-03
1.345573862514762385e-03
1.352186015169687568e-03
1.352220625283143953e-03
1.357782931685497935e-03
1.365191935766348714e-03
1.357353386152718253e-03
1.373815451385627896e-03
1.369866069062676550e-03
1.370182891243834980e-03
1.376520413799362397e-03
1.372433070685594040e-03
1.373483303913987721e-03
1.363993375818885970e-03
1.369270043155819535e-03
1.364587234476904044e-03
1.372263995197491992e-03
1.366752055869350536e-03
1.374559227566884848e-03
1.379880116243079827e-03
1.375564632614112697e-03
1.378358576781465355e-03
1.373343025225046620e-03
1.373493423697287911e-03
1.379896699579901851e-03
1.381665722629281303e-03
1.384684288754625204e-03
1.385206054666896815e-03
1.384439131533959835e-03
1.387926159303237098e-03
1.395162083902232088e-03
1.398480071599157498e-03
1.398120919021611725e-03
1.408659383836792685e-03
1.413608497415748790e-03
1.419557064448151353e-03
1.411946091510900064e-03
1.417845504232430809e-03
1.416450131700459870e-03
1.419546739120858096e-03
1.418281500274071270e-03
1.413580486335568173e-03
1.413843102444940032e-03
1.413257230937591761e-03
