3.967177345828656193e-03
3.967177345828656193e-03
3.628916942888979393e-03
3.521829185122881192e-03
3.265728240484406988e-03
3.164997792532474666e-03
3.035238804641781155e-03
2.977094672921010588e-03
2.866638408901056156e-03
2.826412467345620905e-03
2.743472603969300191e-03
2.713695147651978227e-03
2.659669099207062626e-03
2.623692131931230648e-03
2.590694554703132108e-03
2.560550187581915257e-03
2.529093349912391649e-03
2.482807319119684306e-03
2.478394604273587848e-03
2.440610602743305095e-03
2.442494622777073750e-03
2.410479994633982041e-03
2.430168455985268986e-03
2.437573424952061991e-03
2.409809831632570704e-03
2.450926605638439545e-03
2.428307444099022955e-03
2.437343137476980989e-03
2.431895145327645207e-03
2.443197888495870010e-03
2.455376356126921789e-03
2.461968437058780802e-03
2.498044847831300437e-03
2.512741695603460008e-03
2.543717915308378163e-03
2.655847890448439184e-03
2.596178957836391566e-03
2.744973559480069422e-03
2.765228935098612909e-03
2.852086648476886976e-03
2.967944329946304791e-03
3.175369253391177333e-03
3.185774497234265638e-03
3.260595404891951810e-03
3.267117175332101206e-03
3.364965819385141478e-03
3.401376045835251619e-03
3.528602952640405403e-03
3.497131346832101344e-03
3.492760485824248588e-03
3.541783714868117564e-03
3.610085473583061512e-03
3.604941804031305472e-03
3.542913958048067059e-03
3.543472010165101167e-03
3.557613314305206696e-03
3.658212936578391760e-03
3.773598602120405154e-03
3.896867880990025762e-03
3.929662404945927050e-03
3.930613607683695367e-03
4.000470510208620906e-03
4.018419993123794644e-03
4.031477254287549675e-03
4.127651091952725358e-03
4.229533588396342664e-03
4.345802798488776139e-03
4.496812884425501790e-03
4.622642502851177955e-03
4.870668572998777639e-03
5.183200118411197301e-03
5.385578218010512661e-03
5.563688410081995064e-03
5.602689527364933947e-03
5.921007929238008421e-03
6.122806549997080600e-03
6.248316938065771181e-03
6.564500206835876574e-03
6.793146487445419004e-03
6.766070904594587501e-03
7.046594864573511516e-03
7.178250869970364580e-03
7.374356362430568509e-03
7.448177707152276242e-03
7.763402417298688636e-03
8.059559729758887861e-03
8.161705140089308211e-03
8.360034761061703804e-03
8.589068044369535873e-03
8.724201175158891736e-03
9.120461138287841094e-03
9.396948076927962717e-03
9.657602634584134746e-03
9.755327572066527231e-03
9.964618193365241960e-03
1.013686436505880327e-02
1.042432073309663455e-02
1.075718058878056410e-02
1.113923795100393334e-02
1.138724184590693932e-02
1.152125192786422787e-02
1.215864234258003974e-02
1.228937322657805767e-02
1.254488781315315701e-02
1.273940216620114869e-02
1.295318956995778793e-02
1.318819694585113451e-02
1.332641471538395343e-02
1.357166256164834238e-02
1.365448334874296531e-02
1.400856546043603365e-02
1.426567654288409329e-02
1.443598814420878930e-02
1.463525736213482954e-02
1.487992723647018484e-02
1.511876838794701597e-02
1.529685750130003324e-02
1.552788676157634828e-02
1.586983960412931619e-02
1.643110401771331192e-02
1.677543452654280814e-02
1.691625161129943489e-02
1.724229008932731330e-02
1.717673784583729699e-02
1.742131812082273884e-02
1.762991978552116284e-02
1.776723825491173872e-02
1.830107678851417008e-02
1.838338297795769419e-02
1.856949712544547076e-02
1.899919393180107136e-02
1.909280196249278291e-02
1.935660035475578189e-02
1.973064385775108801e-02
2.003495320946884622e-02
2.040611419845510949e-02
2.074051658324760003e-02
2.102050683264718514e-02
2.119200346050599537e-02
2.157640690179444404e-02
2.208129603646714900e-02
2.208885653166022672e-02
2.255168059123342783e-02
2.284538791563202331e-02
2.308774503754590715e-02
2.319939453337312857e-02
2.370543103192920137e-02
2.393125388614545865e-02
2.433407952933158702e-02
2.476129095956610890e-02
2.483266757790927523e-02
2.505973559539423703e-02
2.526279496495210594e-02
2.536951995200173102e-02
2.593279407872103523e-02
2.613668273152464083e-02
2.620604446765577994e-02
2.662546065113989904e-02
2.677130927751690190e-02
2.708939176033139939e-02
2.738417495267727805e-02
2.750813023212295497e-02
2.776663584654025935e-02
2.801278175869159962e-02
2.825742423006763135e-02
2.836640491236309264e-02
2.869199671008115793e-02
2.893615722208665864e-02
2.908039966395857198e-02
2.940058737473667458e-02
2.955046353372317580e-02
2.985132506196467445e-02
3.005960494676733485e-02
3.048598863556800653e-02
3.078424125563088143e-02
3.124026106211028400e-02
3.150501028783064122e-02
3.155327823753569655e-02
3.193265028285562079e-02
3.218004250200350025e-02
3.247193675233769894e-02
3.234690014143349474e-02
