3.970125283118863986e-03
3.970125283118863986e-03
3.881711984066618052e-03
3.834418181301699809e-03
3.764279258512537914e-03
3.713902822847497433e-03
3.664783286541683192e-03
3.618657753050807425e-03
3.572235627152571188e-03
3.526945473045481772e-03
3.480345314356132844e-03
3.441795218709288191e-03
3.404612912463724807e-03
3.365398294915413618e-03
3.335219927291269756e-03
3.305836132478297360e-03
3.271307510708934118e-03
3.234875839328702363e-03
3.205221353247732566e-03
3.174811657106473006e-03
3.143276935128907872e-03
3.112964768635618877e-03
3.085467730537881648e-03
3.059572814763933824e-03
3.032820143468426682e-03
3.006076349756754262e-03
2.979979031044076819e-03
2.956535012841864877e-03
2.932533167553108729e-03
2.909423371878501474e-03
2.884446967605396994e-03
2.864211464631974142e-03
2.844497769885949781e-03
2.823863402441508311e-03
2.801916807207247007e-03
2.784717179866529578e-03
2.762439664657662022e-03
2.742735799107038838e-03
2.721420027935648588e-03
2.701944031150645825e-03
2.681076333458036042e-03
2.661418160481278904e-03
2.638750115049666879e-03
2.621379101369040402e-03
2.602357235161526991e-03
2.585423023486003828e-03
2.567790192078624190e-03
2.551363261634696615e-03
2.534075832436445512e-03
2.514467235906256166e-03
2.494241278480021067e-03
2.476243172461886719e-03
2.460854946998762127e-03
2.445315202203854777e-03
2.430156090396063187e-03
2.416518936397782542e-03
2.398955387166230857e-03
2.383862097987063389e-03
2.370275560148561028e-03
2.352287828250014794e-03
2.335750448969495848e-03
2.322285523950225975e-03
2.309742919934148434e-03
2.294935185334592842e-03
2.282711193930018513e-03
2.269067160474582019e-03
2.258284179683310491e-03
2.247677333972662901e-03
2.237627907903041655e-03
2.224999975275940376e-03
2.214874884451119470e-03
2.204425867426293862e-03
2.193731315075891138e-03
2.179188733707110564e-03
2.167100571077282614e-03
2.154504241712681782e-03
2.143254534881620585e-03
2.131369712462291132e-03
2.118958614112611671e-03
2.109592796858413000e-03
2.097818548124982460e-03
2.086441103502601098e-03
2.074173792356565245e-03
2.064517785693372430e-03
2.053514429460667756e-03
2.043773010516431506e-03
2.032206482048479201e-03
2.021287556633308540e-03
2.013042793154740280e-03
2.003131631996957814e-03
1.996190968533889925e-03
1.988058098904876489e-03
1.979228431853269268e-03
1.971685245560670253e-03
1.963204310073858594e-03
1.954163694083687740e-03
1.945038758033175788e-03
1.934733216826237633e-03
1.928407777990252770e-03
1.918521385161333455e-03
1.908621926524996367e-03
1.902857748552504473e-03
1.894257898732294634e-03
1.886972330740263517e-03
1.879416396687602327e-03
1.872885497969391765e-03
1.864825622432840155e-03
1.855917204741666876e-03
1.847690788259702442e-03
1.841411645293984526e-03
1.834262900512817008e-03
1.827976419593376140e-03
1.821538020312313396e-03
1.815720733831860346e-03
1.808319392568957448e-03
1.801783733559365755e-03
1.796272602036256150e-03
1.789573521588998586e-03
1.781090166171312534e-03
1.772988331821375579e-03
1.766542124286396998e-03
1.760446870383134636e-03
1.753931133055764563e-03
1.746647852150762757e-03
1.740390579997327372e-03
1.735499399637730400e-03
1.730706026012420557e-03
1.723785326804084476e-03
1.718627696003184255e-03
1.711948496405050557e-03
1.706167534715422301e-03
1.699457307045701285e-03
1.693749699166092245e-03
1.687353671287239497e-03
1.683914355720979479e-03
1.678039585900466908e-03
1.673925442518977777e-03
1.669798037191399381e-03
1.663792462075400387e-03
1.657302825516072855e-03
1.651443233560221996e-03
1.647617691150836091e-03
1.640823840421110329e-03
1.635312000170525363e-03
1.629745295886933379e-03
1.624747951837201458e-03
1.619987378440531766e-03
1.617445267030713854e-03
1.612774566036579565e-03
1.608940635613405768e-03
1.603298969243084193e-03
1.598749522931047643e-03
1.594650543221485129e-03
1.590759643281893648e-03
1.587341646661637792e-03
1.581430124737263909e-03
1.577955833214694532e-03
1.575118320528541994e-03
1.571450244507440397e-03
1.568407640044780157e-03
1.564636206096565486e-03
1.559887852696069605e-03
1.556684119026173485e-03
1.553532761211932293e-03
1.551212966138427020e-03
1.548973442117192612e-03
1.545305014199989781e-03
1.541832189503581372e-03
1.537704633074966345e-03
1.534631733010126398e-03
1.529129646886297298e-03
1.525528951653797602e-03
1.519773952225344019e-03
1.514463848996291419e-03
1.510986590955562666e-03
1.509244712729371262e-03
1.504793518842985215e-03
1.501855278207543665e-03
1.497064605359736938e-03
1.492463847266404684e-03
1.488442698039884769e-03
1.482995993620964126e-03
1.478830763405538425e-03
1.475581325646861588e-03
1.470939869735375400e-03
1.465790131414658470e-03
1.463330437705231100e-03
1.460561127664871273e-03
1.456422596507345874e-03
1.452475304435543561e-03
1.449463848509876520e-03
1.444066194013684818e-03
1.442979508905661802e-03
1.440514800488596359e-03
1.436693186742401228e-03
1.433100304805045005e-03
1.432672815893542033e-03
1.429514539928454595e-03
1.426989054605087848e-03
1.426253760572630423e-03
1.425066193404257459e-03
1.422216984917127908e-03
1.422278601562316147e-03
1.421649228822651455e-03
1.420315677182928558e-03
1.417623367341344859e-03
1.416585499520922175e-03
1.411788409913779978e-03
1.411074360587375072e-03
1.409137423919928217e-03
1.408919209495063454e-03
1.406375785930640736e-03
1.404606794138547107e-03
1.402170026923038777e-03
1.399890301219386879e-03
1.397120793181779765e-03
1.394332235629579513e-03
1.392816400482073782e-03
1.390552912739160922e-03
1.389117146509131475e-03
1.385718739842831939e-03
1.381537373824589946e-03
1.379827458444921051e-03
1.378171693145596776e-03
1.376417566551529871e-03
1.375800782035478849e-03
1.374656885979140888e-03
1.372062321961851558e-03
1.371249807901619468e-03
1.369552072414857323e-03
1.367681249416850386e-03
1.367360268346518590e-03
1.365456068375099554e-03
1.364456805723904915e-03
1.364200331274445684e-03
1.362171001824966088e-03
1.360593279335942617e-03
1.359320559744461084e-03
1.359421315420550553e-03
1.358130988121655390e-03
1.356025234006237850e-03
1.355410085854929537e-03
1.353043071468888053e-03
1.352870963265341564e-03
1.351749991379236696e-03
1.349795502989869361e-03
1.347360473174067123e-03
1.345557802261132356e-03
1.343657182931813632e-03
1.342387634756616200e-03
1.342976975131848598e-03
1.341604138495496902e-03
1.341298096262591097e-03
1.341588325816945367e-03
1.339921941514335456e-03
1.340185945925129922e-03
1.338361301493076532e-03
1.337048775944327640e-03
1.335379778238739547e-03
1.335115614859546740e-03
1.333894161841343027e-03
1.332817205112504918e-03
1.333800005640172577e-03
1.333189403769918357e-03
1.333920040898832655e-03
1.334062144138442509e-03
1.332691023888784828e-03
1.335006634200319340e-03
1.333743095585387993e-03
1.334212090777950463e-03
1.333855871188496887e-03
1.334068497407008480e-03
1.334309991369012809e-03
1.334001034710643237e-03
1.335582013995350106e-03
1.335164234801139264e-03
1.335636228124564449e-03
1.335243736956483532e-03
1.333291729240121751e-03
1.335711544868365330e-03
1.334053340639924663e-03
1.331729295673942824e-03
1.331716633664020710e-03
1.331362804923636638e-03
1.330514489047909680e-03
1.330244279000941015e-03
1.328936957176741693e-03
1.329488173170121669e-03
1.328284949976772265e-03
1.327202072540443470e-03
1.326379926453086916e-03
1.326366570318402794e-03
1.326408300980378482e-03
1.325015560176828018e-03
1.323293868986028876e-03
1.323847641134209266e-03
1.323442552691642213e-03
1.324211500796755028e-03
1.323404027575709541e-03
1.322232088977533899e-03
1.322353002527973343e-03
1.322535727296811217e-03
1.321491503781658042e-03
1.321056232521315276e-03
1.321093826859837941e-03
1.321007956000332410e-03
1.320068146655391803e-03
1.320896817061562077e-03
1.318739565547292136e-03
1.318319987836557650e-03
1.317184441449777881e-03
1.318082341133658365e-03
1.318967563596616958e-03
1.318177013457536104e-03
1.315994420836240006e-03
1.316384323308899271e-03
1.316412114907781301e-03
1.315989529511969042e-03
1.315070747685272634e-03
1.315492035403307810e-03
1.313480478202397285e-03
1.313420754239888900e-03
1.312106835563649036e-03
1.312864933425088917e-03
1.312310878260039256e-03
1.312568571095316071e-03
1.312822681109450254e-03
1.311740678526199244e-03
1.310738886695849217e-03
1.310682195276792429e-03
1.310862091251502760e-03
1.313025531887705970e-03
1.310685197567577984e-03
1.310620992808779169e-03
1.311111935762566396e-03
1.312134386679188408e-03
1.311433728124839371e-03
1.311269522213762573e-03
1.312376164423842894e-03
1.310691361024983676e-03
1.312454498954092677e-03
1.312036747030367618e-03
1.311798931762462412e-03
1.312494316391197300e-03
1.312688735196625807e-03
1.312639663004444091e-03
1.310828178874795394e-03
1.311603900915229081e-03
1.312687278032508573e-03
1.313127688779691139e-03
1.313595027508670989e-03
1.315374719999993017e-03
1.313277582668921639e-03
1.314224744990992412e-03
1.313560046801363857e-03
1.312754632518738735e-03
1.313756725397588259e-03
1.314109824655663354e-03
1.315090949475957588e-03
1.314458939683057397e-03
1.314521443397438693e-03
1.315387487928374897e-03
1.316494749091873251e-03
1.317850171812336461e-03
1.316446420235121203e-03
1.316259099130286840e-03
1.317127435845224246e-03
1.317350445325882842e-03
1.319499957519619168e-03
1.319173154747398146e-03
1.320212791015689660e-03
1.320822224936333590e-03
1.322030478167837437e-03
1.321797823250056006e-03
1.323041795461355266e-03
1.321760157769737978e-03
1.322767254165868990e-03
1.323401358060790093e-03
1.325263142425960050e-03
1.327361508911906098e-03
1.327969070282901051e-03
1.329250030455303997e-03
1.329669907471781000e-03
1.332504367809702380e-03
1.332558423952940208e-03
1.334009071096383054e-03
1.333339548532061145e-03
1.334540705212280227e-03
1.334186490921307304e-03
1.336237005717471520e-03
1.337331385451324918e-03
1.337131703894595472e-03
1.338979147988777390e-03
1.338061722746824609e-03
1.339297804135640164e-03
1.342101707769025737e-03
1.342654195334182623e-03
1.344491259762311229e-03
1.344391874524531036e-03
1.347078019066276803e-03
1.347424451610361364e-03
1.349421959374303912e-03
1.349476315993945697e-03
1.352736957239578184e-03
1.351625721072739674e-03
1.352796985029811917e-03
1.353617855279850516e-03
1.354848650528309249e-03
1.356187902463993743e-03
1.356298512552169466e-03
1.357514362824385973e-03
1.357467403388137569e-03
1.356671731468370948e-03
1.357705209722418318e-03
1.357806916212741773e-03
1.358533018575140651e-03
1.357422623126190026e-03
1.356085218406002197e-03
1.356639717193426804e-03
1.356764291905657735e-03
1.355802362864767883e-03
1.356888797446255401e-03
1.357493817462893364e-03
1.357846412815121940e-03
1.358225826164338994e-03
1.359126023963972731e-03
1.359636215317885271e-03
1.361444134100376485e-03
1.362214913369103921e-03
1.363823457299520635e-03
1.365859886149732453e-03
1.368060125592003963e-03
1.367775823489199901e-03
1.368527817193214815e-03
1.368949939433702651e-03
1.370027674504507810e-03
1.371867866071813363e-03
1.372605416865768950e-03
1.370970792441445364e-03
1.371115595774169155e-03
1.369531937938322282e-03
1.367962385978606192e-03
1.368587858481188583e-03
1.368131081951708084e-03
1.368136378245497038e-03
1.364610722167580335e-03
1.364111767860994723e-03
1.363808946005397923e-03
1.362785759761239420e-03
1.362579305934341059e-03
1.363402477924821566e-03
1.362720464449327946e-03
1.362078383684451255e-03
1.361845673068051363e-03
1.361877137224060726e-03
1.362883525698981154e-03
1.364446798747423733e-03
1.363410180629913600e-03
1.364739441619422467e-03
1.364554904404242496e-03
1.363603302931648206e-03
1.363607101110667769e-03
1.364655660641089134e-03
1.363971143043390347e-03
1.363830623329396682e-03
1.363788722026382802e-03
1.364340239786778234e-03
1.366929412154254970e-03
1.366644831403838111e-03
1.365671354910374469e-03
1.365425007768395925e-03
1.367474447434990567e-03
1.366551934894207759e-03
1.368136531348442941e-03
1.367680673366279210e-03
1.369516300771971224e-03
1.370511051594898964e-03
1.369470364041127991e-03
1.372009112684864683e-03
1.371873509175924963e-03
1.373771960752724099e-03
1.374113530686649079e-03
1.375030168050170526e-03
1.377404318017527284e-03
1.378814422623522891e-03
1.382522741599368681e-03
1.384812789429464962e-03
1.386003696613076919e-03
1.386412612824355342e-03
1.388050756139583069e-03
1.389923735232602604e-03
1.391030572798650222e-03
1.391229972172914123e-03
1.391303768375051720e-03
1.391139728835453365e-03
1.393145133400387238e-03
1.393978532026133579e-03
1.393950732856431276e-03
1.392813897659862365e-03
1.395178447103910058e-03
1.393437288236709431e-03
1.394713343708352911e-03
1.394751253511783244e-03
1.394213072219232597e-03
1.396035370194398904e-03
1.394639487933555791e-03
1.395451899144493479e-03
1.393775525797465338e-03
1.392225381263023296e-03
1.392216014245556714e-03
1.391021427723506017e-03
1.390447917869628560e-03
1.390795651501338997e-03
1.388132386171941901e-03
1.389948786581495475e-03
1.388429901049882979e-03
1.390934228353314910e-03
1.389511240942266747e-03
1.388792980494079829e-03
1.387394687817723044e-03
1.387822057787457906e-03
1.387781851445996865e-03
1.386307477092522424e-03
1.385239671838770946e-03
1.383875256739938676e-03
1.380871979396833260e-03
1.379741293057324151e-03
1.379857109142956784e-03
1.378558991974451579e-03
1.378533136466378274e-03
1.378935478350908767e-03
1.379508019532921931e-03
1.378679148959027030e-03
1.379626140555401635e-03
1.380289243389284243e-03
1.379726349417754886e-03
1.380580313139998915e-03
1.382002641254807080e-03
1.381619088922888096e-03
1.381558943588348694e-03
1.382421175194400217e-03
1.382107641090166454e-03
1.382718187028807383e-03
1.381127537715419939e-03
1.381863202861927011e-03
1.382436625727000937e-03
1.382898862132862739e-03
1.382822116219533043e-03
1.382123539706379923e-03
1.381769750377374309e-03
1.381753975900905981e-03
1.380782549653829282e-03
1.381781237841340918e-03
1.381057724466254336e-03
1.379327249709647778e-03
1.379020151601355933e-03
1.378254408592099372e-03
1.378211253457867604e-03
1.380227442519242967e-03
1.380199534342152912e-03
1.379867245867763548e-03
1.379650608355239942e-03
1.380089042973611140e-03
1.378500779003258335e-03
1.379078075340243320e-03
1.379805584134755764e-03
1.380525400601350554e-03
1.381352874201974452e-03
1.381336575950406443e-03
1.380893931367780866e-03
1.381739585516457902e-03
1.382769466585323818e-03
1.381149068471666189e-03
1.382807112762653601e-03
1.379927562255096407e-03
1.379876516128820821e-03
1.379697743748611351e-03
1.377592852908423758e-03
1.377305196818995239e-03
1.375796526442107448e-03
1.376052686441500217e-03
1.376353696723358125e-03
1.374559461601285214e-03
1.373375521040389033e-03
1.373599142616033220e-03
1.371434105634396564e-03
1.370369661891938581e-03
1.370659202368061961e-03
1.367854649092249296e-03
1.367215219407499514e-03
1.366773378433391774e-03
1.365089041286055840e-03
1.365671012538123043e-03
1.365064403909115173e-03
1.365709134627691697e-03
1.365080132527921215e-03
1.364899236153605281e-03
1.367071270056129237e-03
1.365868238660748616e-03
1.367239427830773974e-03
1.368979253756773392e-03
1.368865040016960157e-03
