3.938089569531641118e-03
3.938089569531641118e-03
3.337801874929655251e-03
3.195851481315447121e-03
2.870550616176466979e-03
2.764189808630840902e-03
2.642729656781375724e-03
2.591189036803061285e-03
2.543886215165790977e-03
2.455083247865774611e-03
2.499852140059209780e-03
2.431859598117933410e-03
2.478566784122045261e-03
2.522319533075304682e-03
2.644262934154601417e-03
2.728911992988098962e-03
3.065633241483845840e-03
3.245801252440814327e-03
3.498846232239281959e-03
3.725490980736644812e-03
3.976359543434226929e-03
4.306638998357720065e-03
4.640514400068344002e-03
5.105202809048937744e-03
5.276203555712427606e-03
5.401347057670927848e-03
5.603144987626794589e-03
5.796375418406979514e-03
6.200989059248355854e-03
6.674470557606577287e-03
7.073459259680539048e-03
7.467032549315628757e-03
7.709313084783560137e-03
8.234558659897210989e-03
8.885573979990823643e-03
8.830912947064201157e-03
9.267622486350190689e-03
1.007478130782318501e-02
1.050845734764191235e-02
1.059671562726844686e-02
1.070325785360960909e-02
1.112803438697499564e-02
1.146361475862495843e-02
1.217598032217697725e-02
1.345748587130798923e-02
1.446711734000678123e-02
1.490501810589279358e-02
1.578646824763242293e-02
1.653436121947711446e-02
1.726700195403809562e-02
1.747505073483691593e-02
1.830424736822187579e-02
1.906604901671975910e-02
1.976076525339862805e-02
2.047688894096852050e-02
2.096803689408370183e-02
2.131570503667955599e-02
2.176115355013824929e-02
2.251795232616614698e-02
2.309219082157058789e-02
2.423137556265151510e-02
2.537217165700739879e-02
2.614115386912930356e-02
2.696379019752857126e-02
2.755417683782819885e-02
2.829826565897070739e-02
2.884384662046922398e-02
2.950081106000704279e-02
3.014492769636079733e-02
3.084379716893684634e-02
3.140501368131004556e-02
3.235121935190328479e-02
3.285630723043173745e-02
3.333780545293427849e-02
3.419832460382706690e-02
3.481266296753122297e-02
3.578621049878345783e-02
3.609492320734004889e-02
3.707838814402467098e-02
3.787185820351189613e-02
3.815635203708207107e-02
3.873261848663180767e-02
3.933566400961997084e-02
3.986805928799871251e-02
4.057768116701933325e-02
4.128003602807110706e-02
4.182306499625552954e-02
4.232248562797490815e-02
4.284858142393976194e-02
4.347038732366800134e-02
4.422350816794470146e-02
4.470308678292689297e-02
