3.938089569531641118e-03
3.938089569531641118e-03
3.337795983725265914e-03
3.198324965339686445e-03
2.872896007868679016e-03
2.766771408139079725e-03
2.646430232382995622e-03
2.600813210367027613e-03
2.566575987976196273e-03
2.483890132589014303e-03
2.557716894946058476e-03
2.491639961670404253e-03
2.616593930240807518e-03
2.616463965166485224e-03
2.847049670524342581e-03
2.935252410736699166e-03
3.122354685532425025e-03
3.520076339060613808e-03
3.779279084489889449e-03
4.318928016274917701e-03
4.548864295657246634e-03
4.751561938285586879e-03
5.139148519962204870e-03
5.338106080559794527e-03
5.543803232047569453e-03
6.003352424148899157e-03
6.294351281796506381e-03
6.713858157682535931e-03
7.167307269828065638e-03
7.388354806785685756e-03
7.606136394877098354e-03
7.748612563391490786e-03
7.928443890700742624e-03
8.186835196072491522e-03
8.562480425747592480e-03
9.202653303690940326e-03
9.248455091326494154e-03
9.797723481815063043e-03
1.004450323572395054e-02
1.037307537206319345e-02
1.054779117135258570e-02
1.082887475722526562e-02
1.117391337201291412e-02
1.187667245285668402e-02
1.239954340945459421e-02
1.259833533345804633e-02
1.301837711549784678e-02
1.357496458752644429e-02
1.399606517791823594e-02
1.451725632964037498e-02
1.526191462731546662e-02
1.615939485232736200e-02
1.660545397873685464e-02
1.726110982634646365e-02
1.782878087812827389e-02
1.831564265724274637e-02
1.908332589958087674e-02
1.962175543990053728e-02
2.030993950083866822e-02
2.095032359287628959e-02
2.150717007201398759e-02
2.215534748009046623e-02
2.260220903573804258e-02
2.311124922597212680e-02
2.380469723676776478e-02
2.477058866561817826e-02
2.516767236626632487e-02
2.580543809814514131e-02
2.649969533004174066e-02
2.661870751214332614e-02
2.764246431297376003e-02
2.796380924846821048e-02
2.893947579765153780e-02
2.958054946614587649e-02
3.022294353649435453e-02
3.098387112955770448e-02
3.181336842595137993e-02
3.241169575347827014e-02
3.307354828347662534e-02
3.374062755119945634e-02
3.433255182035690328e-02
3.489297759769016682e-02
3.574850845439417335e-02
3.631018749772471632e-02
3.760368019446374416e-02
3.802181111228783439e-02
3.863088479019392146e-02
3.933440856973273447e-02
4.039624076806952457e-02
4.068926877169586759e-02
4.132600715673417913e-02
4.141743897890017012e-02
