3.967177345828656193e-03
3.967177345828656193e-03
3.933703136950241278e-03
3.801823257084773356e-03
3.690371556207123777e-03
3.623428364287213394e-03
3.497155885664929471e-03
3.437043779967514489e-03
3.377013648954330267e-03
3.322178506509186873e-03
3.236323077174203811e-03
3.198273126622084954e-03
3.100667099950467267e-03
3.095314899026054608e-03
3.058030734455781992e-03
3.026046222697685497e-03
2.989542156683610511e-03
2.969835760729223634e-03
2.920678843644408575e-03
2.948390793857946345e-03
2.934877445860153283e-03
2.946823879922169740e-03
2.974308713917648249e-03
2.909756852096370781e-03
2.959545550954679506e-03
2.910722246782853403e-03
2.913596033066527449e-03
2.902970942136338505e-03
2.914162685206225182e-03
2.971572349581157440e-03
2.947309699123457864e-03
3.001726684990073477e-03
2.998283889054970727e-03
3.048506111346718176e-03
3.067203481152224083e-03
3.002516954594261489e-03
2.999853277511855751e-03
3.031353997339962438e-03
3.060624011756115249e-03
3.002107856221872002e-03
3.037131493177358098e-03
3.015136900934359526e-03
2.982565450837807580e-03
2.966563954798858652e-03
2.934744148197515438e-03
2.877167984123010433e-03
2.934965138051331100e-03
2.952280764177213964e-03
2.966818128423820162e-03
2.962605924326387665e-03
2.982818023097675176e-03
2.998342790432411125e-03
2.950604952899303635e-03
2.947952461004663908e-03
2.949735241567096825e-03
2.974775591354771390e-03
2.985389719756959079e-03
2.978886053479748875e-03
2.940844243969099013e-03
2.960888258090097966e-03
3.032748547777922455e-03
3.050421868398652675e-03
3.061407844520556715e-03
3.061804370950112208e-03
3.033631932602350121e-03
3.004806440577503356e-03
3.055867957746045537e-03
3.011926669604512736e-03
3.098243439998841706e-03
3.084252243163736109e-03
3.064913600856782137e-03
3.029800589070113029e-03
3.127695146868200108e-03
3.093538489828589859e-03
3.100365772088391810e-03
3.068365531061495975e-03
3.056812740023919211e-03
3.111036704257242550e-03
3.136610845723428100e-03
3.090203042542626673e-03
3.127459303875559666e-03
3.119305494125411762e-03
3.140365204362924149e-03
3.092844111659670634e-03
3.094242018852617470e-03
3.045212951013876856e-03
3.015418950631257484e-03
3.083607852041692771e-03
3.038786998499575474e-03
3.036355861122832893e-03
3.066112977973998836e-03
3.046863447739333371e-03
3.086395558158309092e-03
3.119877023808733697e-03
3.113843413317655962e-03
3.120199505751549297e-03
3.126469527810891557e-03
3.071779350845036359e-03
3.060514648400547086e-03
3.073039679829573344e-03
3.061414262415823161e-03
3.008865068020692701e-03
3.073735927015259876e-03
3.073489741014375724e-03
3.095015555151808210e-03
3.134295449782126524e-03
3.085439701955905011e-03
3.108318067904112560e-03
3.079104967436253112e-03
3.111747273798647594e-03
3.143971715254029794e-03
3.109337732551242968e-03
3.132853473130506675e-03
3.164280345115234785e-03
3.149342725200022283e-03
3.120324749597461634e-03
3.158944824692784450e-03
3.149869434617087998e-03
3.139439452015962365e-03
3.164129969822454883e-03
3.144183169237780521e-03
3.111714732362936588e-03
3.115058058350883129e-03
3.082714604076981866e-03
3.163075917130787115e-03
3.108553945227466187e-03
3.137302329497436079e-03
3.142390305429640894e-03
3.178114983478515319e-03
3.164269793052459142e-03
3.147961665327348672e-03
3.120382355910236716e-03
3.198887606124778491e-03
3.198783251919140678e-03
3.219904244554785272e-03
3.261417292389090332e-03
3.281544482904066948e-03
3.278390182126646613e-03
3.281182274193574205e-03
3.315138772566948808e-03
3.333745224509589242e-03
3.303616480617038893e-03
3.299770476028980170e-03
3.268691327410257110e-03
3.257324474714394773e-03
3.287608353899957540e-03
3.245543601695388431e-03
3.327438776896626295e-03
3.282981816424537704e-03
3.303407083070446747e-03
3.331445204544630084e-03
3.323318632926375825e-03
3.317364217218067481e-03
3.312148482066747633e-03
3.307417472064358519e-03
3.300718790738050787e-03
3.321261738367357105e-03
3.309422669113501816e-03
3.323585852641335135e-03
3.324126307666318801e-03
3.345530640650064020e-03
3.352749718148900510e-03
3.369977433551810033e-03
3.365158458576373093e-03
3.345986717487406305e-03
3.346087053278897112e-03
3.362750605534390279e-03
3.380234840539268152e-03
3.319388812680578588e-03
3.315081113536085585e-03
3.266053664336545509e-03
3.298492443982758201e-03
3.308211644369400857e-03
3.230431992735802605e-03
3.271671409323823401e-03
3.229141431436122547e-03
3.320375275685787542e-03
3.290644216631599065e-03
3.292369095108425327e-03
3.264789485916338128e-03
3.287126537054982540e-03
3.307110147584056345e-03
