3.952215232752796445e-03
3.952215232752796445e-03
3.903649191073684140e-03
3.880908946863909081e-03
3.834649137660795393e-03
3.811392231415714101e-03
3.780687494345733642e-03
3.757525879872339759e-03
3.730134776913997512e-03
3.705421263033471715e-03
3.683583195222582280e-03
3.662232059337141611e-03
3.638496172232444197e-03
3.620245772042125342e-03
3.599348463458343795e-03
3.584336348083795327e-03
3.566557720475731739e-03
3.548093308606378726e-03
3.531714462695724217e-03
3.516192335122883452e-03
3.500947213034188293e-03
3.485385451955735556e-03
3.472989517833685331e-03
3.459086058181859609e-03
3.447272353216660704e-03
3.436356078441916810e-03
3.423736990358115968e-03
3.412257453591116627e-03
3.398910472685197186e-03
3.385590556817072438e-03
3.370510983325870989e-03
3.360727950410205816e-03
3.345556547761320207e-03
3.330550123800234217e-03
3.315152119676412906e-03
3.304665066376973395e-03
3.288113766855790734e-03
3.275270166514483456e-03
3.264806259559543435e-03
3.251343786712562571e-03
3.240798048454536420e-03
3.229803402583482884e-03
3.218205411420644105e-03
3.202575104402194828e-03
3.191103887757273765e-03
3.180545743010713619e-03
3.170403296046570962e-03
3.160497549195380104e-03
3.149643328162896744e-03
3.138390501018689660e-03
3.127762756834354379e-03
3.117951682876020803e-03
3.109319891544167630e-03
3.100105505404485758e-03
3.089863180104861998e-03
3.082335858682230204e-03
3.074094905305341414e-03
3.063243556001450391e-03
3.054885315017818494e-03
3.045964150636869695e-03
3.037754654271159534e-03
3.028066899539004313e-03
3.017811116413407144e-03
3.009852350204688092e-03
3.001845778783270025e-03
2.989556279023713840e-03
2.980338760750820323e-03
2.971433181292356882e-03
2.959266052168483836e-03
2.947640529479937394e-03
2.939737306732721680e-03
2.930613668874593614e-03
2.921529183874011469e-03
2.912043324073291650e-03
2.905205384785217691e-03
2.898191340090592455e-03
2.890892581909467601e-03
2.883498669355561393e-03
2.874769357023231834e-03
2.865538389282387514e-03
2.856511868538524034e-03
2.848202204534320235e-03
2.838440368174228318e-03
2.828578550993159947e-03
2.820182026438622629e-03
2.813430214750257084e-03
2.808069921387121824e-03
2.798494628134301845e-03
2.790850638810645976e-03
2.781178301037833586e-03
2.773303800427436537e-03
2.769613705423062174e-03
2.763330453631174331e-03
2.756374846459166018e-03
2.749703442970157993e-03
2.743670041421851762e-03
2.738929324840181853e-03
2.732823787244565653e-03
2.726039330578001151e-03
2.719387819800569636e-03
2.712003670453198758e-03
2.704983511804656595e-03
2.698055460294699909e-03
2.689167732806937213e-03
2.681567679019588105e-03
2.674473841400753019e-03
2.667024442242861733e-03
2.660287752417126329e-03
2.655251308323005113e-03
2.651093471250446417e-03
2.646067280740031693e-03
2.640069213679236294e-03
2.634467441867067387e-03
2.629203276719090012e-03
2.623238953364179227e-03
2.617811851138524947e-03
2.609231302792279147e-03
2.603005581921051092e-03
2.597783177718428291e-03
2.593376132558896686e-03
2.588484412660028381e-03
2.584364440536637136e-03
2.578191454158831712e-03
2.573895528728811256e-03
2.568812679473416079e-03
2.562392497918273594e-03
2.557623566108726491e-03
2.551851901174505190e-03
2.544015624440730192e-03
2.540581715056334979e-03
2.533753353644100249e-03
2.527672508839273573e-03
2.521426739428213760e-03
2.517583374396723580e-03
2.512287415036647611e-03
2.506997611220666920e-03
2.505376669723189363e-03
2.499828723794520358e-03
2.495945819291477824e-03
2.492914029611963643e-03
2.486808889668378538e-03
2.481763453723660317e-03
2.478866224739744752e-03
2.475371541478032632e-03
2.471545929118610947e-03
2.466985389006371918e-03
2.460772973179551227e-03
2.457716281059186322e-03
2.451720802301705221e-03
2.447760593853465748e-03
2.443478054689212156e-03
2.440546741226499051e-03
2.437021703510448833e-03
2.432362728171562957e-03
2.430050826773361584e-03
2.425944405030282074e-03
2.422809885075922869e-03
2.418366247891058293e-03
2.414515338646776744e-03
2.411064255578096102e-03
2.407200587367306233e-03
2.405601629051093166e-03
2.403986304786983729e-03
2.400776502514004665e-03
2.395261683219233884e-03
2.392541495841570692e-03
2.389714916260548584e-03
2.385279337155657257e-03
2.380549192943851467e-03
2.379445145865745695e-03
2.375843931367676871e-03
2.374637300451474219e-03
2.372720533555807646e-03
2.370515310104060174e-03
2.368460998601067038e-03
2.365014672632527720e-03
2.361495872173704266e-03
2.356319584477257340e-03
2.351217865813849499e-03
2.349441989765370213e-03
2.344951617968650710e-03
2.341584748439194154e-03
2.339235395021722636e-03
2.337161897406389577e-03
2.331932524305148011e-03
2.331413372798245894e-03
2.329055353921776449e-03
2.328762486691902771e-03
2.326278627217899780e-03
2.324136246546806926e-03
2.323835346418408072e-03
2.319980286025602641e-03
2.318237873072914648e-03
2.317715993677989857e-03
2.312993992688543513e-03
2.311952457457700991e-03
2.308490159022573603e-03
2.307322885762118705e-03
2.304454773171512108e-03
2.303956990954837084e-03
2.301841371832332069e-03
2.299419242500988069e-03
2.295635602771362634e-03
2.293198968514284595e-03
2.290647723911775832e-03
2.285718042378601447e-03
2.282319067370603121e-03
2.279433238960086941e-03
2.276770326505992391e-03
2.274784003666935860e-03
2.271534512487936603e-03
2.267396301910142367e-03
2.263627113891472468e-03
2.259584075699982986e-03
2.256565224659858298e-03
2.254732558864886837e-03
2.251757597393804194e-03
2.249955562016356728e-03
2.246811453219151045e-03
2.244725631702395620e-03
2.241420337202874608e-03
2.238990859019040960e-03
2.238071124405301929e-03
2.235563600561628946e-03
2.232452440310378657e-03
2.232078417947125012e-03
2.229068720807529397e-03
2.227872779886144045e-03
2.224983764790982536e-03
2.222211747380062330e-03
2.221511329680722624e-03
2.218700631149056728e-03
2.218610871763625463e-03
2.216619804408535409e-03
2.214922629937619673e-03
2.213037660569410967e-03
2.211711750169802464e-03
2.209757009686584995e-03
2.208631378718747731e-03
2.208492091255664317e-03
2.205347816778119394e-03
2.203732520421540410e-03
2.202359846980747344e-03
2.203158965939896411e-03
2.203081789963754963e-03
2.201611827252053771e-03
2.199562147913544218e-03
2.198279417682817618e-03
2.199219652266601061e-03
2.198951810036041052e-03
2.198576836055237023e-03
2.197558164175654905e-03
2.195512969218378022e-03
2.196578284249709086e-03
2.194574288334983844e-03
2.194515407365462724e-03
2.193677263827297462e-03
2.194322638375292584e-03
2.193648489976209211e-03
2.194446106858795754e-03
2.194177657291777276e-03
2.193664075706609502e-03
2.191334667327759968e-03
2.189601316132023124e-03
2.188552495341103063e-03
2.187147504141611232e-03
2.185451842164680154e-03
2.183323732896520417e-03
2.179981550342740236e-03
2.177518263058164476e-03
2.177419449407063529e-03
2.176478094405375364e-03
2.175252579165896146e-03
2.174582834439993222e-03
2.172807250088416246e-03
2.172417140429066650e-03
2.171234076562034675e-03
2.170222960798878255e-03
2.169888728377000232e-03
2.167735010674720717e-03
2.167927247615501502e-03
2.166463475460267494e-03
2.167195825091196553e-03
2.167443995111872478e-03
2.167498115328275916e-03
2.167061015420470096e-03
2.165294600060025006e-03
2.164366548173179191e-03
2.163538237002284557e-03
2.163478330056018036e-03
2.163328372254864906e-03
2.161957514552725022e-03
2.161414774232272001e-03
2.160643769374099871e-03
2.159119084560472916e-03
2.160525872646681857e-03
2.160828581232085085e-03
2.158269094873449361e-03
2.159169918949581206e-03
2.158928514704070659e-03
2.159061857064889858e-03
2.157235955918218248e-03
2.155563593384515232e-03
2.155321189038416404e-03
2.155816531977754885e-03
2.155671906903086545e-03
2.154006822740364962e-03
2.154314108216929396e-03
2.155070072657015202e-03
2.155327867680733103e-03
2.154121874520308760e-03
2.151874918153361734e-03
2.152105333363255046e-03
2.152882693177875402e-03
2.153015185039718234e-03
2.153273895607313391e-03
2.154061652130815577e-03
2.155604760536857217e-03
2.155585252303531592e-03
2.157444874886976782e-03
2.158562997261039527e-03
2.160769114325913204e-03
2.162622137724248134e-03
2.162508339578866380e-03
2.163588149037743227e-03
2.164129732669130106e-03
2.164718595901644373e-03
2.163790460272160734e-03
2.163372804087980005e-03
2.162676726603681397e-03
2.163097988883767083e-03
2.162391788120385846e-03
2.163110786453759961e-03
2.163539612991653011e-03
2.163729303133845368e-03
2.163828816995877653e-03
2.163611817763721502e-03
2.161400756201504580e-03
2.162575551506087674e-03
2.160527487058666596e-03
2.159570290030132702e-03
2.158261746944688687e-03
2.158037855753373781e-03
2.159264123875015429e-03
2.159947584147024757e-03
2.160644428321472667e-03
2.161650503603874951e-03
2.162762618578240210e-03
2.161853868513546276e-03
2.163623199704758308e-03
2.163138003150141386e-03
2.163011746887260212e-03
2.165179210507749835e-03
2.166025568150950140e-03
2.165984737504074442e-03
2.167250828296847249e-03
2.166980199669646476e-03
2.167761582973091496e-03
2.165723659288213906e-03
2.167980579064071774e-03
2.167926160291348912e-03
2.168016324442050956e-03
2.167520022174196544e-03
2.166006025095885273e-03
2.167227932522251994e-03
2.165632981750318861e-03
2.166286377375807592e-03
2.166169180241527339e-03
2.167184057737802771e-03
2.166528226010335477e-03
2.166507620351686928e-03
2.166315285011175505e-03
2.166499935850333108e-03
2.167612502216605726e-03
2.167178763753365312e-03
2.168945493660401000e-03
2.167906246663645932e-03
2.169057101244868668e-03
2.168971305686625325e-03
2.167433612459245505e-03
2.169687914670267049e-03
2.170444534948112823e-03
2.173429675037843057e-03
2.176304176749874284e-03
2.177986961416801884e-03
2.180076779886204637e-03
2.181751155424318384e-03
2.182380648148264050e-03
2.184245148025878037e-03
2.186661074705461335e-03
2.189395153653659470e-03
2.189203995414110322e-03
2.190487147749558324e-03
2.190582747685359318e-03
2.191297595969196772e-03
2.191557563798472545e-03
2.190809617380046551e-03
2.191377896188786371e-03
2.191629220195257487e-03
2.194363171110881930e-03
2.194523587062966255e-03
2.195146670934250248e-03
2.196422743342148643e-03
2.194898568261711373e-03
2.192802206943007641e-03
2.192009105797286701e-03
2.190239086089339291e-03
2.192054732005228272e-03
2.190012474357518404e-03
2.191274668090039453e-03
2.192059759125912412e-03
2.192134001152334834e-03
2.192334083637476495e-03
2.191901755352706170e-03
2.193887148664114273e-03
2.194669659275719741e-03
2.195507104571939837e-03
2.194567497634947271e-03
2.196084472621259893e-03
2.193198804038758686e-03
2.195806227554605167e-03
2.195097039979100779e-03
2.196446103920216518e-03
2.196773753396453685e-03
2.198040164243633080e-03
2.198529267718481780e-03
2.197114858405648224e-03
2.197116900383306801e-03
2.197467569407307586e-03
2.195768865121116523e-03
2.197014969283043757e-03
2.196256395422063312e-03
2.195103993339156054e-03
2.193248854292811478e-03
2.192569730970892004e-03
2.191997582953243619e-03
2.191581198205846005e-03
2.192202541700903617e-03
2.191984001204419930e-03
2.190730302639121770e-03
2.190288804549017990e-03
2.189284744415941324e-03
2.189006905794821812e-03
2.185993371721968968e-03
2.185689501153087119e-03
2.184532887603156219e-03
2.183002475331251215e-03
2.181500451172159807e-03
2.178571231190042177e-03
2.176385124784921844e-03
2.174694800898922288e-03
2.174404236992014561e-03
2.174749514055931629e-03
2.173701415432844914e-03
2.174422615989886343e-03
2.174702950003586360e-03
2.172834184116827477e-03
2.173583108684235855e-03
2.171825585441782783e-03
2.174362834845951047e-03
2.172628121542906181e-03
2.171639666864961637e-03
2.170915599537814617e-03
2.171183519578815876e-03
2.169241642495605034e-03
2.168138100832828642e-03
2.167518536452664631e-03
2.167162784461277442e-03
2.165260457475795108e-03
2.163333685586583521e-03
2.161679570413419307e-03
2.161077442742754748e-03
2.160074538841847552e-03
2.160263855141999253e-03
2.160909225624881979e-03
2.159738595859180595e-03
2.160996285042554328e-03
2.159892750832510377e-03
2.159978563347685673e-03
2.159791935599223410e-03
2.157869724343428313e-03
2.158299610840208518e-03
2.156170877435238838e-03
2.157246636999972118e-03
2.155244776532959632e-03
2.153892761764917771e-03
2.154299594719508593e-03
2.154008019049947608e-03
2.154984754773102505e-03
2.153042614360735438e-03
2.151120260647267513e-03
2.148970651505546607e-03
2.148347935908768123e-03
2.146801337833403010e-03
2.145363883708641811e-03
2.146483037855478979e-03
2.145719353977458381e-03
2.142856658379473610e-03
2.142512378405255109e-03
2.140474086954945697e-03
2.137750681009997419e-03
2.135360585110272942e-03
2.135005429908354291e-03
2.135637276044215823e-03
2.134552556415056021e-03
2.133477940503432022e-03
2.132964471149313354e-03
2.132099743620204189e-03
2.132221602157440780e-03
2.131620925127242043e-03
2.130804736053362822e-03
2.131890987597734929e-03
2.129115326436308540e-03
2.128580149003731804e-03
2.126254402212614074e-03
2.126351104363830360e-03
2.124328951045264657e-03
2.123504325642492155e-03
2.124402163911112609e-03
2.122153525356888521e-03
2.121772054162163537e-03
2.121594904808465649e-03
2.122013239643990266e-03
2.122010636599684121e-03
2.121801686200317904e-03
2.121547131838276510e-03
2.123797344837685935e-03
2.122622106591988064e-03
2.123653516329703905e-03
2.123980462326605090e-03
2.122360410561742808e-03
2.122376246950061131e-03
2.121567025663028978e-03
2.119954504930031229e-03
2.119564043030196590e-03
2.119919295626396250e-03
2.120478645049064369e-03
2.120972020365134974e-03
2.119758735221249565e-03
2.120619681037994465e-03
2.121777549893519646e-03
2.122242615994380816e-03
2.124000499121199252e-03
2.123365464567798615e-03
2.124303655508225520e-03
2.124808971267996751e-03
2.124853624774097373e-03
2.126288862566390325e-03
2.125532293865484753e-03
2.127028260090767491e-03
2.126574089498469398e-03
2.129398160935805709e-03
2.129540007014297208e-03
2.128771479337003471e-03
2.131912764758752982e-03
2.131363522615266001e-03
2.132783684524913823e-03
2.132668591138628389e-03
2.133487262409043163e-03
2.136577042332286729e-03
2.138162415141621475e-03
2.139770977395405969e-03
2.141460952083592498e-03
2.141477313962345842e-03
2.142394106948461961e-03
2.143273534148028119e-03
2.143208724260001544e-03
2.144372002205561113e-03
2.144298614138023199e-03
2.145137161471025872e-03
2.143322504559306684e-03
2.143753090797828435e-03
2.144096348330690096e-03
2.147227909482558959e-03
2.145927733817518633e-03
2.148390836632571403e-03
2.151757486904750695e-03
2.153734828769793275e-03
2.153865910024211835e-03
2.157141628212387498e-03
2.157037678495685087e-03
2.159133802089754136e-03
2.160169501235224745e-03
2.163111784823765985e-03
2.162244115124751110e-03
2.162690301509748256e-03
2.163492572994602219e-03
2.164978310827520534e-03
2.166310035206189810e-03
2.165373434136841878e-03
2.164996051806456021e-03
2.164746791326523350e-03
2.165193926911088834e-03
2.165159907225340259e-03
2.166566860124209681e-03
2.167138191436707075e-03
2.168257744030933475e-03
2.167104325604698144e-03
2.167557135176869775e-03
2.169098438045039424e-03
2.169163624117054472e-03
2.171148767659878721e-03
2.171227906661583884e-03
2.171838342446618525e-03
2.172016157611515556e-03
2.171993577750661215e-03
2.175081050610371079e-03
2.173394994662214939e-03
2.173088841837569375e-03
2.171625187072010171e-03
2.173349327817271359e-03
2.174036776395732711e-03
2.176137727226690188e-03
2.175435645451368437e-03
2.178102532332041198e-03
2.180658070293060250e-03
2.183938127895835701e-03
2.185348887550783020e-03
2.185426344507689599e-03
2.185029044022687630e-03
2.185586811110369621e-03
2.186278004868535962e-03
2.187530994007659633e-03
2.189569011200000713e-03
2.189570134549724718e-03
2.192392763765208235e-03
2.190991777833634514e-03
2.193268414246401024e-03
2.191285732126873297e-03
2.191921100936315616e-03
2.192692043547007572e-03
2.194299090852737909e-03
2.197047394493198240e-03
2.198513167109510721e-03
2.200545509494531565e-03
2.201086670231169710e-03
2.202114694923040794e-03
2.203023625727806942e-03
2.204117295996973688e-03
2.205853951427764071e-03
2.208063523589033367e-03
2.206525913654480611e-03
2.205483800096702269e-03
2.205153116942170852e-03
2.204431047923001690e-03
2.205711114534793932e-03
2.207099776489549001e-03
2.207125372169653488e-03
2.208528682286118195e-03
2.209306223148801377e-03
2.213074603096647046e-03
2.216956566678779817e-03
2.221596835033268387e-03
2.225285252743383971e-03
2.225971470239126483e-03
2.230954608322087852e-03
2.229483627163764050e-03
2.231039692933596118e-03
2.231061406937165717e-03
2.231583840995949187e-03
2.234861301847284026e-03
2.235125266634907862e-03
2.235567409416596915e-03
2.236614241151782187e-03
2.236611776668774327e-03
2.238723386729320631e-03
2.240468350896153080e-03
2.240201554755726857e-03
2.244848824699333372e-03
2.244893050708241834e-03
2.246056536316238129e-03
2.247413799377526600e-03
2.251019860272544110e-03
2.251519487559387831e-03
2.252408956592907331e-03
2.254549812068437024e-03
2.254933206197419580e-03
2.256635765627215597e-03
2.257241650817940447e-03
2.259031815997731511e-03
2.260839916927822896e-03
2.260478852312726699e-03
2.265462158452952787e-03
2.266736679382822233e-03
2.270605315431891737e-03
2.272545257643659826e-03
2.273439840573823582e-03
2.275371496684613568e-03
2.276971994898319574e-03
2.277388128232344863e-03
2.278520941146766881e-03
2.279906411375324377e-03
2.281223249321264347e-03
2.284599026689151761e-03
2.286720973533492868e-03
2.289455614908019170e-03
2.292598292808684709e-03
2.292989213201537639e-03
2.295160431933020249e-03
2.294904816017485742e-03
2.298478098820302268e-03
2.300304869276085119e-03
2.302091051492445323e-03
2.304546570998137860e-03
2.305911216294969680e-03
2.307308571778445439e-03
2.307876217441084607e-03
2.310012430828789053e-03
2.308704165389155894e-03
2.310821375393095310e-03
2.312193647140229139e-03
2.313681531992628493e-03
2.315744258578418015e-03
2.317432555076426575e-03
2.318273096844812153e-03
2.320279449722378873e-03
2.320782730631343587e-03
2.321452674047904622e-03
2.323247476059353035e-03
2.322410846293683148e-03
2.320179554401956105e-03
2.317386314607237669e-03
2.315913709273393229e-03
2.316280148539365692e-03
2.316869262481684871e-03
2.316569513094320597e-03
2.311741770467525253e-03
2.308388713807570103e-03
2.308204611981343538e-03
2.307030350311807185e-03
2.307375566174858263e-03
2.307513907229212513e-03
2.305647542849402227e-03
2.304713361713558745e-03
2.306212082902203957e-03
2.306669673125899111e-03
2.307222909344776394e-03
2.304091542029792876e-03
2.304889921618163365e-03
2.302233143513197303e-03
2.301766771018830173e-03
2.301314030368501601e-03
2.301794948819813752e-03
2.302875478899806330e-03
2.303381212988049251e-03
2.303186416750122294e-03
2.305881581372135405e-03
2.304945256806120290e-03
2.306863559588640759e-03
2.309268082878704938e-03
2.311540095057127049e-03
2.313740585994236102e-03
2.315187710414526919e-03
2.316191271237979989e-03
2.315197287814038836e-03
2.314276802745208507e-03
2.312946503657389852e-03
2.312171527561958546e-03
2.310336509933605398e-03
2.309683101716143196e-03
2.309697653744861943e-03
2.309195602942842353e-03
2.310955420045585941e-03
2.311280084538623256e-03
2.313425147963083656e-03
2.314697961829864561e-03
2.318427278624004152e-03
2.318511273711638954e-03
2.318811013411963429e-03
2.315884615828299204e-03
2.315443479430544672e-03
2.316450809468649508e-03
2.316202358239512985e-03
2.315280340682705426e-03
2.315880343655956318e-03
2.316183226570522197e-03
2.318182032520199436e-03
2.319566737740792837e-03
2.320424389869100296e-03
2.322628205323468923e-03
2.323839234248024910e-03
2.324967727258788180e-03
2.325775830640197227e-03
2.327580555573582465e-03
2.328457178495679965e-03
2.331889124225220572e-03
2.332330376816045461e-03
2.335219372951499901e-03
2.336937692140230848e-03
2.336748629655533913e-03
2.338918570801401097e-03
2.340144446259089742e-03
2.341258299829354194e-03
2.345056506733446747e-03
2.348581827182290738e-03
2.349067082363576284e-03
2.349991974673901543e-03
2.351200866146554123e-03
2.350772498713897974e-03
2.350949541443137034e-03
2.350200916529392083e-03
2.349227389873533370e-03
2.349602346141859213e-03
2.348486310395210726e-03
2.347636312018188363e-03
2.348352717678644543e-03
2.350240245896147596e-03
2.351738485905736139e-03
2.351606297286255517e-03
2.353037412950453877e-03
2.353302528792977980e-03
2.354346466510299791e-03
2.354864589199088740e-03
2.355153212911844426e-03
2.354333984288114242e-03
2.353134217247939471e-03
2.349804709326076217e-03
2.352233314198229949e-03
2.349886421788157168e-03
2.348899812382798831e-03
2.350053672851612485e-03
2.349332358321219033e-03
2.350170908551379480e-03
2.350794631828601825e-03
2.349916650635586277e-03
2.350129269021782562e-03
2.347612945353403854e-03
2.347150740767283989e-03
2.346459140336137200e-03
2.347234630073002145e-03
2.346765534567830762e-03
2.345180499528140301e-03
2.343844266000241240e-03
2.342600708263152358e-03
2.340735099237998499e-03
2.339910062542603641e-03
2.337706436990222379e-03
2.339891308733135170e-03
2.337899514773273540e-03
2.337532487213703214e-03
2.336684638218062497e-03
2.337491278278631610e-03
2.335615689786925582e-03
2.334364344354935856e-03
2.333546793370451945e-03
2.332206895186030634e-03
2.332989812868505736e-03
2.333475483968560759e-03
2.334048254062135071e-03
2.335882365499517433e-03
2.335721976103574942e-03
2.334969167671121452e-03
2.336731362910458507e-03
2.334519446252939293e-03
2.334011154008795285e-03
2.331841641024068323e-03
2.330297226606185476e-03
2.328750553127062039e-03
2.327596179863990807e-03
2.326464971607010001e-03
2.325187556738199206e-03
2.324212166194840421e-03
2.321512795566216172e-03
2.319233144276946698e-03
2.320327526697390629e-03
2.317663337851516483e-03
2.318286836057794741e-03
2.316646312062940923e-03
2.317983115376439328e-03
2.317625806652275598e-03
2.317529127320582059e-03
2.317397331751887366e-03
2.319350435494061356e-03
2.321334274179177610e-03
2.317577081387053699e-03
2.317251289161391219e-03
2.317354355773874105e-03
2.317267722700511873e-03
2.319446715269009134e-03
2.318703746584116661e-03
2.320470364874767811e-03
2.320049154497120202e-03
2.320717768133714540e-03
2.320582770414042744e-03
2.319859414278599777e-03
2.320664723639976560e-03
2.319843057082370333e-03
2.319340608555629530e-03
2.321561975796388767e-03
2.321234356046456785e-03
2.321579446804892394e-03
2.321466046321517696e-03
2.321905492685105363e-03
2.322238850429321055e-03
2.321098052426439230e-03
2.321846725133843402e-03
2.322064977856787282e-03
2.321225476391714816e-03
2.321105970890175070e-03
2.320769758423188271e-03
2.320326984860810685e-03
2.322173806420480598e-03
2.317750052002089632e-03
2.314683502151174046e-03
2.313937342489712657e-03
2.313414927008959794e-03
2.313352097289961100e-03
2.311500875337885261e-03
2.312298557793630686e-03
2.311716160208255200e-03
2.312895171527855429e-03
2.312730609556899568e-03
2.312434225739522058e-03
2.316158219909524203e-03
2.316861625422625501e-03
2.318976442501527978e-03
2.317707542535620176e-03
2.316634444483778050e-03
2.316328504963580375e-03
2.317170966135770685e-03
2.319462205130102140e-03
2.319269364013864729e-03
2.318635209226357040e-03
2.319840569636632231e-03
2.319772186522894245e-03
2.318650617820459947e-03
2.319007966635666142e-03
2.319619468228025123e-03
2.318236365518719019e-03
2.317694397576370614e-03
2.319833826941058476e-03
2.319210919681125894e-03
2.320907132865274863e-03
2.318872557792536586e-03
2.319888781741636687e-03
2.319461596846147684e-03
2.319020750783694958e-03
2.320209272187891743e-03
2.322399978553605932e-03
2.323828421740501467e-03
2.322172878315011818e-03
2.324273578589890806e-03
2.326444379081621990e-03
2.327754203718921094e-03
2.327136180572425984e-03
2.328479240218351773e-03
2.329240931299984396e-03
2.332064459400513736e-03
2.330775161681915893e-03
2.331142721953147028e-03
2.333206874465500874e-03
2.335943054766601457e-03
2.334986178420715968e-03
2.334409373521141931e-03
2.336778376147356610e-03
2.335810887607536312e-03
2.335664438204421416e-03
2.336497953050446601e-03
2.338257528654929997e-03
2.340221786124199559e-03
2.340642353244961043e-03
2.337738118674147127e-03
2.336599718995319413e-03
2.336774528466592331e-03
2.335797539865848340e-03
2.337772220488193789e-03
2.337441710811549375e-03
2.337449673604357313e-03
2.338335996676868620e-03
2.340304308999242942e-03
2.339847604525631310e-03
2.338348584777322128e-03
2.340063782501561676e-03
2.340363530264867858e-03
2.342554485615443854e-03
2.339961880867387923e-03
2.340260470238805617e-03
2.340415706401151319e-03
2.340396228166374912e-03
2.337480062107166051e-03
2.337218655300595319e-03
2.339486087736940105e-03
2.339627995758808247e-03
2.340488232531496605e-03
2.340426919578264282e-03
2.342785596564093270e-03
2.344056543588429655e-03
2.346429816743835026e-03
2.350253837795003142e-03
2.348805847957333073e-03
2.350070848068695675e-03
2.351211951757139432e-03
2.353000325898101965e-03
2.350514983172133712e-03
2.351986355392957605e-03
2.350874755955434728e-03
2.352455925253240602e-03
2.349667439953458808e-03
2.349008880815202979e-03
2.350113742653380661e-03
2.347693889235567214e-03
2.348217358460083330e-03
2.348151303682008504e-03
2.349419421725169703e-03
2.350434838094187136e-03
2.352495078361680012e-03
2.354099341898081149e-03
2.354484242852961269e-03
2.355742318751901255e-03
2.356866134090409345e-03
2.359237990522596810e-03
2.357440338049542495e-03
2.359072296035747817e-03
2.357721482241927936e-03
2.359345645740678048e-03
2.358851185039854883e-03
2.357251880007971319e-03
2.355923786783949408e-03
2.355259830095701550e-03
2.356205136741160167e-03
2.355933933207518798e-03
2.355957767657309351e-03
2.356163185578212613e-03
2.357219206780056427e-03
2.356571118328466830e-03
2.356717154338088677e-03
2.357814839690340440e-03
2.354794198627054372e-03
2.356142682104689877e-03
2.354960937594812679e-03
2.352099760462851834e-03
2.351399443698961363e-03
2.349244771096647803e-03
2.346231288411997681e-03
2.344137752111792594e-03
2.344850213078188660e-03
2.343845781628011663e-03
2.344310873355787486e-03
2.343972045627180575e-03
2.342780772376472712e-03
2.341932860004450594e-03
2.340867891769842814e-03
2.341737325883575319e-03
2.341809643909393505e-03
2.343109670653471463e-03
2.345647644756883050e-03
2.344309395300279639e-03
2.347345497897301760e-03
2.349216550298223113e-03
2.350753095370257395e-03
2.352559124631612049e-03
2.352053924469164198e-03
2.350572521954879483e-03
2.351443933507789234e-03
2.351588803766813032e-03
2.352083698596157957e-03
2.353317662810366223e-03
2.353095410113332109e-03
2.353535398004316919e-03
2.353779237230345465e-03
2.354703027588340557e-03
2.352912150134692845e-03
2.353312391589296778e-03
2.351493898313531707e-03
2.349046307744075482e-03
2.347742635066619402e-03
2.346964681236443986e-03
2.346810796804900227e-03
2.345373663335503702e-03
2.345394940137312395e-03
2.348830997746106323e-03
2.348661745597889570e-03
2.346191040694174234e-03
2.347104964748803878e-03
2.346848641254104407e-03
2.346654519407252119e-03
2.347274613068428377e-03
2.345917820848131535e-03
2.348268599137345349e-03
2.347172753219326120e-03
2.346768483396742717e-03
2.347052362927363155e-03
2.347678034479068216e-03
2.345219360782641559e-03
2.345166865946826489e-03
2.344229276616383202e-03
2.344027563766399279e-03
2.345752398669252985e-03
2.346768457952758558e-03
2.346185253533279204e-03
2.345716500958912234e-03
2.346526223694782136e-03
2.347054998148316932e-03
2.346372530700686302e-03
2.346798022856976060e-03
2.345149631696728278e-03
2.344597868498245023e-03
2.345934027294072424e-03
2.345755095793962755e-03
2.345545326373851651e-03
2.345933404257796208e-03
2.345198387322478505e-03
2.342333026989394922e-03
2.342321439011804413e-03
2.344877420630582000e-03
2.343688377284934218e-03
2.342120210365597390e-03
2.342117243449304883e-03
2.338113601727516075e-03
2.337914104482766587e-03
2.337019411880713639e-03
2.335588106559024178e-03
2.333488935935819613e-03
2.334841317292863684e-03
2.335179605109966635e-03
2.335999796633033906e-03
2.332436057727369991e-03
2.331916811531774790e-03
2.328904741896198251e-03
2.329573197508426428e-03
2.328762567589739377e-03
2.327225133491525166e-03
2.327557410034762284e-03
2.325861199126368420e-03
2.326060774498194331e-03
2.322638678377410802e-03
2.322506568676617304e-03
2.321502929124624054e-03
2.317419958517637039e-03
2.316812622356089098e-03
2.315198317386447067e-03
2.312948369725531441e-03
2.312489986126798746e-03
2.308599512992407822e-03
2.307272216410313683e-03
2.305932193344799059e-03
2.304084218731524292e-03
2.302469417439655889e-03
2.302087974326833160e-03
2.301043308419063738e-03
2.299466451062552336e-03
2.298982503884286922e-03
2.298582833706299712e-03
2.300415155356054942e-03
2.298137038090690334e-03
2.297638984117113606e-03
2.295556346422263517e-03
2.293257643108422787e-03
2.293291492570315518e-03
2.292494325886672204e-03
2.292884686811318563e-03
2.290951248555860194e-03
2.289911677791308699e-03
2.289034861647606250e-03
2.288951229671553050e-03
2.289243950600434573e-03
2.289097933792383615e-03
2.290038781560353211e-03
2.289580802223871361e-03
2.291223055484052466e-03
2.291603889565643065e-03
2.294243457379532315e-03
2.294154475931968820e-03
2.292507547790379081e-03
2.292421878370887525e-03
2.291055823195753492e-03
2.289991554571883976e-03
2.289797911103647488e-03
2.291221431134398117e-03
2.290143542258804392e-03
2.290344720157437303e-03
2.289110951446814146e-03
2.289530432481989147e-03
2.288378203357380181e-03
2.288710442477335811e-03
2.289768902451798371e-03
2.288377882602922898e-03
2.289154898621619232e-03
2.290020310589941169e-03
2.290016755995133869e-03
2.291124876151352709e-03
2.292615541905435039e-03
2.293280340278593902e-03
2.296974640678977556e-03
2.297230605800451835e-03
2.299149090688787540e-03
2.300084211097198298e-03
2.301926891322445684e-03
2.302674926394191607e-03
2.302769512576441011e-03
2.303083865291708551e-03
2.306455464676953390e-03
2.306085644379713903e-03
2.307014697575801836e-03
2.305390228747334052e-03
2.305564457250637491e-03
2.305565211626732069e-03
2.305761285617511334e-03
2.308824866908187716e-03
2.308872775064794471e-03
2.308795304508084751e-03
2.307939753518257944e-03
