3.938089569531641118e-03
3.938089569531641118e-03
3.425750710811851629e-03
3.304984793902811507e-03
3.085199357525184212e-03
3.054490671641982898e-03
3.154093173104936809e-03
3.304971498934996480e-03
3.478817794980803343e-03
3.593738611979105813e-03
3.897960307049776023e-03
4.411913304007244671e-03
5.029031462145452762e-03
5.186990336347683909e-03
5.593654875500488066e-03
6.292518010258426470e-03
6.702434984690698941e-03
6.893707475832746255e-03
7.332320719975105386e-03
7.624033971864185161e-03
8.364971479830689630e-03
8.803331870231821676e-03
9.342928689138940701e-03
9.622558834150611237e-03
1.028709878800670302e-02
1.081514518098047536e-02
1.142837421877667195e-02
1.205460777565024212e-02
1.295461517887321057e-02
1.324404529943557819e-02
1.389042842903705742e-02
1.433037426709261354e-02
1.457849199607552659e-02
1.485101722081350224e-02
1.551484674065746472e-02
1.614858235130459813e-02
1.707820481983282276e-02
1.744825755166092354e-02
1.809216288811512502e-02
1.898219245274940584e-02
1.992257894568758014e-02
2.061681560476228900e-02
2.167648776179209591e-02
2.233702204280439696e-02
2.281858533761442834e-02
2.351112884457737598e-02
2.424049057801800841e-02
2.503179212628253714e-02
2.577742822894673116e-02
2.617539522221554865e-02
2.682898459380882866e-02
2.770911696328721974e-02
2.837565331155897722e-02
2.926577744998214159e-02
2.957438518406383873e-02
3.058063730721178111e-02
3.089288381754641544e-02
3.180456970926499177e-02
3.187956994848246267e-02
3.312638631974576531e-02
3.368211263190969140e-02
3.458529735515462195e-02
3.511417455906139240e-02
3.574338734083302299e-02
3.679913196206860415e-02
3.724629560207035062e-02
3.799616668092135191e-02
3.840157101829425740e-02
3.893314376782382180e-02
3.998305263075074834e-02
4.072325112493569571e-02
4.118279779156096276e-02
4.220598123055986639e-02
4.258193888612055861e-02
4.303366534175264574e-02
4.369869234905798122e-02
4.379652037229347927e-02
4.468589665053831345e-02
4.489431350157351008e-02
4.552137356911876986e-02
4.597745612652950203e-02
4.682240316793184060e-02
4.777762663140918548e-02
4.818884591173884513e-02
4.866728700886201880e-02
4.896980158858092042e-02
4.968709438902423059e-02
5.021286098729826203e-02
5.052546683380378101e-02
5.083965640975934147e-02
5.137644237483702386e-02
5.180896599517608586e-02
