3.938089569531641118e-03
3.938089569531641118e-03
3.356907376372018741e-03
3.241952999263297743e-03
2.960185731229357606e-03
2.865649333855593839e-03
2.812723563313541258e-03
2.792464989229578171e-03
2.819945353180356839e-03
2.833046733753437438e-03
3.032709555092548501e-03
3.247489004396429072e-03
3.520095950952173338e-03
3.833674963926014985e-03
4.029248692368431715e-03
4.492848327054042509e-03
4.957501372773205975e-03
5.294242751403296574e-03
5.619893158675555271e-03
5.938702226984394518e-03
6.106710336665573460e-03
6.353251662845861396e-03
6.639620264764929322e-03
6.904035225358240088e-03
7.226680675564037086e-03
7.642199622468162645e-03
8.191954147892064469e-03
8.421743938569158788e-03
8.825356169740550955e-03
9.019885636246283145e-03
9.261564504588502833e-03
9.587005028383535979e-03
1.001126531232015768e-02
1.075835405075216758e-02
1.132365065804536927e-02
1.166688352382349095e-02
1.227156466776537641e-02
1.306544744748742645e-02
1.339807252455662949e-02
1.389986194290984516e-02
1.427633611106257118e-02
1.483853510706874095e-02
1.508817684321532744e-02
1.552092938842477426e-02
1.649794127095592991e-02
1.662970857808410835e-02
1.745852641342359596e-02
1.802117188977770193e-02
1.834042543353513535e-02
1.907533276526087937e-02
1.965117269873713213e-02
2.055643313243515555e-02
2.110467318766179323e-02
2.175465662757417040e-02
2.252293630541111688e-02
2.304446070133541608e-02
2.348803972313379465e-02
2.447883336597762513e-02
2.486606825585225070e-02
2.565385553584009770e-02
2.619233196489458362e-02
2.706846095114887052e-02
2.784813587059355861e-02
2.834441722501802874e-02
2.941912130877665649e-02
2.981851589775210559e-02
3.036859908372917943e-02
3.099771194048379919e-02
3.192127145733091031e-02
3.274605103396034667e-02
3.328885921949131799e-02
3.411739429042361799e-02
3.514460476334262812e-02
3.564434540171263627e-02
3.637033573328105063e-02
3.688691576138134615e-02
3.739326008080275793e-02
3.779848691444168823e-02
3.896063771655940144e-02
3.960642580441130212e-02
3.989618920385167022e-02
4.083604465193108046e-02
4.089049783638079583e-02
4.123600445095727818e-02
4.149444989679373919e-02
4.229475232839597504e-02
4.291188164753109713e-02
4.351836368257881726e-02
4.347519479934034564e-02
4.395972130728894450e-02
4.468247232519070855e-02
4.517347658546865680e-02
