3.945394954300631210e-03
3.945394954300631210e-03
3.939155021470939350e-03
3.928331585756060160e-03
3.916598180876559691e-03
3.906136756687171845e-03
3.898082185308814496e-03
3.890069632906160979e-03
3.883486996571996596e-03
3.877874701559719511e-03
3.864710026813917773e-03
3.858774434298711288e-03
3.853056331125040684e-03
3.844516033994186885e-03
3.838269835199694183e-03
3.831025849604771574e-03
3.825556491975497155e-03
3.819916245231948487e-03
3.812581667035008608e-03
3.806952683492923449e-03
3.799110449697857585e-03
3.791914520904600665e-03
3.783238236983437613e-03
3.777091087113815509e-03
3.769351151400646572e-03
3.757916824169039039e-03
3.753276546816623933e-03
3.748289205754671248e-03
3.740759561940195949e-03
3.733787517205713717e-03
3.728291740299957517e-03
3.719902319164854892e-03
3.714994254105731791e-03
3.707579473578178318e-03
3.700244399409592742e-03
3.692727166564260897e-03
3.687694039922633383e-03
3.679779727585158998e-03
3.675873001738006515e-03
3.669994599747102883e-03
3.663415798061616085e-03
3.659130781386111218e-03
3.649730592678685544e-03
3.643058402541358987e-03
3.639905432033301632e-03
3.629918399183483350e-03
3.623276114446893296e-03
3.617117022696656175e-03
3.612649151310954113e-03
3.604857082943244227e-03
3.598916384658021328e-03
3.593282513144886985e-03
3.587721408183177241e-03
3.582407174433669024e-03
3.575936423636712561e-03
3.572778066923145389e-03
3.564464228068878280e-03
3.558438709460682182e-03
3.551196578623485017e-03
3.546763028959040547e-03
3.537265119467734691e-03
3.531660009628321845e-03
3.523843411882247520e-03
3.518410625571545547e-03
3.513138178273816133e-03
3.507589977147998993e-03
3.500669139164477341e-03
3.494204115874315238e-03
3.485954289072955552e-03
3.481974269933216931e-03
3.475366006596430132e-03
3.467721298885421619e-03
3.462273937445895736e-03
3.455678275395080660e-03
3.446991788799851769e-03
3.442596910039161240e-03
3.436267788497713530e-03
3.432106178507316006e-03
3.424544206065634026e-03
3.421155505593046538e-03
3.415941532606278554e-03
3.410105627629020884e-03
3.404734116603753535e-03
3.398845919341183207e-03
3.392875202834039119e-03
3.387918638135639562e-03
3.380734724397084241e-03
3.375382785797469316e-03
3.367827740471672580e-03
3.364682551416527806e-03
3.358121543212397309e-03
3.353212388373643087e-03
3.347358205128693909e-03
3.344797680111784213e-03
3.336741059166619359e-03
3.331325542261524743e-03
3.326922963076871676e-03
3.319381146007568603e-03
3.314148040043879938e-03
3.310856336324384183e-03
3.305620962881781252e-03
3.302406649739625735e-03
3.295952690853654662e-03
3.291254113129821451e-03
3.286976229566377673e-03
3.281876111912792379e-03
3.275382075334439501e-03
3.272578249535223159e-03
3.269018843341300710e-03
3.262462643595496169e-03
3.257100337963445610e-03
3.252429285349348140e-03
3.247094726675551612e-03
3.240797290989474826e-03
3.239103861998472288e-03
3.232802210449863163e-03
3.228264946441819234e-03
3.223377437372279379e-03
3.217990246662227102e-03
3.213084562580639358e-03
3.207572631658054101e-03
3.201186802091036347e-03
3.194930184262459796e-03
3.190628087545115728e-03
3.188003975475252674e-03
3.181984229324831374e-03
3.178344975441955989e-03
3.172700011324280575e-03
3.166217447483789423e-03
3.163132728554931151e-03
3.158323112416445717e-03
3.153245067212612045e-03
3.151291824380293271e-03
3.145859880674412717e-03
3.139628151197050750e-03
3.135314505528761370e-03
3.133023541475501560e-03
3.127531486343609717e-03
3.121950222757326112e-03
3.119086303316173907e-03
3.114696380777664739e-03
3.108936099676336273e-03
3.104353003572071258e-03
3.100969182224610696e-03
3.099034202237559241e-03
3.090170469040361394e-03
3.086852865265585048e-03
3.081770705838774750e-03
3.079997966101798070e-03
3.074602579886710329e-03
3.071232754506034602e-03
3.067142266502632161e-03
3.062252002547025207e-03
3.058152100283756305e-03
3.054805301096911140e-03
3.050821892651539493e-03
3.045977390958671746e-03
3.041645060239801367e-03
3.036207935974938148e-03
3.033450345861000898e-03
3.030176683897272457e-03
3.026463959351268201e-03
3.022488706381559840e-03
3.017518848743812928e-03
3.012968709808409948e-03
3.007847361087162465e-03
3.002889724393941005e-03
2.998240666164178180e-03
2.997013669703367609e-03
2.993519419119692986e-03
2.987315110504388995e-03
2.984618355560196817e-03
2.979047972563352194e-03
2.976414832267831618e-03
2.971090783103736820e-03
2.969255550036725439e-03
2.966280756730292970e-03
2.960870203223409016e-03
2.955215991766501141e-03
2.950903673002092803e-03
2.949636579375579902e-03
2.943622075812029303e-03
2.938766065319974464e-03
2.934856701663054925e-03
2.932228302845890557e-03
2.929607237166685901e-03
2.925061590776955201e-03
2.921618096324563735e-03
2.918081306449514956e-03
2.915185272448958184e-03
2.911281028758152048e-03
2.906900528378067883e-03
2.904026294501906458e-03
2.900255525104435649e-03
2.897254292053936305e-03
2.891306736016679198e-03
2.889584445621279623e-03
2.883197517695272171e-03
2.880195005454068511e-03
2.877022976716256831e-03
2.871047366065677172e-03
2.868296312522016292e-03
2.866686199338961370e-03
2.861974341031584684e-03
2.857856981051076946e-03
2.854745385230291789e-03
2.850174091451291008e-03
2.848558490510871236e-03
2.845193387656165182e-03
2.841124112397242548e-03
2.838764237997804321e-03
2.835057676636215575e-03
2.833102926546736140e-03
2.827565463749631778e-03
2.825997896498477248e-03
2.823422182841928141e-03
2.821288016551131046e-03
2.817375202300374370e-03
2.813287501880963690e-03
2.810955284086365073e-03
2.807941948845310044e-03
2.803059035396725587e-03
2.800023178585363953e-03
2.795578848068219335e-03
2.792660851000109117e-03
2.790662589371257270e-03
2.789253137138673032e-03
2.783366618336253519e-03
2.778730453188803847e-03
2.775447637789926238e-03
2.770973478587392732e-03
2.768295844680550809e-03
2.763490260483615103e-03
2.759728795862477838e-03
2.756727383417089793e-03
2.753807218587216513e-03
2.749637484501204869e-03
2.746832106673913025e-03
2.742083657976327263e-03
2.741278856196192708e-03
2.736817870188867907e-03
2.732630754188676570e-03
2.730790901231158144e-03
2.727833848582598541e-03
2.723908440614254429e-03
2.722989222972616377e-03
2.720496036752036943e-03
2.718108865273702844e-03
2.714536122607850554e-03
2.711561106444889714e-03
2.710545188228965369e-03
2.706857790802471696e-03
2.702379154283654408e-03
2.701029438825006904e-03
2.696473854350871745e-03
2.694787721662805172e-03
2.693168675107977025e-03
2.688261946754161996e-03
2.684752112759010347e-03
2.682065938638471606e-03
2.679505371857016961e-03
2.676562356900038554e-03
2.673814649843433890e-03
2.669051284732709608e-03
2.666312673860467101e-03
2.663831182789751836e-03
2.662054507607352922e-03
2.659836722756862230e-03
2.654381279185370930e-03
2.652170245578425786e-03
2.650508117712670978e-03
2.650446642047395596e-03
2.646031188197010570e-03
2.642575137276463072e-03
2.639693529254782175e-03
2.635097651823323488e-03
2.630949300595413626e-03
2.628652590586655954e-03
2.630395339730024276e-03
2.626240216920918465e-03
2.623840527467211949e-03
2.622289936385464697e-03
2.618445776276145422e-03
2.614121902830533056e-03
2.612134523421020399e-03
2.611792679988514214e-03
2.608195166286820469e-03
2.603566424062878429e-03
2.601230401817345838e-03
2.598893673437737122e-03
2.593346742170403538e-03
2.591837836160161990e-03
2.589942806510740162e-03
2.586840943758327970e-03
2.583686931635163081e-03
2.580864096048693292e-03
2.579744154770681214e-03
2.577923272518891761e-03
2.576616098315838432e-03
2.574708282148081579e-03
2.572650219122781662e-03
2.568081080449085597e-03
2.566401939402351753e-03
2.563936544288237043e-03
2.561131094324224991e-03
2.561754802429759212e-03
2.556425322810917510e-03
2.554300661601332980e-03
2.553216104445914236e-03
2.548223077503017527e-03
2.546329121544020895e-03
2.543449582302665865e-03
2.540428817650016661e-03
2.540363820370942528e-03
2.536186541693000521e-03
2.534511992477916399e-03
2.533319443774421746e-03
2.531277849755173958e-03
2.528585511326621529e-03
2.526856662614050935e-03
2.523695663322405528e-03
2.520669988367065829e-03
2.517907666100236818e-03
2.514923951018043901e-03
2.512101686323742721e-03
2.509097311804401372e-03
2.506261916286740572e-03
2.503923735765124520e-03
2.498451020367951740e-03
2.499940186350377378e-03
2.496042940677631675e-03
2.493717464886156809e-03
2.490577504907689338e-03
2.491043628858606324e-03
2.488207484848965756e-03
2.482830506616523145e-03
2.483254367429458664e-03
2.478722064554998543e-03
2.477176936227325904e-03
2.473963923955076975e-03
2.471791170111656191e-03
2.467978146539790297e-03
2.466344737386533432e-03
2.465486490596107815e-03
2.462848702436772931e-03
2.460206337919099324e-03
2.459271366176382905e-03
2.457914065710284281e-03
2.454798193104539526e-03
2.450858517914252053e-03
2.448304371761834530e-03
2.449086026666513673e-03
2.443666668046408277e-03
2.444078138487777371e-03
2.441595214939568277e-03
2.438402878550801657e-03
2.434498695420973628e-03
2.430660582806697285e-03
2.428500115924433350e-03
2.426615000950820174e-03
2.423929042173450944e-03
2.422906951356828230e-03
2.419614219813669490e-03
2.418428758858795491e-03
2.415675475818305270e-03
2.415938835043595322e-03
2.411674033726039692e-03
2.411582188794086489e-03
2.409089861697885897e-03
2.405548334306486982e-03
2.403757104350985607e-03
2.399362457507011812e-03
2.396253503515783419e-03
2.394082620114970725e-03
2.392792744701391187e-03
2.389603957310128431e-03
2.388033322884995993e-03
2.385547637038760299e-03
2.384832585068193470e-03
2.382901516877710107e-03
2.380028652054527304e-03
2.378337128492163423e-03
2.376242087247827216e-03
2.375742942786335677e-03
2.371680743071757479e-03
2.370615787024693208e-03
2.369102363973239235e-03
2.366582941401565530e-03
2.365244128753201964e-03
2.362202595304441904e-03
2.360838349486190941e-03
2.356847563873933678e-03
2.355546429905915149e-03
2.353476131570074893e-03
2.351542110793901266e-03
2.348689966037762963e-03
2.346383030521537617e-03
2.344151122870491172e-03
2.342831167007036752e-03
2.341215943687312978e-03
2.338541604797616039e-03
2.336445982049953005e-03
2.334673338310213394e-03
2.332721826065393880e-03
2.330711877441020083e-03
2.328779849343631022e-03
2.325900123320696639e-03
2.326459479651574441e-03
2.325042604569045688e-03
2.324504548194773236e-03
2.320939447713545652e-03
2.318913458009504158e-03
2.318227432260858145e-03
2.316033666056028801e-03
2.314520551777913757e-03
2.314334547751539795e-03
2.312053184023749475e-03
2.310749145319795222e-03
2.310050500828427899e-03
2.307325742518709973e-03
2.306676628018095119e-03
2.304250393985603999e-03
2.302117163442828941e-03
2.298039560832204880e-03
2.294397070597460273e-03
2.296187921260794962e-03
2.293608870092910847e-03
2.291188430355705925e-03
2.289188620565033114e-03
2.284976355148149365e-03
2.284077182799272056e-03
2.282845529074802992e-03
2.281283035814080269e-03
2.281580647613650707e-03
2.280812957753007228e-03
2.278312024014804253e-03
2.277758398360473033e-03
2.274594927665862971e-03
2.272689522380623613e-03
2.271824791810936675e-03
2.270744895096955211e-03
2.269760427190565047e-03
2.266758406115105748e-03
2.267533966919287654e-03
2.265436735888906247e-03
2.261876449782187961e-03
2.259878335469149742e-03
2.257887845036948490e-03
2.257040336772868361e-03
2.255319196313135439e-03
2.254587658086244090e-03
2.254111932979569952e-03
2.253793551834770616e-03
2.250676519064354064e-03
2.246927400233834481e-03
2.245755775593522019e-03
2.244783314336911730e-03
2.242670751823190502e-03
2.240164859460238005e-03
2.237895579643082392e-03
2.235172060269327837e-03
2.234354352163982899e-03
2.231944363867267942e-03
2.232773729730584081e-03
2.230484327339407775e-03
2.228579409369080364e-03
2.226609078487283132e-03
2.225563813875466434e-03
2.222558214291964727e-03
2.222151780775524863e-03
2.218521306921566495e-03
2.219778154238045021e-03
2.218289988474120289e-03
2.215053581492360153e-03
2.214287407352174240e-03
2.210924336446449655e-03
2.209743952577482295e-03
2.207332653887524639e-03
2.206321689049803563e-03
2.204256694338348893e-03
2.202736950661196309e-03
2.199789670859073325e-03
2.198697844728697472e-03
2.194347837289570280e-03
2.192544139672189443e-03
2.193510582348031854e-03
2.188042039291467501e-03
2.187618185449199514e-03
2.186435093834429404e-03
2.185537469370182027e-03
2.183947940142934308e-03
2.182156183716621543e-03
2.180552105318850093e-03
2.178223116293054144e-03
2.176823296297257602e-03
2.176156663024815443e-03
2.173501121288023887e-03
2.171970867955643619e-03
2.168977028570909411e-03
2.164982175303613397e-03
2.165652036560527290e-03
2.161130567465047430e-03
2.162433184988887987e-03
2.159716259948108071e-03
2.159838809342098410e-03
2.156452606629320236e-03
2.156593816737283759e-03
2.153736109344114771e-03
2.152870988542481250e-03
2.150639096656409635e-03
2.148722632704784009e-03
2.149306838773169977e-03
2.147142116846990304e-03
2.145680298078752723e-03
2.143691774241519507e-03
2.141832792550400506e-03
2.141795681665960380e-03
2.140096108992051247e-03
2.135184733903213415e-03
2.135551124674842788e-03
2.136826994616007266e-03
2.134523297094757365e-03
2.129399527584033888e-03
2.129744051197066373e-03
2.128885530837396674e-03
2.128815997144307276e-03
2.125400832250431710e-03
2.126101649009856306e-03
2.121456700748931400e-03
2.121641996684888332e-03
2.120955327999966486e-03
2.119716025189437997e-03
2.120037727226240561e-03
2.118829824178952541e-03
2.117589651091327137e-03
2.119068124638690421e-03
2.117016043896070582e-03
2.114942488320814204e-03
2.115750629214756262e-03
2.114830064028022736e-03
2.115074628373987600e-03
2.113229510535429359e-03
2.111025157221769338e-03
2.110990093451065551e-03
2.112613288520962494e-03
2.110899542408454805e-03
2.111134608875686169e-03
2.109588720838177691e-03
2.109846711505442961e-03
2.109418697591449940e-03
2.107463390483676601e-03
2.104161982884001844e-03
2.102563819955214838e-03
2.098619075666911023e-03
2.099596377204899708e-03
2.100010945364266714e-03
2.097463093361223632e-03
2.096508589305584331e-03
2.094527952620666919e-03
2.092893479868590360e-03
2.096408312562094822e-03
2.092527323685970230e-03
2.091997369690992183e-03
2.088060897124596922e-03
2.086499292535978854e-03
2.086432957695845414e-03
2.082083579290950476e-03
2.081171093335691755e-03
2.079637172494216892e-03
2.081234352336993297e-03
2.078312548328735410e-03
2.079504760649328928e-03
2.076887526886795829e-03
2.076799966276766333e-03
2.076074441837598861e-03
2.075880102276530994e-03
2.073960277003989317e-03
2.073579592304674365e-03
2.071695539560202640e-03
2.069355975852108908e-03
2.068239292699456180e-03
2.068811140341026821e-03
2.065139092712435509e-03
2.066718868284989855e-03
2.061775046892111787e-03
2.063248370548883409e-03
2.061008856914066205e-03
2.060427894754785112e-03
2.057290899687876096e-03
2.057491537755353102e-03
2.058132678757389113e-03
2.056082405172914192e-03
2.054363870321157179e-03
2.054411338187192571e-03
2.053629369931993416e-03
2.051605617757255688e-03
2.049371717180731387e-03
2.046568683930558800e-03
2.043995506921889721e-03
2.044746607140209699e-03
2.046184408800550206e-03
2.045480005490172247e-03
2.045723644112144423e-03
2.041565067645676780e-03
2.039818568984650728e-03
2.039971638855909812e-03
2.036977705125147219e-03
2.037086876756606137e-03
2.034240518673202137e-03
2.034604479831557487e-03
2.034341368679847776e-03
2.030350501430949056e-03
2.031501687293794586e-03
2.030979267455986208e-03
2.029434708024161968e-03
2.028919093266902569e-03
2.029608862282889208e-03
2.027591423768697245e-03
2.026453147168870948e-03
2.026993295793630412e-03
2.026335931898941897e-03
2.024723582191862836e-03
2.022934552938792513e-03
2.019502282479661466e-03
2.017778890970853539e-03
2.017799280414391602e-03
2.015751869057752065e-03
2.013013907859769261e-03
2.016406905067047017e-03
2.013922477055749092e-03
2.012549869093442374e-03
2.010933742145663838e-03
2.011731937766089284e-03
2.013633275106394612e-03
2.011222561046848312e-03
2.009144170269723702e-03
2.010793123630645954e-03
2.010166873857654937e-03
2.009833960843214820e-03
2.009002812047901761e-03
2.008309436936413922e-03
2.008055059542447271e-03
2.005610867095864846e-03
2.002070258949942543e-03
2.003462816960507615e-03
2.004232593950104700e-03
2.002343943091941959e-03
2.001368687255794272e-03
1.999362518002073281e-03
1.997737880951073672e-03
2.000595003474329309e-03
1.997881748164143881e-03
1.998046441322106313e-03
1.999619987163011280e-03
1.996730248227183546e-03
1.994860854589260244e-03
1.995144401787015461e-03
1.991158167060008439e-03
1.989814375257136468e-03
1.987201008140565984e-03
1.985896266300780488e-03
1.986367183330011929e-03
1.985345323370779277e-03
1.984822742611340712e-03
1.984603136758943728e-03
1.982008827809815001e-03
1.981134550310327102e-03
1.981072147053143055e-03
1.978926541182615857e-03
1.980035925774113401e-03
1.978390920604770377e-03
1.980397097426187403e-03
1.977080788614924648e-03
1.976656061286534687e-03
1.974983411658081355e-03
1.975336579284240647e-03
1.974162948981780970e-03
1.971163345930018306e-03
1.970151639611985618e-03
1.967284824594511296e-03
1.967995581980382883e-03
1.965139738123246414e-03
1.964785128534433239e-03
1.964635897844243129e-03
1.967613332431772215e-03
1.964860634011994511e-03
1.958815705924122578e-03
1.956114735029811005e-03
1.955736427541338723e-03
1.955889940857743863e-03
1.953513636773666819e-03
1.952957585002548964e-03
1.953452590235374518e-03
1.953352397891542410e-03
1.952885377892801593e-03
1.950247424092936338e-03
1.947995831004796985e-03
1.944905663473716099e-03
1.944627621559532780e-03
1.944895611750942525e-03
1.945012796543137525e-03
1.941629028431187147e-03
1.942098940999902089e-03
1.940335887509558530e-03
1.940772744306845004e-03
1.939937622360149612e-03
1.940310754035886893e-03
1.939952105824500851e-03
1.938409154100925258e-03
1.935730504403153666e-03
1.937981018574971934e-03
1.935097299487937910e-03
1.935642678960785169e-03
1.936264300340205654e-03
1.935626034905001168e-03
1.933352390991619884e-03
1.935214371736865887e-03
1.932591169842927262e-03
1.930284569303673857e-03
1.928584540610657917e-03
1.926917436494921584e-03
1.927018985130779646e-03
1.927732722125577360e-03
1.927328516194443163e-03
1.925480425314378147e-03
1.924018976308537699e-03
1.924088981451451156e-03
1.924449245612628060e-03
1.922117192423902863e-03
1.919359695572183874e-03
1.921268593010650848e-03
1.919597062447084279e-03
1.918191742498354547e-03
1.917848592806381883e-03
1.918406065670491935e-03
1.915799724161905285e-03
1.917435851178724612e-03
1.916952317882836352e-03
1.916890208777000549e-03
1.914213859706648865e-03
1.914417013544535357e-03
1.912076134626214657e-03
1.913139299944243386e-03
1.914104628580717230e-03
1.912263508532980466e-03
1.913992178163310054e-03
1.913243790690259379e-03
1.914991677309702033e-03
1.910534313666004602e-03
1.911423268465442136e-03
1.913169323063215656e-03
1.910340239231048121e-03
1.911864583914431879e-03
1.909868621174192274e-03
1.908941500952365030e-03
1.907919280720935971e-03
1.910038370383496413e-03
1.908527505430202822e-03
1.906217417889863319e-03
1.905044164126884878e-03
1.903590215225201086e-03
1.899212033767361252e-03
1.900855409558008073e-03
1.899447552116250142e-03
1.900224399290315058e-03
1.900771792684547443e-03
1.897162268532289701e-03
1.896235226343690339e-03
1.898910174744544103e-03
1.897115163270406092e-03
1.896302941435353169e-03
1.895330109638042109e-03
1.893962100745769919e-03
1.895732269473429698e-03
1.893584281403574727e-03
1.895218251668480272e-03
1.896088581175021069e-03
1.895791230155227962e-03
1.896465200392828589e-03
1.894142962563753882e-03
1.896089088936423438e-03
1.894537554681014618e-03
1.896415183793690373e-03
1.893292765484664133e-03
1.891385357515536691e-03
1.893233118978578534e-03
1.890970093698721155e-03
1.890745780276967703e-03
1.889653005678500024e-03
1.890254050710785680e-03
1.888666511115403906e-03
1.888960925285237827e-03
1.886994628155672571e-03
1.889936122572563474e-03
1.885683658348191911e-03
1.884313878120298571e-03
1.884433629446503845e-03
1.884774945187490209e-03
1.882943109212093782e-03
1.886800986129308745e-03
1.886131828189934910e-03
1.882049025932172213e-03
1.881981182940257145e-03
1.882193809434652221e-03
1.880974904015691399e-03
1.879473590353138547e-03
1.877936899789114066e-03
1.880899425528086621e-03
1.879396663612626197e-03
1.877945129790971595e-03
1.878709997062931025e-03
1.879921566841361719e-03
1.880179540371866445e-03
1.879281401547070124e-03
1.876154050019552188e-03
1.876130874424880536e-03
1.876298359139174331e-03
1.874588122621778132e-03
1.870736382311052621e-03
1.871763652547024257e-03
1.869741220233625458e-03
1.870423791061146673e-03
1.870288702260362607e-03
1.868080362889238885e-03
1.868707707613114421e-03
1.867402219397127413e-03
1.868514473927088268e-03
1.867127296508756459e-03
1.864309279749056577e-03
1.862633449678671943e-03
1.859880882627579267e-03
1.860563263460947910e-03
1.859828313656143811e-03
1.860054644887871710e-03
1.859714081784969797e-03
1.858517790928371043e-03
1.860679274387075409e-03
1.860105533660756563e-03
1.858751844730862366e-03
1.855903854591698298e-03
1.857784214181563889e-03
1.855806721523227875e-03
1.855795148854254371e-03
1.854496048552551702e-03
1.853930888993347197e-03
1.853140162053983162e-03
1.853134668207257092e-03
1.851181628947613095e-03
1.851849958346046864e-03
1.851685829369044845e-03
1.852460280483456774e-03
1.854804659440756820e-03
1.850564048553058347e-03
1.850829440759392758e-03
1.850748450666090316e-03
1.847974938639398903e-03
1.850117705880783159e-03
1.850736631834702575e-03
1.850461856651307692e-03
1.851737616805153828e-03
1.850912081200993976e-03
1.849217941226483043e-03
1.850059213394330236e-03
1.848333205526730147e-03
1.850765119288558724e-03
1.848118089466262897e-03
1.850034210495669039e-03
1.846093819431250541e-03
1.846848014243158411e-03
1.842922700678248154e-03
1.840684778962157781e-03
1.840923363180943604e-03
1.839402097326760547e-03
1.838450815785369749e-03
1.838064216840126731e-03
1.838392496105764867e-03
1.837605817227670919e-03
1.837101778689641035e-03
1.838201883469872157e-03
1.836055174267979019e-03
1.836093440946823772e-03
1.836288571693535550e-03
1.834220290791071682e-03
1.834911627636088552e-03
1.834959072132697974e-03
1.832804781569081966e-03
1.832883016013784911e-03
1.831062296992849421e-03
1.828102691708960361e-03
1.832147943690429518e-03
1.829466425288930019e-03
1.829282730631169498e-03
1.830129288216878532e-03
1.828378755921617480e-03
1.829351622324326297e-03
1.825354470931857048e-03
1.824208209361901853e-03
1.825967405900969041e-03
1.823022497196352979e-03
1.824381366151291064e-03
1.820006130236562084e-03
1.821440045407705932e-03
1.823267967256707615e-03
1.820595904214984944e-03
1.820752060869480597e-03
1.819584384444533458e-03
1.821760133242956558e-03
1.818584741673620348e-03
1.818020196438110405e-03
1.817007926162374698e-03
1.817444424619201436e-03
1.814387317670989328e-03
1.815441884802072208e-03
1.817572104190738874e-03
1.813894880029615075e-03
1.816108968421458131e-03
1.811965924992105714e-03
1.811953248389253654e-03
1.814102482018348358e-03
1.810717022769305204e-03
1.812482849940288097e-03
1.812151045519251689e-03
1.811496826360431802e-03
1.810686008277421436e-03
1.810237001369137790e-03
1.812812787766877138e-03
1.812212192539036041e-03
1.808511057352122893e-03
1.808684487303338813e-03
1.808858025915995255e-03
1.809224051167814245e-03
1.809060588211296216e-03
1.808340828009729652e-03
1.807104978374513048e-03
1.806455446902343904e-03
1.807122998038832766e-03
1.805447060468193775e-03
1.807149340561298645e-03
1.808326757329680595e-03
1.807358670545286192e-03
1.808281768284344037e-03
1.807708644589471744e-03
1.807081211303812867e-03
1.807552988040293709e-03
1.806881087018160454e-03
1.804802984392006810e-03
1.805373300242260181e-03
1.804150009935897182e-03
1.802792060504041123e-03
1.802041630163346304e-03
1.803647209205751483e-03
1.799254672935078668e-03
1.799250387066264525e-03
1.801068991684204442e-03
1.799755675472449563e-03
1.799423025989048451e-03
1.798741004021097009e-03
1.798112997010270064e-03
1.797407783910582278e-03
1.795362608115766943e-03
1.795036452108305074e-03
1.794142856520408074e-03
1.792797607829185692e-03
1.794659784084840339e-03
1.793994019028043825e-03
1.793570557598039329e-03
1.795396246412953511e-03
1.792176774673937770e-03
1.789764341549914982e-03
1.789095944520128654e-03
1.789634691503099806e-03
1.790192187807170768e-03
1.788636325305846628e-03
1.787776907357838639e-03
1.786428784886399425e-03
1.785749133057513462e-03
1.783544487701979033e-03
1.784152321449262394e-03
1.781061866267310721e-03
1.782979812545552835e-03
1.781810288934531673e-03
1.783704758971658413e-03
1.784776441861207416e-03
1.783364215147116441e-03
1.784404093324602888e-03
1.782377170482111637e-03
1.777525043880827209e-03
1.776500169940627627e-03
1.776083394743016184e-03
1.772956192135437779e-03
1.771651836698904560e-03
1.770945136812973391e-03
1.769860973322363298e-03
1.771110602450260470e-03
1.771702915683300234e-03
1.769672525141139253e-03
1.770304408993416279e-03
1.769319617024884628e-03
1.769649008280199535e-03
1.769537200203448934e-03
1.769035948456736075e-03
1.766918311728328398e-03
1.767095155197280368e-03
1.766267724496823179e-03
1.764977144316231313e-03
1.762104829546131887e-03
1.762689962056364704e-03
1.762207423674280347e-03
1.762352909035978452e-03
1.762353471329836411e-03
1.760698201910631654e-03
1.762948017117249968e-03
1.761301097286624559e-03
1.758715194113861808e-03
1.759428840878629477e-03
1.757076393571516300e-03
1.757667146556097636e-03
1.757128722976518008e-03
1.758459825914712249e-03
1.758237457055594494e-03
1.757438303333907093e-03
1.758660590304922128e-03
1.758080506784704886e-03
1.758260196095075712e-03
1.758009778969309243e-03
1.757250974106959939e-03
1.755754772194889840e-03
1.758551538806297446e-03
1.759021783038351976e-03
1.757464107978885630e-03
1.754719892053923855e-03
1.756946231405359616e-03
1.757821872821062944e-03
1.755683601838038460e-03
1.753242554011014273e-03
1.754227950581108966e-03
1.752810114804653242e-03
1.752739533787272316e-03
1.751050101344666038e-03
1.752630191390502001e-03
1.750969675620298862e-03
1.751211344614719487e-03
1.748623100145680308e-03
1.750335070517600872e-03
1.750737253123433278e-03
1.749478421746447718e-03
1.748514036638151338e-03
1.749050673472659191e-03
1.748060845683165488e-03
1.749694859866966247e-03
1.751335852421948480e-03
1.750686808778901702e-03
1.749958924103801536e-03
1.751574720509129889e-03
1.750979616166155588e-03
1.749929663326971370e-03
1.752889490292457554e-03
1.749847726382296013e-03
1.750115993436239959e-03
1.750279396252433194e-03
1.751415113973067619e-03
1.747859126313300576e-03
1.748019151354736431e-03
1.745671231247990013e-03
1.747154698146075567e-03
1.747469316220358251e-03
1.746757348415498099e-03
1.748496025972091222e-03
1.746598964621838383e-03
1.746175275157433064e-03
1.746140817200595363e-03
1.746908943069321344e-03
1.745794876311958710e-03
1.743574660326534459e-03
1.745511043041812239e-03
1.746939987071362667e-03
1.745982016062143458e-03
1.747457453874604787e-03
1.747152585068303130e-03
1.747189886151908267e-03
1.744742098359207362e-03
1.744184564447866237e-03
1.744598328596618647e-03
1.744782558006443196e-03
1.742833924198924044e-03
1.745690409841597337e-03
1.742348314682027948e-03
1.744372460097515752e-03
1.743020606458413509e-03
1.742455083924009628e-03
1.740348612565187011e-03
1.740776591636229460e-03
1.741849989210305424e-03
1.741777976367467253e-03
1.742669333660101577e-03
1.740808643335231814e-03
1.740510380480610360e-03
1.739974568061547272e-03
1.739329451273000484e-03
1.741621885630246277e-03
1.739053378433250184e-03
1.738739763203650014e-03
1.739121039421559489e-03
1.738073809444788459e-03
1.732539674885162032e-03
1.735853773215622264e-03
1.738092761597302477e-03
1.736282081373699679e-03
1.739172861281762907e-03
1.739947699684972005e-03
1.739360586030560792e-03
1.739194625845044521e-03
1.738456971484161982e-03
1.738338213357772284e-03
1.738305591675938597e-03
1.740532599976354552e-03
1.740869936427952899e-03
1.741168827572704778e-03
1.741778009605688890e-03
1.740222946402626009e-03
1.741636352097472888e-03
1.742302306393189509e-03
1.740560074390152829e-03
1.740303670134057956e-03
1.742372866813835831e-03
1.742113379521907819e-03
1.741051560589108741e-03
1.740555792482543747e-03
1.743112829210977013e-03
1.742642423957832792e-03
1.741283579664726095e-03
1.739025761430841067e-03
1.742803869698225780e-03
1.739911712498677697e-03
1.738780034442424707e-03
1.738259362674521302e-03
1.737265577310685791e-03
1.736167911173789680e-03
1.735759158886434738e-03
1.737186194218078190e-03
1.733866574534152815e-03
1.733034210372612176e-03
1.731346580960662100e-03
1.731080755879873092e-03
1.729806501201721367e-03
1.728606473511397346e-03
1.729942209793190570e-03
1.729380012629673112e-03
1.732250775736167208e-03
1.727720840404349490e-03
1.728415406031591668e-03
1.730949934034630312e-03
1.729324116191179907e-03
1.731101487881730756e-03
1.732323922684912004e-03
1.732251709927367950e-03
1.733846560870459927e-03
1.733267476468011671e-03
1.730552596579933893e-03
1.731352121344333908e-03
1.729348453842681661e-03
1.728206116734308994e-03
1.728624431588733938e-03
1.729705727192030118e-03
1.728843911533919399e-03
1.731004187172171822e-03
1.731929932688287604e-03
1.730088786165833456e-03
1.729227462805439436e-03
1.729524551335395602e-03
1.727371376599458330e-03
1.728319362007444066e-03
1.727684863507515439e-03
1.728616060885853961e-03
1.724484047772852817e-03
1.724320211554118297e-03
1.727552805801679976e-03
1.729405939080814244e-03
1.727110143873419271e-03
1.728329420894200372e-03
1.726227606524077807e-03
1.727389351298445159e-03
1.725079522386797470e-03
1.727013824985385894e-03
1.727539785549875957e-03
1.728033770049238263e-03
1.727820584797806888e-03
1.727513556778073481e-03
1.727174581059208285e-03
1.728477601748219360e-03
1.730505395491453843e-03
1.729779924080073611e-03
1.732515748244472902e-03
1.729178061332662525e-03
1.730989448240972386e-03
1.730006539677857386e-03
1.728730300183285284e-03
1.731931977562546025e-03
1.729374495205918258e-03
1.732666160768295055e-03
1.729553031749690110e-03
1.731641361713806169e-03
1.731337748282860915e-03
1.732955352205752626e-03
1.731776094842930793e-03
1.734133880092185442e-03
1.732769089660374500e-03
1.730808912347858849e-03
1.730861446265892067e-03
1.730525021515447962e-03
1.730617000605330939e-03
1.730865647035912096e-03
1.730270425411751080e-03
1.732547959117110899e-03
1.734068163601274306e-03
1.732351246400211028e-03
1.732693763543950933e-03
1.733611814567748675e-03
1.733057261123957830e-03
1.730530719221552629e-03
1.731416452054458264e-03
1.728651851383411356e-03
1.727872227291171866e-03
1.730682288591558517e-03
1.728900893351903532e-03
1.728476301424614709e-03
1.726953978487408324e-03
1.725864602013458962e-03
1.726266324657384915e-03
1.725971219541506908e-03
1.725270705086683152e-03
1.726199187989814346e-03
1.726149009139335512e-03
1.723187739537286167e-03
1.726063899874978689e-03
1.726183807379503806e-03
1.724911928168965927e-03
1.722862507762255337e-03
1.722869043893963687e-03
1.722739907390737025e-03
1.724240974493978932e-03
1.724973172367795038e-03
1.724061333296964069e-03
1.727175586844200902e-03
1.726069708756723014e-03
1.724170793329608516e-03
1.724039722488670580e-03
1.723278013733324119e-03
1.723095506232804599e-03
1.721491385555957944e-03
1.721886089706459871e-03
1.720726265934459463e-03
1.718743823352582951e-03
1.721861563613112222e-03
1.717175992859543534e-03
1.717356452817343695e-03
1.716384253475683854e-03
1.717127602126875636e-03
1.718557158303287043e-03
1.716895191635507125e-03
1.715068904556738254e-03
1.716287281591395535e-03
1.715296003752065984e-03
1.714659521505253583e-03
1.714330871013754632e-03
1.714223981639476481e-03
1.714450637048162227e-03
1.712026662653067790e-03
1.712228934033318238e-03
1.713635065054331524e-03
1.712532295020930111e-03
1.711006249326490168e-03
1.709494250822196117e-03
1.709086145126230329e-03
1.709226861647787296e-03
1.708992251665682107e-03
1.709070721725025697e-03
1.711023911855003715e-03
1.709623124484385215e-03
1.710210894488588436e-03
1.710518152271965934e-03
1.708410068365374393e-03
1.710441027513284230e-03
1.710487701219221912e-03
1.712133151959976301e-03
1.710837594140937395e-03
1.711257607506398151e-03
1.707260943191447411e-03
1.708416079787385394e-03
1.710128381416170127e-03
1.708359054274844174e-03
1.711191077083853117e-03
1.711110964477177438e-03
1.710776443245667173e-03
1.710351220189068296e-03
1.709027303039518941e-03
1.708904827913115690e-03
1.708585936996910061e-03
1.709042589244820498e-03
1.709779706129934285e-03
1.708613370191149321e-03
1.708732928956024216e-03
1.706916914026448441e-03
1.708451355299389456e-03
1.709071568073217313e-03
1.708417674781182588e-03
1.710872093887632044e-03
1.706934413928387021e-03
1.705499940158218281e-03
1.703649152839372891e-03
1.704366502890065005e-03
1.705010720290337867e-03
1.702901714344671026e-03
1.704953235171789315e-03
1.704509945173726063e-03
1.702817769877696015e-03
1.702797947236990486e-03
1.699427481571800114e-03
1.702128605203549836e-03
1.700803533225306655e-03
1.703247966721955923e-03
1.700960596594216579e-03
1.702177911398174625e-03
1.701964045591081078e-03
1.701598834355935383e-03
1.700629589011730175e-03
1.700959942731635963e-03
1.701151304508057363e-03
1.700915107012761825e-03
1.703720777401438943e-03
1.704679851173663413e-03
1.701898587759114465e-03
1.703423560962836428e-03
1.700643212005766838e-03
1.700068069351465651e-03
1.700599673409757765e-03
1.701501319694834202e-03
1.702033135383432478e-03
1.699824947754813168e-03
1.697817353912979771e-03
1.697109339134188644e-03
1.696190686299433930e-03
1.697268675061213133e-03
1.695376478613627854e-03
1.697892292696839096e-03
1.695513807884894671e-03
1.694284294586408546e-03
1.695211346980939711e-03
1.694654668977094505e-03
1.693499263279244329e-03
1.692837584540071499e-03
1.691094909253925598e-03
1.690718337530771470e-03
1.692170446053157954e-03
1.691291907287049458e-03
1.690808206881179963e-03
1.692660227988748885e-03
1.692351954192154685e-03
1.691270346462498374e-03
1.690186276954041287e-03
1.690725477748137402e-03
1.690392304446197182e-03
1.688934500863645705e-03
1.689675743005729499e-03
1.687548130473639140e-03
1.686846318709644705e-03
1.688381581774358806e-03
1.687061199054921100e-03
1.686144974955856813e-03
1.688359120818394956e-03
1.686374039464090665e-03
1.688058219080386087e-03
1.687541388685005490e-03
1.687060243634108322e-03
1.684499964231033018e-03
1.687539935292524688e-03
1.688747859866327220e-03
1.689562619717780920e-03
1.687148871316726962e-03
1.687585641047374815e-03
1.686740376730137695e-03
1.685465319838735498e-03
1.687839408964914674e-03
1.685557742442838182e-03
1.684129659336826594e-03
1.685360789516825077e-03
1.686061484419101386e-03
1.687154084606175969e-03
1.686782851750648696e-03
1.687044835673622489e-03
1.686563626064773455e-03
1.686220519750871024e-03
1.687965240568645555e-03
1.685277128884385585e-03
1.688431529920041878e-03
1.687124720667926943e-03
1.685910368588128001e-03
1.691603411989608518e-03
1.688020589748610769e-03
1.688599814356370795e-03
1.689719216562690206e-03
1.689991408130328207e-03
1.688074382443373756e-03
1.689960500880808517e-03
1.691650869709334769e-03
1.689346453852133599e-03
1.691726316377991030e-03
1.689574748869047179e-03
1.690197426431834992e-03
1.688461967459636099e-03
1.689549221460008794e-03
1.691187974637334626e-03
1.688963785680383089e-03
1.691719466274064663e-03
1.690405957928320943e-03
1.691879664008255364e-03
1.692228265946561262e-03
1.692730019001325399e-03
1.692091577951671281e-03
1.691757840861868529e-03
1.691093688821028928e-03
1.692814956304432945e-03
1.694327926345504890e-03
1.692101172222015186e-03
1.694616992122921495e-03
1.690740890844608406e-03
1.691622375816128915e-03
1.695683197721813444e-03
1.691725596607071081e-03
1.691720093706089185e-03
1.690990834457227997e-03
1.692279552146162217e-03
1.690433628329465797e-03
1.692718600503043732e-03
1.692528294868032119e-03
1.688706449852222635e-03
1.689675061867133019e-03
1.688956178594251721e-03
1.686943627070684867e-03
1.690076797742682451e-03
1.689670968005674420e-03
1.690183430643193247e-03
1.687304152667385175e-03
1.688942781317178841e-03
1.689604805471088197e-03
1.687865731488512972e-03
1.689158475244005022e-03
1.691515634384349511e-03
1.693587366676799688e-03
1.693095696508828624e-03
1.693519458055565800e-03
1.694200861623232921e-03
1.694625937693814907e-03
1.692382085671424036e-03
1.693132901011890718e-03
1.694615365263843704e-03
1.692547667314345033e-03
1.695273872326087845e-03
1.691951648392252131e-03
1.695308642127915915e-03
1.692219378303918154e-03
1.693078619197284579e-03
1.692239622909062552e-03
1.693643840344204697e-03
1.691903299729076221e-03
1.693268679184805128e-03
1.691781192298992108e-03
1.696313911038081421e-03
1.692847658557334895e-03
1.693148564778657874e-03
1.692844672319766255e-03
1.691929286288294722e-03
1.693594985637010900e-03
1.696335778281979215e-03
1.693951290514066543e-03
1.695991726430031354e-03
1.693287110019221081e-03
1.694346900161993559e-03
1.693560879342143142e-03
1.696078530190365738e-03
1.693029355021986827e-03
1.691487630177386167e-03
1.692739226228974969e-03
1.696093272295218137e-03
1.695110200702651436e-03
1.694785779593857220e-03
1.693301578537900450e-03
1.694550043020663383e-03
1.693405724483567146e-03
1.695750531911690683e-03
1.695245844150116516e-03
1.695303482292860381e-03
1.693651708614282063e-03
1.695582678085448634e-03
1.692780460431761360e-03
1.694167474439831718e-03
1.694357375699697115e-03
1.694835836259439956e-03
1.694943196093712636e-03
1.696332279274291241e-03
1.693319089807532925e-03
1.693975924319275107e-03
1.695680484891342113e-03
1.695418080528098481e-03
1.695010475018873244e-03
1.694851656212005998e-03
1.692180843606895004e-03
1.696241392785100043e-03
1.694006368324333127e-03
1.697878938264168504e-03
1.696600555822149088e-03
1.696225473129101208e-03
1.697248755252773024e-03
1.695720843569261272e-03
1.695254944853845109e-03
1.695680575876740799e-03
1.695131686880106941e-03
1.697778509641401394e-03
1.696382057448263996e-03
1.695655326098772456e-03
1.695653184568171818e-03
1.695222511590615492e-03
1.695612157603309947e-03
1.698005134848079361e-03
1.697844214822851350e-03
1.697364226980960320e-03
1.699571598285829497e-03
1.701672132996296261e-03
1.701458469002843383e-03
1.700447265280117214e-03
1.702083192694715938e-03
1.701552961709937219e-03
1.700434865152668489e-03
1.701100840265936135e-03
1.698768725973676596e-03
1.701477997695523487e-03
1.700622468184127475e-03
1.699400702327166692e-03
1.698543591884943893e-03
1.696908575718301384e-03
1.698090336131026414e-03
1.694797439516744888e-03
1.696237460484886729e-03
1.693597707706919787e-03
1.693889727232424092e-03
1.695584344338508208e-03
1.695012622131972322e-03
1.693015536449029050e-03
1.694737289122150463e-03
1.693734882951907026e-03
1.690873531051106157e-03
1.695742515763828430e-03
1.694120881929703660e-03
1.692072319755043167e-03
1.694072243119186050e-03
1.691939310053779686e-03
1.691135536960132468e-03
1.690726937056999521e-03
1.690046878692434088e-03
1.691001369203497988e-03
1.693020013682061068e-03
1.691193730457534643e-03
1.692797412956981336e-03
1.695272178507358689e-03
1.692774408753687119e-03
1.691842626132464495e-03
1.691960641998134941e-03
1.688666575729753276e-03
1.691639984850344062e-03
1.689352842865944225e-03
1.689242317958500545e-03
1.690099291437141592e-03
1.692788873955422329e-03
1.692682708975884118e-03
1.692544259760760464e-03
1.692166167358531920e-03
1.690513338329678551e-03
1.689729825178557703e-03
1.691260487592122696e-03
1.688615102495112522e-03
1.688737201019102022e-03
1.688252646119784957e-03
1.689657065933499770e-03
1.689854626150873954e-03
1.689793871180937049e-03
1.690295207652471035e-03
1.690694835596881366e-03
1.689855302260225185e-03
1.692663078215661228e-03
1.692258963256394874e-03
1.689946938074158179e-03
1.690689879027059252e-03
1.691225652390715428e-03
1.693232269937470840e-03
1.694541503127421815e-03
1.694634197577801543e-03
1.694384509313650016e-03
1.694975800474397961e-03
1.694815526972328094e-03
1.694233978894470975e-03
1.695929547176145205e-03
1.693024440898095815e-03
1.694884139200314487e-03
1.693978533852152869e-03
1.693867010887225742e-03
1.692959356502023605e-03
1.694766784054596749e-03
1.693520829120581227e-03
1.695358678903136941e-03
1.694845869742846916e-03
1.694869994104240656e-03
1.693394015334363529e-03
1.691558949760792489e-03
1.691783123055566693e-03
1.694184395657247471e-03
1.693283306835890100e-03
1.692662489471035911e-03
1.695135211631242219e-03
1.692594567129975100e-03
1.689933431691614547e-03
1.689840213409119548e-03
1.691327754600401327e-03
1.690855010254715485e-03
1.689785531401603348e-03
1.691707999446361802e-03
1.689583275113252852e-03
1.687604062449793267e-03
1.690170730462411865e-03
1.687246485177206021e-03
1.685961079740810669e-03
1.687564768820760648e-03
1.685113348540837053e-03
1.684522164683384046e-03
1.686409191330175269e-03
1.686752332557815183e-03
1.688583252147925814e-03
1.686009161765804126e-03
1.687213655186279920e-03
1.685597916934336886e-03
1.685082492987311203e-03
1.685990367127227114e-03
1.685768472741847436e-03
1.687058413117750255e-03
1.686617397044023157e-03
1.687773409268475064e-03
1.685816672141406255e-03
1.686344783104817315e-03
1.685329892937740626e-03
1.685564804193711262e-03
1.685551307921716964e-03
1.686672049898745029e-03
1.684877403958900174e-03
1.686066336590236105e-03
1.685126575578485596e-03
1.684269425714621715e-03
1.681761671305669406e-03
1.684477086617631666e-03
1.682961963649379222e-03
1.683845586135590587e-03
1.686530106138048974e-03
1.685557687274385260e-03
1.687265576258667379e-03
1.686269254444021631e-03
1.684609370876078436e-03
1.688632784957127316e-03
1.685897336781135535e-03
1.687283685211959363e-03
1.686233645718172814e-03
1.687586715328381632e-03
1.688821321892539171e-03
1.687458747807469780e-03
1.686133476198609007e-03
1.682778572635231992e-03
1.684596679384082422e-03
1.684751503943275304e-03
1.681808629183238193e-03
1.682747871311280783e-03
1.682572744288827202e-03
1.680482053375683500e-03
1.682604130627340629e-03
1.683354254655211818e-03
1.679873413500054856e-03
1.679759391746997975e-03
1.681920644829781311e-03
1.679284829226538635e-03
1.677716191119037800e-03
1.679105343666962256e-03
1.677499942405676764e-03
1.675500666231148281e-03
1.677309405938748202e-03
1.674262138050666964e-03
1.676869215956153019e-03
1.675882246912404000e-03
1.675598046508669893e-03
1.672551925111334528e-03
1.672621221236107562e-03
1.672784585544426824e-03
1.672709452138549345e-03
1.673085393671311198e-03
1.674459506160803695e-03
1.673563012175123413e-03
1.674487989261273053e-03
1.673405885124483461e-03
1.672147487634854067e-03
1.671486432026772885e-03
1.672625783974375068e-03
1.674020616584961929e-03
1.670806271945654304e-03
1.672037367403639979e-03
1.671451971334758733e-03
1.671792209129117522e-03
1.671551310633031954e-03
1.669824415238722404e-03
1.672754407054038734e-03
1.667955195810632511e-03
1.667023667959075970e-03
1.668259525851331073e-03
1.669936185473985249e-03
1.670231250074598285e-03
1.673173017316485940e-03
1.673377811544750219e-03
1.672134757940605277e-03
1.674465878442466969e-03
1.675454888826814932e-03
1.672838895201059174e-03
1.675090956084104203e-03
1.676366348280333490e-03
1.676792023405234214e-03
1.675331233601910991e-03
1.677330905487709432e-03
1.675696678578726369e-03
1.676679219700801969e-03
1.676346055106166591e-03
1.676676022929057732e-03
1.677716575223171065e-03
1.679983532497906574e-03
1.680080507733226801e-03
1.678367898192526702e-03
1.677996879076237326e-03
1.680181753702058222e-03
1.679183224755176600e-03
1.682886305101087597e-03
1.681384897228936073e-03
1.681837338345531759e-03
1.677521362156179788e-03
1.679448769925765122e-03
1.678421151165492486e-03
1.678710190684337602e-03
1.678903500066496494e-03
1.678322580516633565e-03
1.679011509633337920e-03
1.680461290245457723e-03
1.680120635271273744e-03
1.682265279622125647e-03
1.677923489918157693e-03
1.677359051104742628e-03
1.677395757000188373e-03
1.675300646188152909e-03
1.678078311264602799e-03
1.673984858334417103e-03
1.677690347635311940e-03
1.677426982725603024e-03
1.677356280452361060e-03
1.676022136338710172e-03
1.678051617069868141e-03
1.677935133883150850e-03
1.675037997983179266e-03
1.675260873736701727e-03
1.677920364152633240e-03
1.673892010922533018e-03
1.673113742715683170e-03
1.672819685894647154e-03
1.676779296342019270e-03
1.675238517252575741e-03
1.674663461670686335e-03
1.670995770734280640e-03
1.671440702118156965e-03
1.672247454292162018e-03
1.673421763584053215e-03
1.675030993021606011e-03
1.675650614586321170e-03
1.673122240763656818e-03
1.675559631307833777e-03
1.673788269008385284e-03
1.674804305960083013e-03
1.674606168472679525e-03
1.675438888274039841e-03
1.674149647446439553e-03
1.674612628414352692e-03
1.675160851150266344e-03
1.676424779655510218e-03
1.678952125979531760e-03
1.682184997384808837e-03
1.676812832045388715e-03
1.677291243282141419e-03
1.679295771327277793e-03
1.677407031718549562e-03
1.676214504651005535e-03
1.678185200764713021e-03
1.676892295778366349e-03
1.677289554553373268e-03
1.677230402495504631e-03
1.676722214351714394e-03
1.678054705365468946e-03
1.675776231414339863e-03
1.674251597716950452e-03
1.676842866726577230e-03
1.674526360528191468e-03
1.673995842386234072e-03
1.675495403209437129e-03
1.672857921949665516e-03
1.674919338416594418e-03
1.674398475208279963e-03
1.677291311048042599e-03
1.678057143119390630e-03
1.679241851956849406e-03
1.675494332361295198e-03
1.675821875207252022e-03
1.677198839631250998e-03
1.675005263108333108e-03
1.675757586763325369e-03
1.677857054343792316e-03
1.675611459627332749e-03
1.676655390639561266e-03
1.675328660747075126e-03
1.675964618335241138e-03
1.673512007979617230e-03
1.674238483559535281e-03
1.672503328498778840e-03
1.673417547303872105e-03
1.668828766571987766e-03
1.669903308915599406e-03
1.669171483200443959e-03
1.669392358662069890e-03
1.668728300716303603e-03
1.669519378853822613e-03
1.667654592312893145e-03
1.671807110592853215e-03
1.669199390465190896e-03
1.669504257649857002e-03
1.672559252348844840e-03
1.674060633619241277e-03
1.675676378415665198e-03
1.672809750023142262e-03
1.673649746232149568e-03
1.673642217538518807e-03
1.676917088497297155e-03
1.676465848744268907e-03
1.676955228060537408e-03
1.674644144476160942e-03
1.673966813985158829e-03
1.672404276180564694e-03
1.675302984416717454e-03
1.675815026979841525e-03
1.674441700308446903e-03
1.672155617404019442e-03
1.672224698257338601e-03
1.672102968422916041e-03
1.672743801759964165e-03
1.669813064810335076e-03
1.669816551165306936e-03
1.666877905741230483e-03
1.668866751576397224e-03
1.670063214804100348e-03
1.667462859869913100e-03
1.670357725020173590e-03
1.670584373845864119e-03
1.671803422120062129e-03
1.670480432327119645e-03
1.670755423671077067e-03
1.672793344170197876e-03
1.672471655373549294e-03
1.672222527057493037e-03
1.671947065929164488e-03
1.671682645334313403e-03
1.670644647962305548e-03
1.671764051940781166e-03
1.669766838512873114e-03
1.670766325274871452e-03
1.669280443025128935e-03
1.668965894901173249e-03
1.673464530823825592e-03
1.670448137224813702e-03
1.672160565312505150e-03
1.675049507110426420e-03
1.672666302305733568e-03
1.675064457347873745e-03
1.673910305609074963e-03
1.673992290076089465e-03
1.672068885932376800e-03
1.669752726924737894e-03
1.672438137084902941e-03
1.670617752007112289e-03
1.671730139210409003e-03
1.671498489477215915e-03
1.668429995929362336e-03
1.668068831750719712e-03
1.669858556527313792e-03
1.667437292560741387e-03
1.670573697659615692e-03
1.668912413890564876e-03
1.674495451429406680e-03
1.670064999706413105e-03
1.671075017029131742e-03
1.672483732876519453e-03
1.673005035335886756e-03
1.671690388711009109e-03
1.673544896588536387e-03
1.672570397572543206e-03
1.674808039691387616e-03
1.674555343969279589e-03
1.674026470240247682e-03
1.676298792048390093e-03
1.675054565363171899e-03
1.677136474641382049e-03
1.677133597449100098e-03
1.677662045885004033e-03
1.674964457709623598e-03
1.677987666650972414e-03
1.675458432869917974e-03
1.677715344159588177e-03
1.678988607695940409e-03
1.678334476376605123e-03
1.677274158253985303e-03
1.679111338720730342e-03
1.681000628405920818e-03
1.677574995032194262e-03
1.678515011932456974e-03
1.678889701444788354e-03
1.682773579938677197e-03
1.681762006534450555e-03
1.682231251680338206e-03
1.682354301580517774e-03
1.681275109850334862e-03
1.681003572258810358e-03
1.682881005704760669e-03
1.685261596668658672e-03
1.685904641823594060e-03
1.685609951974919923e-03
1.687198296917182894e-03
1.686197475630198811e-03
1.687060952996727965e-03
1.686733033267837859e-03
1.685160910530939709e-03
1.683434562095470575e-03
1.685933705485377285e-03
1.684762852824627562e-03
1.683886913208042062e-03
1.685227334969132589e-03
1.683084155593706161e-03
1.682141583222784799e-03
1.682080219943275692e-03
1.680806561208710546e-03
1.682732408103359200e-03
1.681355320949014373e-03
1.681664872657693535e-03
1.683040895607893416e-03
1.681303202993444630e-03
1.678440305189216790e-03
1.680377660568460434e-03
1.682591172543964350e-03
1.680312682418200502e-03
1.681173859276254099e-03
1.678442896914023996e-03
1.681763805416039165e-03
1.681839571410002508e-03
1.682344146338184522e-03
1.682982679627403151e-03
1.681482666990539825e-03
1.677572934240310768e-03
1.679342928668400327e-03
1.680761506605602104e-03
1.680567195456625492e-03
1.681145271443025384e-03
1.680698831292977598e-03
1.680385841578096225e-03
1.679403080675577866e-03
1.678578732074204223e-03
1.679906007742911021e-03
1.679634806897293067e-03
1.679253331536126369e-03
1.680651582489947789e-03
1.676724649930051497e-03
1.678000797496029088e-03
1.679930470742818042e-03
1.680772452078566938e-03
1.682019548270041222e-03
1.678644141662758533e-03
1.678778319342587007e-03
1.677060892669836887e-03
1.675359078181872180e-03
1.675080635628065605e-03
1.676122826264058634e-03
1.678304529540874945e-03
1.676363535934477077e-03
1.676617355137121138e-03
1.678061597188751364e-03
1.677612802165498939e-03
1.676775318013606474e-03
1.675822883916924452e-03
1.677300657579509566e-03
1.673670481696991471e-03
1.674961853357570139e-03
1.675529041176305025e-03
1.676411170800860264e-03
1.676276075685853616e-03
1.673558309979687438e-03
1.676499116621823441e-03
1.674930426257512615e-03
1.674487782092790597e-03
1.676475151111796007e-03
1.675838389713099055e-03
1.674894888451308522e-03
1.676161530483929584e-03
1.675471325289324765e-03
1.676827754922788436e-03
1.674344271783885030e-03
1.675600950313253616e-03
1.674276758950014746e-03
1.674532891510941953e-03
1.674262112568357342e-03
1.671224606235591475e-03
1.670894723537721515e-03
1.671378026923111583e-03
1.670099234341627459e-03
1.671287523576647999e-03
1.673288905613999145e-03
1.670956192280476180e-03
1.670492960712956654e-03
1.670894977660859629e-03
1.671966907273083041e-03
1.674310553332635605e-03
1.674316641752165860e-03
1.676496328457342030e-03
1.674443095258724154e-03
1.677778131311454110e-03
1.674568927856828022e-03
1.678171786018884965e-03
1.679118112762426843e-03
1.678565970399160034e-03
1.677998640397649396e-03
1.678218323747706795e-03
1.683385318109820302e-03
1.682425647775346580e-03
1.685386637753777395e-03
1.683274783300372709e-03
1.684516038332673458e-03
1.683932763921785602e-03
1.684267078560292745e-03
1.684510901624358247e-03
1.685278674496045077e-03
1.683980688667686965e-03
1.684687250913027151e-03
1.685191397795805573e-03
1.684240504706648045e-03
1.683060148050739748e-03
1.683644176078468195e-03
1.685869478901428492e-03
1.684769427912581694e-03
1.684087047882438593e-03
1.685154996451904618e-03
1.683484359182356449e-03
1.684891485055952862e-03
1.685260985685964547e-03
1.687609312887537131e-03
1.687682108233409242e-03
1.686477490085675195e-03
1.685751054105352016e-03
1.684733208148350659e-03
1.686701155653780315e-03
1.687136899041935837e-03
1.687242958654237412e-03
1.686851360252933883e-03
1.687368013613803081e-03
1.686534035604515596e-03
1.689145678042674277e-03
1.688080643937381938e-03
1.688517556596778272e-03
1.688632091292236598e-03
1.684455278911607201e-03
1.685839158368324488e-03
1.684050034169285327e-03
1.685630510308044330e-03
1.686915742220320346e-03
1.688144091478144867e-03
1.688737218164494767e-03
1.686556570598309133e-03
1.686286752848834437e-03
1.688572239634438107e-03
1.686142162725222252e-03
1.685322103411046818e-03
1.683577264961554337e-03
1.683967122256066137e-03
1.686749260535233769e-03
1.686081435243467650e-03
1.686099589901875759e-03
1.684707915016166917e-03
1.687155590591911825e-03
1.684244104132536467e-03
1.684531920105739825e-03
1.686011289190480437e-03
1.685906542563608444e-03
1.684921036070729117e-03
1.687453241479878628e-03
1.685827823937511953e-03
1.686835086511122512e-03
1.686092171422116448e-03
1.687868142874012238e-03
1.687636773918533379e-03
1.687933778193574218e-03
1.688264613860726441e-03
1.687606572186560201e-03
1.687613952248151342e-03
1.687534554994556688e-03
1.688463575231911006e-03
1.688417848828571884e-03
1.689873594967282195e-03
1.687974401987697975e-03
1.690231879122197287e-03
1.688949248049171617e-03
1.689937999613487767e-03
1.683862670600922611e-03
1.689414800626650240e-03
1.686314542662286807e-03
1.687031606294292626e-03
1.686818149702005217e-03
1.687217062386848479e-03
1.687106495976264248e-03
1.686331381939388000e-03
1.686399154353912131e-03
1.689142213296357170e-03
1.687079732302494434e-03
1.685708670311459939e-03
1.689168469833411549e-03
1.689177543291484540e-03
1.691936400824846191e-03
1.689464085497584603e-03
1.688380878254813668e-03
1.686400344158342024e-03
1.689208629805642086e-03
1.688248084185657409e-03
1.687844222385602748e-03
1.687346569742979516e-03
1.687195728172099281e-03
1.688908383621289715e-03
1.687275690412367050e-03
1.686790320843086985e-03
1.687569734542709735e-03
1.687125839083967061e-03
1.686187074416175928e-03
1.685118448019997609e-03
1.687691906608058869e-03
1.685662905875680772e-03
1.685965578357319925e-03
1.685359359964564872e-03
1.687309132161812428e-03
1.685246847918759130e-03
1.684008543465547597e-03
1.684935369333800557e-03
1.684426616037456225e-03
1.685116051553640871e-03
1.687719637590148498e-03
1.686292844047094196e-03
1.687746447711745233e-03
1.687344278102273975e-03
1.690226768288150298e-03
1.689042427156508923e-03
1.690633086160889817e-03
1.690893653036744208e-03
1.687306015261749942e-03
1.687138799320574275e-03
1.686507206510504510e-03
1.686910749365887500e-03
1.685914309298780327e-03
1.687696993011866559e-03
1.688949883904821651e-03
1.688889068143352998e-03
1.688789624421872066e-03
1.688872428205742031e-03
1.689564302950823669e-03
1.688675990870210260e-03
1.688743301171925001e-03
1.693077416457667694e-03
1.690409086885407211e-03
1.690063276882398415e-03
1.691163522436167545e-03
1.692540212182919428e-03
1.690362555006139512e-03
1.691465517978652877e-03
1.694154579816442487e-03
1.688424644605432618e-03
1.691085799167837099e-03
1.691988558416207111e-03
1.695016758763803017e-03
1.693856766851238637e-03
1.694574625992100944e-03
1.696432678092511716e-03
1.696840133569892800e-03
1.699484832588259641e-03
1.699724056132321994e-03
1.699309017931417394e-03
1.697649692170690849e-03
1.698159849878882414e-03
1.696411472216139988e-03
1.696245804800173423e-03
1.697485504089324849e-03
1.696894213210810342e-03
1.695200226910260769e-03
1.694550132743752801e-03
1.696224554379578567e-03
1.696614899083427217e-03
1.697530583080899581e-03
1.698947642031040442e-03
1.698498225404389489e-03
1.696362065528057676e-03
1.695895512845065458e-03
1.695798485928361014e-03
1.696936835051131775e-03
1.696599510965154977e-03
1.696228444816992413e-03
1.695052305026807475e-03
1.694818720174070398e-03
1.695819516037773162e-03
1.695481813226287510e-03
1.692210979302879656e-03
1.690629997615347669e-03
1.691216018976723565e-03
1.692738064490007356e-03
1.686644154407851469e-03
1.691525603342934787e-03
1.689202157995040553e-03
1.689094766524926140e-03
1.688162011699031063e-03
1.690953548343738502e-03
1.691560554800949478e-03
1.689757880734329932e-03
1.691604882044216943e-03
1.692370161215798205e-03
1.688716792053585308e-03
1.690666816462367507e-03
1.687322567371373405e-03
1.685709347722207660e-03
1.686160198456434578e-03
1.688334365981691886e-03
1.687804482438329734e-03
1.689219393247057147e-03
1.686804370924823706e-03
1.688909806800526934e-03
1.689465749750831752e-03
1.690635789687613705e-03
1.688074200825952350e-03
1.687448966302442606e-03
1.686742765780685797e-03
1.690251155647773786e-03
1.688440574805225589e-03
1.688601981010054952e-03
1.691762909746560069e-03
1.689752474331729371e-03
1.687912635944264009e-03
1.687787560270626822e-03
1.690373114797141200e-03
1.690530881205606515e-03
1.687929496504337549e-03
1.691167062868908577e-03
1.691037440253173813e-03
1.690285274685178821e-03
1.692198353789873709e-03
1.692118988224058625e-03
1.690923963178327018e-03
1.691700006683467990e-03
1.691510644219290345e-03
1.691284665917447633e-03
1.693593620844686390e-03
1.690443137227169972e-03
1.692798205718680504e-03
1.690483094369310980e-03
1.692632346677915879e-03
1.691713151317703664e-03
1.692949244200625883e-03
1.688900218366663200e-03
1.692905549463640576e-03
1.691990187546728135e-03
1.692710679929580785e-03
1.694371426002938509e-03
1.693928035210532550e-03
1.693033853143741671e-03
1.690194021598621010e-03
1.691240759324353716e-03
1.692005511139831313e-03
1.693186369529560116e-03
1.690819013923441265e-03
1.692408327447921705e-03
1.692487213634349258e-03
1.690293645547636227e-03
1.690377303206282199e-03
1.690084858963708005e-03
1.691942844063191835e-03
1.689444402699440649e-03
1.689394066139191007e-03
1.691451949655529844e-03
1.687193174164662969e-03
1.687689149230641112e-03
1.688696852980775586e-03
1.688667254961098273e-03
1.689791065185595803e-03
1.688902706817189568e-03
1.685098806587198182e-03
1.689493315517478708e-03
1.688032606266212047e-03
1.690025782170819597e-03
1.687992820297780144e-03
1.687461779680198568e-03
1.688310382513579780e-03
1.690386955323940716e-03
1.689937626195230297e-03
1.689647563584314701e-03
1.687148795828801373e-03
1.686702614520254771e-03
1.687181214013129104e-03
1.688545336477266902e-03
1.687137875687503424e-03
1.689053712869204461e-03
1.688283906856318396e-03
1.692773864543104922e-03
1.690751151660835469e-03
1.689498499521309080e-03
1.689568939991487875e-03
1.688682046042408328e-03
1.690831270047032106e-03
1.688194930021706414e-03
1.689125454344448871e-03
1.690393756407371955e-03
1.689127150294228571e-03
1.692526209785453735e-03
1.690285468914094974e-03
1.689240400141745748e-03
1.688120298219948504e-03
1.688421972867532473e-03
1.691377728091748118e-03
1.691273331520143667e-03
1.691766091445514718e-03
1.690208342250232830e-03
1.692134557613385239e-03
1.688518467317383105e-03
1.689408953203975269e-03
1.689810027798571528e-03
1.688824047043836936e-03
1.690126183835750787e-03
1.691783332923376239e-03
1.691990437435060383e-03
1.693949271774454219e-03
1.693770741463575475e-03
1.694715415773634121e-03
1.695066334142352089e-03
1.696268910798067733e-03
1.696565349205647394e-03
1.698609342029692342e-03
1.696726628664770378e-03
1.698057341969235910e-03
1.701041019817821571e-03
1.699573109844409189e-03
1.701397697860388726e-03
1.702594541755073727e-03
1.702574916738654708e-03
1.702491241914882211e-03
1.703305928968889670e-03
1.705387754628055622e-03
1.704225846032585102e-03
1.703269750712048825e-03
1.708411828735847482e-03
1.705740897123894997e-03
1.704802538612843615e-03
1.707520510052995414e-03
1.705470034871964203e-03
1.707249241449309857e-03
1.708565575039373754e-03
1.708653160884615607e-03
1.707168207414595058e-03
1.706717973318374855e-03
1.707584673020414411e-03
1.709937982991751497e-03
1.709713740317409230e-03
1.710023713397447421e-03
1.713186365246442038e-03
1.714219999811363807e-03
1.711486759996791755e-03
1.713223422748712818e-03
1.712203499269200017e-03
1.713910330765096865e-03
1.713972388300384489e-03
1.713626830521771793e-03
1.715184446625869124e-03
1.715187603273051267e-03
1.712643414536778406e-03
1.712276303942131218e-03
1.712248992944992053e-03
1.711067901914536254e-03
1.711242548527498785e-03
1.709637833744896218e-03
1.708968241684423722e-03
1.711342644304678865e-03
1.710871555927004828e-03
1.707601136144033327e-03
1.708871413608686191e-03
1.709656366422763378e-03
1.707655286140988922e-03
1.711083820726524247e-03
1.710621143208709274e-03
1.712660559116917442e-03
1.711429406423255282e-03
1.710052608134220381e-03
1.710767481183369382e-03
1.706027440725389928e-03
1.709289311219135870e-03
1.706847952959922397e-03
1.706047722889334579e-03
1.704705244027273584e-03
1.704892281031293892e-03
1.703471679519694224e-03
1.703465116060090285e-03
1.703480627458908670e-03
1.702618282569231829e-03
1.701597338066039144e-03
1.703034199727929913e-03
1.702580307305821610e-03
1.702251484131294193e-03
1.703058472211289084e-03
1.703761447870790185e-03
1.704568887406363292e-03
1.702865315474587663e-03
1.704033308736063171e-03
1.705080131463760111e-03
1.705027514506107659e-03
1.705527560863515004e-03
1.707460592770234644e-03
1.705924653872046724e-03
1.706705569254307305e-03
1.704401622906873571e-03
1.704535170619103342e-03
1.704045278637508634e-03
1.702587682841551946e-03
1.701734718118414228e-03
1.703735220906108135e-03
1.706922982573491577e-03
1.707211872968552192e-03
1.708443231382387670e-03
1.708864139825997394e-03
1.707230914492344816e-03
1.707687785640410634e-03
1.707096300768871791e-03
1.709073289338745427e-03
1.708694289431313736e-03
1.708485197929121482e-03
1.710300117235005876e-03
1.710890555223826617e-03
1.710996967165898585e-03
1.714054727761269879e-03
1.712480103747003341e-03
1.711782689359641870e-03
1.711419182002023743e-03
1.711675033965289090e-03
1.710489534401006670e-03
1.708864039362044699e-03
1.709302904332341867e-03
1.711254974605808544e-03
1.708232850862445888e-03
1.708966301545376690e-03
1.712315070241576939e-03
1.710122532507934133e-03
1.711412773113746679e-03
1.711826006555272010e-03
1.708268943241143811e-03
1.707882709315899179e-03
1.707129570619887651e-03
1.709301053750312887e-03
1.706737532685819771e-03
1.706050858009619704e-03
1.706920228933220046e-03
1.707270698440682558e-03
1.707870884925997935e-03
1.708712194756151345e-03
1.707675866271175964e-03
1.705258568510619951e-03
1.703224829221467677e-03
1.705186034601831194e-03
1.704254723425014219e-03
1.704935906152484082e-03
1.703750832982310484e-03
1.702650575345959240e-03
1.702462978582061810e-03
1.704202482763285875e-03
1.705174801905196382e-03
1.703470173826549623e-03
1.705956354565767380e-03
1.706973463305372449e-03
1.705547898672549970e-03
1.703904536996254980e-03
1.702952047613525734e-03
1.701755886733418354e-03
1.701965749513673076e-03
1.700215657867835007e-03
1.703086862262461441e-03
1.700353219802890233e-03
1.701695263714012247e-03
1.699103039700995948e-03
1.699946378589735655e-03
1.701539274504193207e-03
1.700068920439473880e-03
1.700119543004990517e-03
1.699975517939636112e-03
1.699282404259798472e-03
1.701446820871407644e-03
1.698242081033155427e-03
1.701824399891915590e-03
1.697548343530434463e-03
1.698727786788172293e-03
1.698290671910042448e-03
1.699327652566601926e-03
1.697151517696897111e-03
1.697159220059893218e-03
1.698510206703306461e-03
1.698061984205775530e-03
1.698521146551273866e-03
1.701014201305883679e-03
1.700498491868491840e-03
1.702872125423303927e-03
1.700713680479184683e-03
1.701171698949693282e-03
1.704618882615272077e-03
1.704551490203902323e-03
1.703879708274249304e-03
1.703917350289296155e-03
1.704236114031879240e-03
1.706597425630067451e-03
1.705429685092055411e-03
1.708846027636674175e-03
1.708261488080309223e-03
1.707553609617608022e-03
1.707423242747677658e-03
1.705464591924374168e-03
1.705620710055669783e-03
1.704896586417724508e-03
1.707610757525788872e-03
1.704953168000765146e-03
1.704688002382355808e-03
1.705124850131663986e-03
1.704355600138455920e-03
1.701952450080727961e-03
1.705994591481366446e-03
1.703579530659516967e-03
1.702864538216380865e-03
1.700019762328556280e-03
1.697411937390080503e-03
1.696857597874912305e-03
1.694692928318708609e-03
1.696981153279447912e-03
1.693263796243941631e-03
1.693849879946139050e-03
1.693651014760299330e-03
1.692583762516402992e-03
1.692512563839934777e-03
1.695075721852889192e-03
1.691495997594245383e-03
1.692781183897181527e-03
1.694371748011495697e-03
1.694239085591717903e-03
1.693895082494907556e-03
1.694970913691061249e-03
1.694466788473909368e-03
1.694840735450287234e-03
1.693184850606522206e-03
1.690641931812596373e-03
1.690830513155472696e-03
1.690327542796855789e-03
1.690506436640335473e-03
1.689477018886021429e-03
1.691578850605777009e-03
1.688564396182529528e-03
1.689293628707364513e-03
1.690542435312894628e-03
1.689486527836796866e-03
1.688610067571625923e-03
1.691251785996052701e-03
1.689051490068170080e-03
1.692624877407935798e-03
1.690868142932586441e-03
1.693601738687445504e-03
1.691669637754567067e-03
1.692766042779417874e-03
1.692260826628819983e-03
1.692823991311336821e-03
1.693167440359826708e-03
1.692827283955810301e-03
1.693913892187482546e-03
1.691804801432903209e-03
1.691571833757533937e-03
1.689231124799753236e-03
1.689447267783855157e-03
1.688554330806176168e-03
1.690532190245862048e-03
1.689056042275699629e-03
1.691001672230623299e-03
1.691976125391008541e-03
1.692836280992479582e-03
1.692260481859776807e-03
1.694190218667193442e-03
1.692007576545029313e-03
1.692765198068322098e-03
1.689567423235749941e-03
1.692082182172364785e-03
1.692276777863743623e-03
1.690881044502746955e-03
1.688917551572409990e-03
1.687252077384747678e-03
1.688957660371088586e-03
1.688455985042253658e-03
1.690962040728731866e-03
1.689246463032295382e-03
1.689983681246624804e-03
1.689301555805185553e-03
1.686664640183187106e-03
1.690961829072312479e-03
1.691759255049836647e-03
1.689915886134558910e-03
1.690747866580893889e-03
1.692403228721574759e-03
1.689980791645301827e-03
1.688700879680437661e-03
1.690240168755609285e-03
1.690093811744395810e-03
1.689037400708844148e-03
1.685174935013184286e-03
1.684535982640453624e-03
1.686755134212441143e-03
1.684249493142354502e-03
1.685800986795920903e-03
1.684999809372439905e-03
1.682399994667309892e-03
1.683648687363153203e-03
1.683494848971196518e-03
1.686769155132797305e-03
1.686210929536924915e-03
1.683552483416307470e-03
1.684001536894995116e-03
1.685042193115744843e-03
1.684737999981176159e-03
1.683565029485095503e-03
1.685520978354034969e-03
1.683039032652285062e-03
1.681552985253760091e-03
1.683169083887529069e-03
1.682328777701275636e-03
1.683263015554076203e-03
1.683369385019992549e-03
1.681140605983632219e-03
1.684299631509114962e-03
1.684256937595381403e-03
1.684750850158627791e-03
1.686211970255473798e-03
1.686302095247095784e-03
1.687855218994856795e-03
1.687213800314016788e-03
1.686036357951868798e-03
1.687099728728443321e-03
1.683796166688820289e-03
1.684547374533911478e-03
1.682893061585687263e-03
1.682538427454811263e-03
1.686540340049632811e-03
1.684766050221407846e-03
1.687667194171159303e-03
1.687099434132697303e-03
1.686378519361918368e-03
1.685167875059841646e-03
1.683804441926274554e-03
1.686100452802546598e-03
1.687709806180999255e-03
1.688262901452512081e-03
1.691487196515326346e-03
1.688099948189503456e-03
1.689425781898995027e-03
1.688691388287338023e-03
1.688490221865774840e-03
1.687321584954118220e-03
1.686352903344215956e-03
1.685565377147869772e-03
1.683803442873035546e-03
1.687292321005124567e-03
1.689268971386595139e-03
1.687596845345189439e-03
1.687967905664780220e-03
1.686594158196241290e-03
1.687126716245727605e-03
1.687129596823710997e-03
1.687333943094286104e-03
1.686171197228024691e-03
1.686418247947670500e-03
1.686999676071046159e-03
1.684426678057999440e-03
1.685325867823049420e-03
1.684259132614037389e-03
1.684470925129080742e-03
1.683796612302745173e-03
1.686004113578659126e-03
1.684854445761885472e-03
1.686168307512538912e-03
1.689741909193136389e-03
1.688299307903314049e-03
1.688507735584839683e-03
1.689465996313197329e-03
1.688729103674219958e-03
1.691182132191517990e-03
1.686603854830258289e-03
1.690806329420460954e-03
1.690762326285922493e-03
1.688229192094511597e-03
1.689661970856640594e-03
1.686825878302955191e-03
1.687757865830346021e-03
1.689530642717932112e-03
1.689396360285331427e-03
1.690877287866922492e-03
1.689577793514730536e-03
1.691389899531178017e-03
1.688825212860715300e-03
1.690938872005278218e-03
1.689715972869705206e-03
1.694021459087970962e-03
1.691377454418137652e-03
1.690691302859019789e-03
1.692141209514644870e-03
1.694138096391453394e-03
1.695075153984093369e-03
1.692322724055318100e-03
1.693814164998517103e-03
1.694288293396681040e-03
1.693473702492968988e-03
1.697608100640659624e-03
1.698655188206978518e-03
1.697322673311691147e-03
1.699825116208331880e-03
1.696738189997353289e-03
1.698037072953191128e-03
1.694784297756533583e-03
1.696806181580153179e-03
1.697013792494861005e-03
1.695711927022367426e-03
1.696878387939613564e-03
1.696746794399526040e-03
1.695273791049589727e-03
1.694372955633415695e-03
1.693702799523866005e-03
1.692108156071001285e-03
1.694916622978683701e-03
1.692967265104395333e-03
1.696597108316190644e-03
1.696577332582634720e-03
1.699105016867125334e-03
1.697834771695581847e-03
1.696389942457731618e-03
1.696142808378493577e-03
1.699037012722368111e-03
1.698337897393369534e-03
1.700329872877530228e-03
1.697870638209056544e-03
1.701398345881657533e-03
1.699384362863262622e-03
1.700300359590406572e-03
1.699828146080116769e-03
1.703304704434572409e-03
1.700123004901259085e-03
1.703362768608116321e-03
1.700904932521169486e-03
1.703800840989079914e-03
1.699849514028198933e-03
1.697850652057998405e-03
1.697020885273338615e-03
1.697461780488501021e-03
1.696855231587005367e-03
1.698297894475351731e-03
1.698870282344802597e-03
1.697846367316757340e-03
1.700527043154120323e-03
1.700206679071160527e-03
1.702579314127295861e-03
1.701219370796529240e-03
1.702778996362503414e-03
1.701731605462842353e-03
1.701531296348436726e-03
1.699295535339566269e-03
1.702419256008120239e-03
1.703345095612026749e-03
1.706299260348923506e-03
1.705757182203184201e-03
1.703919743375799855e-03
1.704468355426246159e-03
1.706977689906554125e-03
1.709244341279009998e-03
1.709524739424628974e-03
1.710135411606620312e-03
1.711439905311533134e-03
1.711278629589203576e-03
1.708986192127165318e-03
1.709887317626848646e-03
1.709651962097104207e-03
1.708753085126262948e-03
1.710634946189210689e-03
1.711689059159593419e-03
1.714780185422641601e-03
1.713154007811106298e-03
1.715163674203816057e-03
1.714755146835833305e-03
1.717260265587536739e-03
1.716119401465832474e-03
1.716926045670724059e-03
1.716595740935847629e-03
1.717643880533353080e-03
1.716569507623078809e-03
1.716883875274147859e-03
1.716751005655897493e-03
1.718210792256349463e-03
1.718696394931559920e-03
1.718161635642927350e-03
1.718376402463164332e-03
1.718845511822686975e-03
1.719717655044258149e-03
1.718035450470026650e-03
1.718167937596617578e-03
1.720306411740986797e-03
1.720727396612999191e-03
1.719123075451087137e-03
1.720437743296052754e-03
1.718950739025164320e-03
1.719608279231883132e-03
1.716165834019217368e-03
1.715367860698402067e-03
1.715595442469153211e-03
1.713850444636929758e-03
1.713687976497693883e-03
1.711120531487717771e-03
1.713036420991188337e-03
1.711026652452936119e-03
1.713814724563358016e-03
1.710727776426935109e-03
1.713377643208884461e-03
1.713298616051202273e-03
1.714852863616499494e-03
1.715013243315356185e-03
1.714625958076980818e-03
1.715700301756799794e-03
1.716922910492808601e-03
1.719080838180430011e-03
1.717492039692735143e-03
1.717893569508207371e-03
1.715875571472932730e-03
1.717825565554952777e-03
1.714224650731484842e-03
1.717503318521724186e-03
1.716979281705064428e-03
1.718701617932471247e-03
1.720400274408173669e-03
1.720881057945004323e-03
1.721508510380969758e-03
1.722002990049709571e-03
1.723669501543049218e-03
1.721618684526716623e-03
1.720224965556051578e-03
1.720205343361418115e-03
1.724261782814498489e-03
1.721513530942159849e-03
1.724619455252644762e-03
1.725337122521972784e-03
1.725859250869592187e-03
1.725208433198433281e-03
1.725638096062395276e-03
1.727028471635046582e-03
1.727281099714177669e-03
1.728970151868276014e-03
1.729807963152724549e-03
1.727898244629052322e-03
1.729216575842192289e-03
1.727024356148045697e-03
1.726463417033862000e-03
1.722842014896217759e-03
1.723190229490946090e-03
1.723615834628737823e-03
1.725949851631381144e-03
1.724120545554585224e-03
1.725225497307659615e-03
1.727328363709784709e-03
1.725244914753798009e-03
1.725984318220956382e-03
1.725984015848446539e-03
1.727479004889306488e-03
1.726100258159312664e-03
1.727021212045078136e-03
1.727003814693729754e-03
1.730422513963352686e-03
1.729637277948141297e-03
1.727972589593764147e-03
1.730055061751565107e-03
1.730548618586524390e-03
1.729818028701447840e-03
1.728474466336426532e-03
1.727997552338437354e-03
1.729698875970146028e-03
1.729456209351382893e-03
1.730369192646791579e-03
1.730879059748287319e-03
1.730753803087028758e-03
1.732829802809125351e-03
1.730896441674079902e-03
1.729495997509754865e-03
1.730017122899749115e-03
1.725087020623918520e-03
1.724236758358104480e-03
1.724180516858417247e-03
1.724240451248482521e-03
1.724505831822800185e-03
1.728207043196325690e-03
1.726062991628434526e-03
1.725743812371408493e-03
1.723746638845760105e-03
1.726177720346130581e-03
1.723578773627564920e-03
1.724262000151615109e-03
1.723106502128064679e-03
1.724995517527328067e-03
1.724239882572677291e-03
1.723768223085544917e-03
1.724308103051609481e-03
1.723846948795214719e-03
1.722204739733586201e-03
1.721592508230693295e-03
1.723482262428263070e-03
1.721185776572568479e-03
1.721586094025253505e-03
1.721000036178685355e-03
1.720242286922517728e-03
1.718885533010053486e-03
1.719538395108140922e-03
1.719086041848977287e-03
1.716638579905495517e-03
1.715667164406102377e-03
1.715765672154749783e-03
1.717961287440934173e-03
1.713854799256573150e-03
1.716075371899906986e-03
1.713399705460182890e-03
1.712818583763966920e-03
1.715026002605453534e-03
1.715321400970190330e-03
1.714545558290380767e-03
1.716531617441348356e-03
1.715861784951427157e-03
1.714842621046291709e-03
1.716429018731554720e-03
1.714377299008211205e-03
1.714096004830776860e-03
1.714168811554479073e-03
1.713956405463030542e-03
1.715294950513214164e-03
1.713532214701802159e-03
1.712723028530629445e-03
1.712325954152351965e-03
1.713338205392967405e-03
1.713445763217013966e-03
1.714451514151729521e-03
1.713317054799850213e-03
1.715465280958697282e-03
1.715208290076560612e-03
1.712219136678820456e-03
1.713736735308110833e-03
1.711760444266496308e-03
1.712031407344436536e-03
1.712323860111677381e-03
1.714829978318071482e-03
1.715410874780159880e-03
1.715557349373543917e-03
1.716184476274422617e-03
1.716111008794266079e-03
1.717700584015381801e-03
1.718299899784907561e-03
1.717658501583660836e-03
1.721894793785696967e-03
1.718851896052434047e-03
1.719437721663940504e-03
1.718517704138034473e-03
1.720603027486695014e-03
1.718450842211008021e-03
1.723152904812887739e-03
1.719006898726940661e-03
1.719088875463002999e-03
1.718643072940776199e-03
1.720176906059504027e-03
1.721488504804457101e-03
1.720796067207316666e-03
1.721512877897000450e-03
1.721054654920726448e-03
1.722654847613715222e-03
1.721276749495019532e-03
1.719200065211457917e-03
1.719734085462855432e-03
