3.938089569531641118e-03
3.938089569531641118e-03
3.570839986154606457e-03
3.176402226845974341e-03
2.969411440801788225e-03
2.765014074204417017e-03
2.626037424330116520e-03
2.553901195691906170e-03
2.484965509690014590e-03
2.439058842009656902e-03
2.437526299215898775e-03
2.422792011427631845e-03
2.431086232770984182e-03
2.456968380673254116e-03
2.512440261192902709e-03
2.633497737995473160e-03
2.851684346629464444e-03
3.035598893877170662e-03
3.189309095676733444e-03
3.450908118283915142e-03
3.742380091954908544e-03
3.951714443317815018e-03
4.064726577094170470e-03
4.197268538938175864e-03
4.271837001713270701e-03
4.326899620436543657e-03
4.493272898105874803e-03
4.737337662172141223e-03
5.038944569103173503e-03
5.494412328181561521e-03
5.948261855860054528e-03
6.441158157431233627e-03
6.969932605327282954e-03
7.761222882163743009e-03
8.523661507120739583e-03
8.885641723337861508e-03
9.191979087159641779e-03
9.379197793131562738e-03
9.553451842624030577e-03
9.924882957896506361e-03
1.038087496069515538e-02
1.072665554320628364e-02
1.123589680873967114e-02
1.187352895853943137e-02
1.229537901013713630e-02
1.274777083026139811e-02
1.332961196464510500e-02
1.374329141507428000e-02
1.402468369828284260e-02
1.457574013634003671e-02
1.526851931642045877e-02
1.599582123235548936e-02
1.681707479118555934e-02
1.754387486662854420e-02
1.798070909664596997e-02
1.830795074025091257e-02
1.865890480558847139e-02
1.920268215405727952e-02
2.011721218876376047e-02
2.086558372158156191e-02
2.181840396955566502e-02
2.249152119666968444e-02
2.280094990928996715e-02
2.362485066828037480e-02
2.473596957399699231e-02
2.556763386696393400e-02
2.637648620345164896e-02
2.709056761550856021e-02
2.755518027397308931e-02
2.846390288419404016e-02
2.944563297769682217e-02
3.001586835399772460e-02
3.069866990923479644e-02
3.184286438751847415e-02
3.256644673532203133e-02
3.306008444701275667e-02
3.404682269840643427e-02
3.495599698126705679e-02
3.556064514628674844e-02
3.628243348566016768e-02
3.692538663637575519e-02
3.746157196473551276e-02
3.795920732086090904e-02
3.847546962206473131e-02
3.916746567358753844e-02
4.026184361721992649e-02
4.104453639953297567e-02
4.169560219895836889e-02
4.241656925643232795e-02
4.303116592563715342e-02
4.376015434929337450e-02
4.445289477783823801e-02
