3.952215232752796445e-03
3.952215232752796445e-03
4.039683449682461916e-03
4.005606575174956371e-03
4.007714750856600748e-03
3.998204212345337488e-03
3.992756519038440782e-03
3.980504404484740133e-03
3.988939294789069397e-03
3.982561065836519310e-03
3.984548613632436613e-03
3.978879022666607576e-03
3.969217861142991695e-03
3.969921137744946045e-03
3.961787448572704623e-03
3.971809954083426603e-03
3.979987950560404629e-03
3.953763284083410337e-03
3.968108820435588963e-03
3.956709704327899049e-03
3.955671241741599842e-03
3.969127709453486655e-03
3.960619792612567018e-03
3.968101602555717047e-03
3.968059115018802117e-03
3.988597244420750976e-03
4.004841612002152385e-03
4.002892462160081120e-03
4.001415283913034929e-03
4.001934622413463177e-03
3.993994188427506080e-03
3.997791620405734270e-03
3.984504213381633367e-03
3.994990999965752909e-03
4.007357929280070015e-03
4.005549845776790359e-03
4.006004703062844563e-03
4.011734844569747778e-03
4.015780715067572039e-03
4.012911998755985983e-03
4.007432913742716048e-03
4.024852114787726837e-03
4.026742806228724228e-03
4.046968247239002454e-03
4.047337586450120914e-03
4.035092873546291398e-03
4.050303928346843732e-03
4.058548660364687775e-03
4.062114032005882669e-03
4.077725459587038491e-03
4.084647592714319743e-03
4.107283374964405646e-03
4.127126556441214345e-03
4.124303854202992364e-03
4.132569138829766259e-03
4.135253382857915702e-03
4.147581139994695534e-03
4.156663237917534309e-03
4.166281570466154327e-03
4.171510027848785579e-03
4.187016577455586822e-03
4.202435430094220679e-03
4.236320364624329010e-03
4.242196462277005031e-03
4.255393936072486560e-03
4.272549044031396202e-03
4.269391105687465708e-03
4.304070145155480635e-03
4.304130250988190062e-03
4.317835863489285185e-03
4.340805690080291185e-03
4.352096934046549050e-03
4.379486698252995497e-03
4.386753362191475776e-03
4.392946719925888872e-03
4.415619455516281780e-03
4.430663694945002201e-03
4.442022892078703773e-03
4.464579653094236447e-03
4.472199147264951588e-03
4.485953598468193394e-03
4.483384219198614969e-03
4.505584671744269562e-03
4.522552827489832727e-03
4.554349564872305252e-03
4.570467670305646858e-03
4.597271486923251715e-03
4.607651295574616800e-03
4.602086931741224997e-03
4.624020415697593055e-03
4.635691001365337474e-03
4.646047920675911748e-03
4.657799965425658481e-03
4.690894690663688707e-03
4.712766039018568068e-03
4.727599913842411329e-03
4.746530623117323905e-03
4.790405140789449727e-03
4.794720086436785392e-03
4.831334069852210450e-03
4.851118973863556387e-03
4.865196144586619170e-03
4.875337385241937729e-03
4.882502412818617334e-03
4.903995103551311158e-03
4.897722399739353784e-03
4.901480599268620564e-03
4.923856077173695278e-03
4.951135013453869700e-03
4.961642633286571236e-03
4.977033960220871196e-03
4.989268749155845693e-03
5.019342264272144520e-03
5.038950774977615440e-03
5.041704391945513522e-03
5.056366334950754271e-03
5.079145780716297354e-03
5.096073780957358253e-03
5.103738453574567686e-03
5.121113833196641943e-03
5.139519844742566207e-03
5.162171168417484073e-03
5.165437608711342769e-03
5.186708676854652131e-03
5.193731013045502221e-03
5.204702989049590778e-03
5.211291055088529064e-03
5.234555933358022925e-03
5.258611480644654126e-03
5.271298566555297251e-03
5.303614910511613920e-03
5.294252663787011627e-03
5.330676760650760598e-03
5.352779464530664152e-03
5.370750040993018531e-03
5.392577059199188914e-03
5.410558267747286355e-03
5.421243270744814657e-03
5.446656019328778402e-03
5.459482141956516731e-03
5.482368667225510570e-03
5.496177578147285782e-03
5.506725813072902050e-03
5.531654641239948725e-03
5.551001267829141529e-03
5.538824708372624799e-03
5.558606070963608044e-03
5.574541883164640943e-03
5.578263022442494883e-03
5.599811224344090725e-03
5.609047609050545058e-03
5.617733744868235422e-03
5.618991988970287003e-03
5.629412506335324667e-03
5.638975085982930908e-03
5.651320963176426244e-03
5.662325979021437007e-03
5.677794904029942816e-03
5.684683344757015741e-03
5.702352121373268148e-03
5.721221757282282314e-03
5.730077364922473403e-03
5.734609611692528981e-03
5.755609189928374315e-03
5.759571224075667531e-03
5.782441884243199638e-03
5.779710277298022621e-03
5.795003095212073428e-03
5.797408683141862078e-03
5.805009468674071638e-03
5.813995827959629430e-03
5.816108564621644099e-03
5.826208170958562665e-03
5.846541097881207717e-03
5.852652141812361188e-03
5.857105527019861382e-03
5.875030332983219826e-03
5.891385477563009822e-03
5.893976732169074056e-03
5.906104974958152967e-03
5.916146818739962711e-03
5.914990646553945977e-03
5.934530448774273312e-03
5.952256002967991691e-03
5.955899357172872617e-03
5.961934456347957149e-03
5.960757945612817771e-03
5.972464307343878023e-03
5.981352251557107286e-03
5.988321326894854510e-03
6.001014722439670414e-03
6.011423880636411129e-03
6.025245839883457306e-03
6.031455711051764146e-03
6.023725923159402827e-03
6.026665060048588991e-03
6.041481455220595181e-03
6.074019850042210178e-03
6.074694772654170086e-03
6.089431593468598233e-03
6.103349232396412978e-03
6.126987353174642714e-03
6.158793951005115883e-03
6.158509122127057978e-03
6.165536704071950154e-03
6.179872158668675737e-03
6.191531458765327060e-03
6.198015740028314097e-03
6.197889322105163551e-03
6.227443004375786233e-03
6.232315870609194536e-03
6.252702775545780980e-03
6.255838672376731226e-03
6.268080413180972602e-03
6.273755234368360439e-03
6.281842659358390091e-03
6.289195449424293816e-03
6.277562569289893424e-03
6.278870861688489423e-03
6.285099485550818890e-03
6.305050955433612846e-03
6.308706474587363194e-03
6.320270674308955255e-03
6.316957388882673240e-03
6.324716009078469939e-03
6.331511313575465677e-03
6.335371407109471366e-03
6.334644270354636633e-03
6.353455484964339560e-03
6.377659347041862194e-03
6.370335141010745154e-03
6.383166646059449875e-03
6.385292665929233509e-03
6.412278318002963794e-03
6.414534068579043000e-03
6.428084772499305551e-03
6.416349309898467142e-03
6.429495886533990665e-03
6.436616181979843559e-03
6.447914685442138714e-03
6.438487026395858272e-03
6.454201118295350634e-03
6.455245655316123495e-03
6.477920484476725957e-03
6.493752951935523668e-03
6.513615575632290475e-03
6.510250592946733791e-03
6.525265486564818529e-03
6.552689193349753305e-03
6.552865253184440159e-03
6.554128847443535695e-03
6.557221043524354490e-03
6.571299185252196459e-03
6.578809913139585346e-03
6.585994681887059367e-03
6.591619006051007736e-03
6.604694322251957253e-03
6.606326298801244203e-03
6.602632020051579093e-03
6.613010122671584591e-03
6.627876910551389056e-03
6.626506261759843724e-03
6.640880028209877189e-03
6.640350203919964840e-03
6.646020793137655258e-03
6.656497281658207109e-03
6.669196427581267766e-03
6.677193395250587138e-03
6.692538920735587211e-03
6.698341471912503883e-03
6.715345249602603511e-03
6.736938526613755682e-03
6.725282804245105370e-03
6.726891384309496152e-03
6.733817733674624106e-03
6.743727308750122398e-03
6.738299062073203026e-03
6.742113623780296612e-03
6.753266642600564730e-03
6.743133479954374968e-03
6.753027066600672881e-03
6.755938898199179490e-03
6.749574219258793785e-03
6.766693201721163051e-03
6.764932321647185859e-03
6.750599808065051860e-03
6.764366357477749614e-03
6.759105766772152343e-03
6.760713912931860109e-03
6.759200176343444985e-03
6.751720716254153327e-03
6.767816371184266766e-03
6.762222969080112188e-03
6.752906376998503088e-03
6.771763203334132605e-03
6.794264657683791488e-03
6.799032071696946115e-03
6.798091647472956356e-03
6.804423697363090433e-03
6.787774264191854048e-03
6.801606058542060927e-03
6.805727068344473440e-03
6.794070439673745472e-03
6.809432450693931639e-03
6.820014852738497113e-03
6.811921167092065306e-03
6.820859425186606706e-03
6.828374070539183771e-03
6.832342609761109589e-03
6.841936609406342948e-03
6.848396996213441251e-03
6.846144839097740263e-03
6.861652936101488194e-03
6.858075713041313429e-03
6.869847536002288667e-03
6.866843406900433565e-03
6.871449008798580747e-03
6.873630106168443325e-03
6.896810584273486110e-03
6.893682348702726351e-03
6.902289341919360700e-03
6.909693935955686823e-03
6.903493263647136370e-03
6.909444693941980097e-03
6.926884620927491187e-03
6.934327214222925535e-03
6.924319701457213455e-03
6.949262428164645553e-03
6.948236868006811388e-03
6.939320911846940526e-03
6.950727306965670191e-03
6.942560702579174056e-03
6.945930230646509169e-03
6.946542454495573116e-03
6.947718198209704155e-03
6.958415162937560058e-03
6.964000998590581457e-03
6.977170407991178588e-03
6.975069923604711349e-03
6.976580706107903505e-03
6.985112645862907345e-03
6.980065014554294976e-03
6.981233187822256762e-03
6.985533046732954679e-03
6.988157965863700700e-03
6.993964820713647300e-03
7.013694901507257738e-03
7.002971346412854327e-03
7.010693076157269860e-03
7.012058096243715087e-03
7.012109328997845337e-03
7.037264887080749674e-03
7.027807388752894957e-03
7.032418930593246041e-03
7.026589464890485234e-03
7.033760147356534972e-03
7.017593967620855758e-03
7.003220177018223969e-03
7.002124509424400428e-03
6.999603123993798810e-03
7.010842991531131274e-03
7.013136843766314306e-03
7.012221332314967116e-03
7.019898245182043181e-03
7.037008096084312360e-03
7.048141533893666211e-03
7.064609238411681362e-03
7.062097423087072140e-03
7.065560859574592303e-03
7.081950259623082632e-03
7.100088861241673523e-03
7.106473888573477254e-03
7.088459732870856962e-03
7.086514050884636269e-03
7.107830713094687343e-03
7.103934397081516222e-03
7.100705656820954087e-03
7.102935815138706858e-03
7.099572821380717089e-03
7.117686751580952660e-03
7.104835542695264045e-03
7.113182148960213100e-03
7.108430155419133943e-03
7.115451686509686839e-03
7.110163413364443442e-03
7.120614075680457497e-03
7.136862178871130474e-03
7.128983107161491681e-03
7.119952676587219982e-03
7.143030266566946333e-03
7.130112054362495490e-03
7.146304010158874634e-03
7.149316703939662815e-03
7.139093839855658978e-03
7.145950758743096869e-03
7.152459369237471228e-03
7.159811527537709996e-03
7.174202008461152968e-03
7.173242266159198660e-03
7.182843780863230367e-03
7.187503288739327187e-03
7.196964126871222868e-03
7.192128605883352926e-03
7.211157330513287035e-03
7.210559438028345432e-03
7.224843178012618425e-03
7.223569074173292505e-03
7.242322335051079585e-03
7.234683855604175616e-03
7.235339934916605424e-03
7.256968482374186527e-03
7.253570529801479580e-03
7.262313702066147680e-03
7.263409368354818187e-03
7.252276550388684490e-03
7.250211022179874586e-03
7.248178775601188395e-03
7.251033655816830140e-03
7.250795499288973864e-03
7.236497604016400853e-03
7.234860825691143138e-03
7.238324829949463295e-03
7.230367886825695041e-03
7.228606345745983326e-03
7.225946020957625844e-03
7.230556099524718290e-03
7.227087299298998874e-03
7.225405636051521197e-03
7.219647387351503347e-03
7.221524085693735960e-03
7.228260244966390295e-03
7.241044061569370562e-03
7.243136064770578503e-03
7.239143402551506852e-03
7.231393401677260052e-03
7.244264560014318163e-03
7.257705975679972291e-03
7.266092888228885445e-03
7.262301561367931826e-03
7.272408733661056557e-03
7.274430195511930562e-03
7.286228444399410129e-03
7.294643696981744849e-03
7.290862269512869871e-03
7.273010268838283991e-03
7.284605598531937107e-03
7.273456298663287002e-03
7.268924704456153525e-03
7.274277466809696800e-03
7.273753051123076248e-03
7.280746093595592480e-03
7.294744998247795764e-03
7.289137720987901546e-03
7.291904599072871265e-03
7.305028264999592451e-03
7.306734816201070765e-03
7.299466495840544085e-03
7.316933409459804895e-03
7.320165299585575103e-03
7.322576798704257157e-03
7.336258010404413457e-03
7.316341803808347651e-03
7.314846219545057329e-03
7.319110494235421885e-03
7.322515335924348161e-03
7.313845987856149554e-03
7.307381610357869227e-03
7.316321379927851962e-03
7.320069302618988256e-03
7.332098776492655332e-03
7.318667389526412048e-03
7.329532130744966650e-03
7.321658173859932513e-03
7.323362549456203553e-03
7.313412112493235251e-03
7.321518168504618194e-03
7.312745781507479226e-03
7.311951254309699728e-03
7.308475003799725332e-03
7.303927017596344509e-03
7.305704166049954706e-03
7.299245248916064188e-03
7.281966360389096997e-03
7.299056235650109616e-03
7.310703104969893881e-03
7.315139575332058053e-03
7.316407897805061664e-03
7.327859403221597540e-03
7.317067705602325715e-03
7.316603547899170994e-03
7.308764389076055808e-03
7.301017688429711598e-03
7.305877060455456297e-03
7.299165217128104378e-03
7.314094030049742359e-03
7.322605583313874893e-03
7.317839895751394527e-03
7.314570018793904206e-03
7.324004011594904134e-03
7.325671473872890326e-03
7.328022446191327817e-03
7.328220006124799325e-03
7.321241777732819152e-03
7.319488127712776848e-03
7.316440132071094955e-03
7.325516068809057209e-03
7.322578085732619514e-03
7.334738696206666471e-03
7.339197944272307476e-03
7.350172083760457206e-03
7.360538100956498173e-03
7.337234970846803761e-03
7.338588945941630637e-03
7.333843408307111691e-03
7.338847600003610069e-03
7.322229325438066663e-03
7.318477115004772514e-03
7.304527870554522462e-03
7.312633736653180970e-03
7.318395316073723726e-03
7.324608523635835894e-03
7.315541898677369557e-03
7.332528612516301184e-03
7.326376223505497859e-03
7.322577293278773915e-03
7.309614385620261286e-03
7.315629901403011837e-03
7.316896705150358927e-03
7.308156526688609940e-03
7.323653408246554898e-03
7.324132776218235212e-03
7.315751474560360304e-03
7.328018566059974447e-03
7.340332012736839988e-03
7.335241404606655628e-03
7.338203502824481445e-03
7.320994535173498338e-03
7.333246886370502898e-03
7.343381418220774372e-03
7.337276420321386418e-03
7.338953412023760219e-03
7.344973364089108121e-03
7.331428754424059759e-03
7.324887355764378438e-03
7.318639682717896153e-03
7.312694146783116703e-03
7.316609330640224361e-03
7.310809510144005742e-03
7.315189506117705624e-03
7.309453352208052264e-03
7.317937476859911854e-03
7.318847466404959645e-03
7.325431191999153858e-03
7.317599223116794289e-03
7.317094798470770954e-03
7.318767272481414496e-03
7.321110447169357563e-03
7.322359465123722162e-03
7.319379275980746058e-03
7.318961170342213121e-03
7.321046937973061525e-03
7.325812878093596221e-03
7.318001624658742460e-03
7.315926758283871831e-03
7.319144221897761968e-03
7.333913451855336198e-03
7.328464524540887100e-03
7.334065934646886650e-03
7.345284670929419328e-03
7.347736950161358124e-03
7.346757779324804109e-03
7.339034042692869561e-03
7.342097251509949705e-03
7.342132381666804410e-03
7.342011821161009699e-03
7.341242518906269943e-03
7.329335855752531527e-03
7.331870706437453554e-03
7.327928262553953451e-03
7.316594374731251287e-03
7.320004979735641321e-03
7.330088485119582754e-03
7.335958355077656576e-03
7.334817644737930131e-03
7.337970410292373943e-03
7.349313224884084991e-03
7.353685358950843437e-03
7.357425804307461681e-03
7.346093456851362016e-03
7.364243472692925951e-03
7.357980848771741335e-03
7.358368317974380013e-03
7.363745994525029703e-03
7.358708578854030076e-03
7.356057082818340774e-03
7.356201044618723359e-03
7.360857449218498501e-03
7.365433935308195700e-03
7.367930839040535800e-03
7.372908059874516869e-03
7.365154606454524244e-03
7.380923722595945057e-03
7.383182558207122305e-03
7.399964807742402673e-03
7.402448725681809623e-03
7.390335635493980836e-03
7.394459645837063444e-03
7.394398518944094237e-03
7.389924148068372639e-03
7.381541549648147453e-03
7.377588692021612785e-03
7.370859663957386905e-03
7.370585910470267565e-03
7.375961015334360840e-03
7.373516704140569734e-03
7.368828070270090104e-03
7.364155527692649826e-03
7.378495541795074622e-03
7.368951564818517798e-03
7.372064272213025779e-03
7.374861467571248129e-03
7.383685041996557348e-03
7.387277604734122406e-03
7.387617711486921430e-03
7.394783039844116980e-03
7.389135348793480010e-03
7.404276894466498699e-03
7.408246384723626496e-03
7.407061116278078686e-03
7.407855330467138545e-03
7.397537868004983898e-03
7.414865561846651319e-03
7.415749677321594770e-03
7.411333901541913155e-03
7.422878274057126760e-03
7.436455056080652076e-03
7.434279290480225177e-03
7.454409134569410685e-03
7.448603409478505612e-03
7.457488221850740000e-03
7.447114961018225406e-03
7.437680116830968843e-03
7.438218258178940813e-03
7.437859073428472294e-03
7.420624018768660034e-03
7.417756020784900019e-03
7.419113029713829237e-03
7.434801685850657947e-03
7.418358305453426338e-03
7.421913098593794188e-03
7.426778794263178864e-03
7.419890150165781885e-03
7.416751080694648952e-03
7.415381811818272731e-03
7.415235964164792332e-03
7.395459773121147891e-03
7.394784048806717948e-03
7.393949464297370003e-03
7.389237051141131149e-03
7.379457264350415546e-03
7.379368948325763268e-03
7.386287516201722053e-03
7.382793618321113402e-03
7.380337666771475541e-03
7.382876030453627489e-03
7.376527725146269331e-03
7.366984445849361803e-03
7.360925424674236682e-03
7.355451680128964262e-03
7.349244955601186291e-03
7.355005629198877425e-03
7.357199439874136278e-03
7.352192987069143884e-03
7.344892476976329528e-03
7.355825943512550938e-03
7.348397419086104797e-03
7.343311430658808897e-03
7.327970463881188293e-03
7.340596326748802941e-03
7.331664491990063162e-03
7.344082925680523594e-03
7.353709814527390788e-03
7.357306593415818309e-03
7.366782860320946098e-03
7.364806870118876907e-03
7.367627277485067766e-03
7.356643575419790325e-03
7.358026454906117265e-03
7.364106255279364091e-03
7.355134343575315051e-03
7.342533037643129978e-03
7.345356476208113675e-03
7.344429760054684529e-03
7.346199978207105900e-03
7.342808206605283376e-03
7.338988329176103324e-03
7.352123553836978354e-03
7.355662370562445970e-03
7.354373795038880203e-03
7.349404604497153208e-03
7.349896234120241283e-03
7.357567712167842680e-03
7.353342310638803433e-03
7.348341810541647243e-03
7.344734033755117956e-03
7.344020315922726062e-03
7.358494151568602433e-03
7.361459141571729051e-03
7.360000337155554566e-03
7.365241331370716259e-03
7.376902873158430393e-03
7.380751262010520550e-03
7.382938938604956258e-03
7.379197839974471589e-03
7.383138067484543154e-03
7.380465834776213548e-03
7.395756502634918787e-03
7.398857158146008445e-03
7.399215963193416304e-03
7.391921533586748652e-03
7.389833346448491588e-03
7.396330082184642343e-03
7.391931067020665082e-03
7.395599547342808326e-03
7.386757365531528528e-03
7.401968627607904104e-03
7.397671882608330800e-03
7.394428829245125456e-03
7.390562055009210554e-03
7.395586526117284287e-03
7.398863068756037636e-03
7.402057026794011535e-03
7.396473942952027855e-03
7.399364344563767563e-03
7.399350889467134346e-03
7.396366692281345669e-03
7.401597898087777967e-03
7.402446795760595465e-03
7.408459348423268587e-03
7.417224289317825812e-03
7.411743564382342227e-03
7.415259289988518007e-03
7.427186587906274562e-03
7.423930614339329000e-03
7.426832989342672421e-03
7.427213882746109067e-03
7.441152373690712411e-03
7.436712496984326792e-03
7.450303820502938296e-03
7.449292915811541772e-03
7.446301413767267632e-03
7.452737005580358301e-03
7.444152592456162142e-03
7.429370155744282299e-03
7.444476324513591564e-03
7.453901736501190520e-03
7.448170868494682038e-03
7.456300632428329231e-03
7.457237088046531244e-03
7.449359986040102882e-03
7.452600412356821628e-03
7.442740859408132972e-03
7.451859110112735683e-03
7.446852615131211925e-03
7.456900315157046974e-03
7.452508104271999070e-03
7.459094953736770429e-03
7.447192685972544440e-03
7.458258220945660801e-03
7.450094120860459648e-03
7.476467579605993070e-03
7.480020253895913393e-03
7.460423192917798804e-03
7.457993922688891004e-03
7.460222067404562694e-03
7.456285882772945017e-03
7.447040135670895782e-03
7.444145009784310617e-03
7.446126678809650810e-03
7.447133251500081923e-03
7.452099713327891770e-03
7.446234309994677857e-03
7.442700835805687691e-03
7.450084458276383902e-03
7.448455496597524914e-03
7.454817109967819440e-03
7.464625518165372495e-03
7.477583842252224014e-03
7.474164325237525434e-03
7.475466133968217651e-03
7.471128377725250007e-03
7.475757084592172218e-03
7.472300921716740554e-03
7.472614108731784680e-03
7.473739226540196401e-03
7.484962358924825143e-03
7.481195455210341155e-03
7.481325626698591934e-03
7.485974108913303997e-03
7.489313808954956887e-03
7.487837606080515428e-03
7.498762012210334268e-03
7.501190861704218858e-03
7.500349125703260206e-03
7.505105529358489097e-03
7.506175373829820745e-03
7.502751120056111098e-03
7.516127014933974247e-03
7.515041977648806611e-03
7.523133716470432018e-03
7.531161793359477698e-03
7.533108835663187251e-03
7.527079748155430725e-03
7.529708486116038456e-03
7.551165667307126531e-03
7.555498913624974187e-03
7.564472259158875819e-03
7.563701989582932890e-03
7.552968071859298207e-03
7.551551112257240926e-03
7.544187004362048858e-03
7.555682069822518623e-03
7.553569492292575190e-03
7.555376200738796177e-03
7.544164619292379435e-03
7.553154705430486018e-03
7.547575092768500291e-03
7.546994156929678031e-03
7.553776893350872337e-03
7.553184055730658916e-03
7.556093522359678787e-03
7.561174493074395916e-03
7.561887913192340965e-03
7.542390498364080417e-03
7.538742150392290821e-03
7.543723000299981836e-03
7.555573807288080458e-03
7.559592944334087017e-03
7.578487350062097436e-03
7.579812647891981392e-03
7.562296441631710837e-03
7.582823382610325187e-03
7.574967164521199774e-03
7.580007531102338908e-03
7.563780431012702941e-03
7.564180971406850133e-03
7.572817908143470930e-03
7.561407220504683113e-03
7.568335647654267709e-03
7.564896073636222761e-03
7.570334888946866382e-03
7.566267919379895783e-03
7.587622498908291879e-03
7.581203242874869422e-03
7.584102869994983724e-03
7.588307488830835050e-03
7.566072700137344009e-03
7.562886866974422376e-03
7.568207905397390280e-03
7.579917068145451339e-03
7.586744939129154951e-03
7.604386040374793224e-03
7.591979993715186094e-03
7.608445456337289275e-03
7.606737653270250962e-03
7.603311129152840950e-03
7.618987835066626767e-03
7.615270303614357986e-03
7.615941372367655143e-03
7.610237988658027572e-03
7.615341764819115455e-03
7.632564817407695018e-03
7.625718090145961088e-03
7.635144382496954207e-03
7.641986064693883848e-03
7.645872528795776869e-03
7.644922646845749882e-03
7.640067801197313740e-03
7.645459149869971750e-03
7.651336673294828646e-03
7.645579090498178833e-03
7.632712261299647548e-03
7.648433619140926516e-03
7.642853325462780657e-03
7.635685561636529513e-03
7.631362016198382954e-03
7.626292294854059364e-03
7.641727664190087546e-03
7.630535176411461749e-03
7.626692427968797573e-03
7.612874432737042757e-03
7.605549624974418214e-03
7.605725363907038863e-03
7.609361908107992699e-03
7.607851335715556593e-03
7.618490350554583089e-03
7.617417993519289866e-03
7.602978622957752043e-03
7.620631163410302757e-03
7.618703056693833763e-03
7.631804077102329574e-03
7.632516808062474352e-03
7.641741377905833001e-03
7.643074237215589754e-03
7.648212695471405011e-03
7.645650125117938074e-03
7.648824520978423844e-03
7.650925366407843563e-03
7.645593581715684310e-03
7.632825213998661006e-03
7.629093380424544282e-03
7.624995475015682901e-03
7.642004072151063754e-03
7.645106002883079663e-03
7.642804862473394356e-03
7.633205125880716986e-03
7.646382469384343204e-03
7.655835098202392990e-03
7.663537183149097230e-03
7.663521747386841179e-03
7.666575452428394354e-03
7.662742376496944896e-03
7.662601655774281886e-03
7.656057645419492991e-03
7.658406904279841526e-03
7.656491238161248179e-03
7.654218953375603249e-03
7.665402572235027572e-03
7.663399316041804264e-03
7.666212458421236241e-03
7.680283992086993708e-03
7.678779826045914123e-03
7.673958696781101388e-03
7.687173148613191467e-03
7.703003959354378857e-03
7.700312173280735202e-03
7.701142903557395801e-03
7.701353639173107862e-03
7.689133152095162758e-03
7.695773381845557280e-03
7.682190310675115173e-03
7.681184529001204575e-03
7.675605200978578672e-03
7.676800734888367291e-03
7.676219701300745525e-03
7.683865065555106275e-03
7.689273841468141635e-03
7.690378573285690071e-03
7.682135002033907423e-03
7.675449713401946011e-03
7.676212700873740087e-03
7.677827830455591362e-03
7.675297740532858320e-03
7.679661627870195025e-03
7.672881359216229998e-03
7.675935524837283058e-03
7.688071064134250308e-03
7.680242370403476439e-03
7.673996195976090159e-03
7.667802449022944299e-03
7.657204601949774668e-03
7.661755626896507056e-03
7.654456786672743894e-03
7.672316009286488450e-03
7.685417100567162180e-03
7.708574831636547976e-03
7.691839673989159416e-03
7.697397831012480103e-03
7.683102169829173975e-03
7.700727710478656035e-03
7.705382625258883067e-03
7.689643073375507405e-03
7.707083849741961680e-03
7.698529144234783801e-03
7.722021045597857007e-03
7.701599007907473232e-03
7.689230326942666539e-03
7.690541598154068334e-03
7.690704063263051511e-03
7.690769397936069590e-03
7.700101115174840145e-03
7.705641848216773782e-03
7.702086400691781319e-03
7.708745002422378624e-03
7.710007604389870241e-03
7.714350676555952781e-03
7.718329099646014865e-03
7.728183880101243200e-03
7.735275288533596111e-03
7.732400688355662785e-03
7.717965576968101142e-03
7.718916095819986639e-03
7.723369719615008969e-03
7.731282169607633405e-03
7.730875064601678073e-03
7.723817652039273278e-03
7.725585254997147620e-03
7.729360045763741978e-03
7.744190551484006653e-03
7.742808813367846495e-03
7.747500105944419950e-03
7.755861469382262403e-03
7.753859232032969326e-03
7.756252549345345193e-03
7.745589775094464079e-03
7.737848148728037993e-03
7.734904008176903510e-03
7.717482971816447095e-03
7.720799376583168706e-03
7.716842605162009712e-03
7.711460592453657156e-03
7.714895289665997177e-03
7.728264816793405795e-03
7.734861202791287228e-03
7.717429405748830844e-03
7.725733018979880420e-03
7.726222900377722504e-03
7.735524790793282986e-03
7.727538057132532154e-03
7.722118032958121513e-03
7.715080580866508567e-03
7.702859343667351789e-03
7.716260470614172591e-03
7.696301836785427418e-03
7.704997453840680202e-03
7.707829826085460696e-03
7.701030855246938575e-03
7.716662251039990011e-03
7.704122222654276840e-03
7.699371388630445526e-03
7.691614383477163482e-03
7.695548638028089534e-03
7.695316317119123284e-03
7.682005135633588992e-03
7.685975577446624643e-03
7.685646782422266704e-03
7.688310280141594233e-03
7.694336198100705515e-03
7.697104296017236516e-03
7.719972006084568038e-03
7.705774908557550679e-03
7.706297204047012767e-03
7.698550286336907494e-03
7.701971984049720346e-03
7.704824545226295410e-03
7.703317869900671785e-03
7.703919709096391025e-03
7.710218867811158457e-03
7.725029116691731375e-03
7.714163494029666578e-03
7.728201880704646011e-03
7.715114592819433646e-03
7.715717985804809720e-03
7.710870284673283954e-03
7.718760021378772741e-03
7.728824314548938569e-03
7.735663083947895771e-03
7.735874497643529905e-03
7.731283483909429273e-03
7.729626820233679446e-03
7.731968237484862158e-03
7.744884533304777566e-03
7.743864869081447042e-03
7.751124110054626731e-03
7.756549590245119009e-03
7.764293179362249248e-03
7.763144798459497772e-03
7.776784796172366010e-03
7.771984894763075274e-03
7.771751701749681288e-03
7.756717001795605977e-03
7.761008431053341254e-03
7.758551072638344807e-03
7.760624922789933697e-03
7.757287847337039806e-03
7.745455354449628550e-03
7.769342924981444132e-03
7.767036177666214805e-03
7.764950890260960935e-03
7.762613508532502371e-03
7.766765867371550579e-03
7.774164551436537132e-03
7.771648648149383047e-03
7.764413542893799751e-03
7.778068823887367145e-03
7.769418291596111130e-03
7.785321972517971964e-03
7.782003733917094643e-03
7.790058545835255345e-03
7.783689699012085079e-03
7.789444901875469673e-03
7.792630325371818073e-03
7.782233641936066315e-03
7.779851291495777123e-03
7.782304938369365155e-03
7.788519074107031100e-03
7.799516670938742326e-03
7.802316946070086967e-03
7.807874164607301118e-03
7.827744694922906740e-03
7.813669764218484151e-03
7.827112965297498837e-03
7.823775213757107327e-03
7.821750876627363291e-03
7.828135461168905102e-03
7.835927950980004289e-03
7.832548026862125312e-03
7.826678541167678485e-03
7.825505574865599528e-03
7.836109548292101781e-03
7.828647974603721721e-03
7.835857783817798752e-03
7.845380908139729104e-03
7.841895179797718149e-03
7.851657650608304811e-03
7.842148695755444751e-03
7.841169884280378352e-03
7.840653210509467008e-03
7.845396883384666772e-03
7.827649639670249820e-03
7.844715067761376739e-03
7.822909667310456311e-03
7.832929999350432895e-03
7.818119248742538829e-03
7.831760942696150418e-03
7.839702233866431905e-03
7.841877489214726590e-03
7.834211989682451222e-03
7.835269643566841052e-03
7.828868625580723620e-03
7.840516342269390412e-03
7.833047943404168253e-03
7.836033934387798966e-03
7.842568809764936810e-03
7.832767488710536477e-03
7.824038684787948741e-03
7.826483522755211045e-03
7.827993877514911533e-03
7.808135926825412326e-03
7.801129048798021576e-03
7.805778643334893366e-03
7.812852826231946046e-03
7.814345375314057929e-03
7.808412900846524798e-03
7.806555175439248810e-03
7.810389909373586896e-03
7.814924228923575411e-03
7.826180348136533779e-03
7.822239214428821849e-03
7.823814112471270260e-03
7.823979266584003139e-03
7.819465813973748916e-03
7.830061683779206139e-03
7.826274585268026135e-03
7.828870046335371230e-03
7.838086535107381334e-03
7.829781457514192397e-03
7.822781795227714413e-03
7.815659677161360813e-03
7.821586178541889769e-03
7.819455504053532749e-03
7.823567713396092221e-03
7.814329032034007458e-03
7.807118373896038306e-03
7.816138777584021730e-03
7.823032969641222079e-03
7.821886372053265049e-03
7.798373371671640450e-03
7.800105894384954872e-03
7.799095445571105865e-03
7.795556011830150067e-03
7.769475870275154537e-03
7.767606074205127102e-03
7.764718999423695159e-03
7.759563522702698536e-03
7.762956035763651265e-03
7.782453217712141658e-03
7.770726625109555634e-03
7.786606943758952668e-03
7.777346097480777008e-03
7.777926032735920855e-03
7.776656975488809367e-03
7.782392173477218657e-03
7.791878491520447085e-03
7.796167045264828892e-03
7.797932492019144651e-03
7.792808653353879705e-03
7.786987201772333639e-03
7.796709956769601671e-03
7.811254924520140246e-03
7.797875518621171301e-03
7.810127828378646969e-03
7.799343827922474749e-03
7.810045778255897929e-03
7.812074668610152067e-03
7.797001439462492890e-03
7.808375624176137203e-03
7.803955434102673519e-03
7.805161305796504134e-03
7.810047547795724229e-03
7.813460857164347684e-03
7.802119973741721524e-03
7.811466276928643628e-03
