3.970125283118863986e-03
3.970125283118863986e-03
3.924947195751144272e-03
3.890768857257146957e-03
3.854280668313275239e-03
3.819655644584716691e-03
3.786858812974871601e-03
3.755768756456290443e-03
3.723747209758336042e-03
3.694788251787484157e-03
3.664354085019655687e-03
3.633854189029404706e-03
3.602306138029402142e-03
3.571495917661586961e-03
3.541803239791522194e-03
3.512505690343769096e-03
3.483159059379168244e-03
3.456290141737605043e-03
3.427683489270865087e-03
3.399594245334006289e-03
3.371618320423015215e-03
3.343642289195805292e-03
3.316072641405864389e-03
3.289313303475135085e-03
3.264056296375839657e-03
3.236883066900940811e-03
3.211146343734714529e-03
3.187261038256948217e-03
3.165224507741267335e-03
3.142690441227333816e-03
3.118896045231397095e-03
3.097069438984308577e-03
3.076028452798603048e-03
3.054964411283453331e-03
3.032346939782966291e-03
3.010122359460150072e-03
2.986725963683187039e-03
2.965268707798663500e-03
2.944430598057633849e-03
2.922085984208718044e-03
2.898983561118431609e-03
2.877395148660971159e-03
2.855878519101591202e-03
2.836006595564725865e-03
2.817156244154270933e-03
2.797805506772304239e-03
2.778742456065291713e-03
2.760485336536727327e-03
2.741818726681323655e-03
2.723154227391089231e-03
2.703234134816764628e-03
2.684860092416057296e-03
2.665916495643325806e-03
2.649534218679325780e-03
2.634177694205889521e-03
2.616977331532820659e-03
2.599194827782598527e-03
2.581171928204028989e-03
2.563620890965393438e-03
2.546566233999882512e-03
2.530307072508823033e-03
2.514558163869586374e-03
2.500754988346569948e-03
2.485948837650018336e-03
2.470299092269033145e-03
2.452941850264161745e-03
2.435635498036782184e-03
2.418872068901952149e-03
2.402601990737983275e-03
2.386850351092395864e-03
2.370834572542309185e-03
2.355570876041174037e-03
2.341327663484444720e-03
2.328973296612139171e-03
2.314600199955785427e-03
2.299376889726781510e-03
2.284402837276944872e-03
2.271272322568425490e-03
2.258185763041932383e-03
2.246625804996591012e-03
2.235451847133250111e-03
2.224152414787045930e-03
2.212182438866269318e-03
2.200461585995187180e-03
2.187154095875456193e-03
2.175438021465891155e-03
2.161522753679387919e-03
2.148769758017558471e-03
2.137485396544147077e-03
2.124360551572179040e-03
2.113697979789113442e-03
2.103043534970083176e-03
2.091793112256003315e-03
2.079963944859694602e-03
2.069124848047936439e-03
2.057331586889648775e-03
2.046905315199624986e-03
2.035679831074349837e-03
2.024810835638990014e-03
2.013718606290636898e-03
2.002601342240759724e-03
1.991661754229237698e-03
1.979790668872093498e-03
1.968680879394489949e-03
1.957083266524768921e-03
1.947332769075224915e-03
1.937067286082250987e-03
1.926257184955534624e-03
1.916121979642616824e-03
1.904034799377700513e-03
1.892935196546391462e-03
1.882395320837857832e-03
1.872660905309141838e-03
1.863120891662594465e-03
1.853423784914379679e-03
1.844500393992731455e-03
1.834525187414781221e-03
1.825572873716456088e-03
1.815944504840477473e-03
1.807194393261586087e-03
1.798026129294082696e-03
1.789300640568551289e-03
1.780767473395586994e-03
1.772608861653545559e-03
1.764150530178159541e-03
1.755193378279125416e-03
1.746907586809335515e-03
1.738713607234640846e-03
1.730650601346218290e-03
1.722010282931081722e-03
1.714090932740036178e-03
1.706078691262402115e-03
1.698617790378124633e-03
1.690910410148767492e-03
1.683296145167636733e-03
1.675420821821442009e-03
1.667808291157696268e-03
1.659209015959868007e-03
1.650839183370565776e-03
1.642118313936094488e-03
1.634211226073457477e-03
1.626285059336698199e-03
1.618375423222825080e-03
1.610324558138346521e-03
1.601476190098129410e-03
1.594260116593001217e-03
1.584375785459893153e-03
1.576870613626118415e-03
1.569201647073334037e-03
1.561570041305861698e-03
1.554924262014372935e-03
1.548207893103356906e-03
1.541388619351612838e-03
1.534220125653366386e-03
1.528068968239221052e-03
1.521464390022289354e-03
1.514678027229869606e-03
1.508235185471865211e-03
1.501306601942947305e-03
1.494568966500224192e-03
1.487663812501502673e-03
1.481943682611302224e-03
1.474212175366537833e-03
1.467990769422361508e-03
1.460878946794370858e-03
1.454863479948874730e-03
1.448451650544402107e-03
1.441620670457407268e-03
1.434818432434554125e-03
1.427823627822056435e-03
1.421349758098816932e-03
1.415254398641237546e-03
1.408864338895554971e-03
1.401785793901532415e-03
1.395754761872626971e-03
1.389191036407969645e-03
1.383373096430984099e-03
1.377223853378707445e-03
1.371119797042776251e-03
1.365866724228904797e-03
1.360720913113318406e-03
1.355367363935570382e-03
1.349654987089861282e-03
1.344321686758325222e-03
1.339534861256245005e-03
1.334944487948072156e-03
1.329520889753187194e-03
1.324797077129963394e-03
1.319874501176839573e-03
1.314908855917503155e-03
1.309334290753375908e-03
1.304095518386134056e-03
1.299453528355503122e-03
1.293666747140336535e-03
1.289576264721396240e-03
1.284209944660534173e-03
1.279409401881973895e-03
1.274895264612560877e-03
1.270670590631186540e-03
1.266922445745383066e-03
1.262873111618677052e-03
1.259084303040747818e-03
1.253645745302341607e-03
1.249428944455721439e-03
1.245658014725626282e-03
1.241539196935892994e-03
1.236645041611363852e-03
1.231906643170365984e-03
1.226884018654516000e-03
1.222246270350727014e-03
1.217111235124708870e-03
1.212193724207105390e-03
1.208154309235437299e-03
1.203301169176083235e-03
1.198773414738954967e-03
1.194683168933352536e-03
1.190983970512265880e-03
1.186760598040719622e-03
1.182409892287773550e-03
1.178354163169033136e-03
1.173989410278887752e-03
1.170096152537993765e-03
1.166443782484693223e-03
1.162527202182800454e-03
1.159008467897771309e-03
1.155130426864692987e-03
1.151194433608875717e-03
1.147581601493174010e-03
1.143836511404791850e-03
1.140113964124112901e-03
1.136730292742833088e-03
1.132353952186302033e-03
1.128872778407111937e-03
1.124947866437902384e-03
1.121758122215319939e-03
1.117543985293495586e-03
1.114449137441963838e-03
1.110712943961682068e-03
1.106836617348350539e-03
1.102770230471240712e-03
1.098077754291421244e-03
1.094362735761358289e-03
1.090954398710107130e-03
1.087812044963551612e-03
1.083811009959814503e-03
1.079950544779170870e-03
1.076360061773758148e-03
1.072996460242992044e-03
1.069359086823874457e-03
1.065737482727421599e-03
1.061440080889739868e-03
1.057844701465651682e-03
1.053880366432503575e-03
1.050787023932185085e-03
1.047407295101784137e-03
1.043977057522488478e-03
1.041290490304802672e-03
1.037890008233960902e-03
1.034567783759093992e-03
1.030650916881714358e-03
1.026693676679373739e-03
1.023559546481845944e-03
1.019882431150499801e-03
1.016081845631523631e-03
1.013006334366676597e-03
1.009866148766055786e-03
1.007132638312546692e-03
1.003777678724729816e-03
1.001107429584627197e-03
9.978099953747204733e-04
9.942334876068905942e-04
9.919195204666157294e-04
9.887855242510582010e-04
9.857578117209214643e-04
9.828241390821654700e-04
9.797843846915822285e-04
9.764282880778053135e-04
9.739935245832022186e-04
9.712656935968073946e-04
9.687048186891525229e-04
9.656859626935015029e-04
9.632765479598567404e-04
9.606214068299089980e-04
9.579352448538466531e-04
9.553976711538371240e-04
9.525356885335064822e-04
9.507691096995607048e-04
9.479263380956076939e-04
9.453301306258512582e-04
9.425889190196683719e-04
9.395346242354299555e-04
9.380537745037473762e-04
9.347545709015754600e-04
9.321479462682482524e-04
9.300669518611517569e-04
9.267674529083150172e-04
9.243689431684874941e-04
9.217490576056613710e-04
9.197120825049449801e-04
9.176356935399379144e-04
9.147841232486265571e-04
9.130198805562110033e-04
9.106464966819698397e-04
9.082679889826603429e-04
9.060692806739521939e-04
9.035344888591788316e-04
9.014047464251164496e-04
8.991833455784880398e-04
8.971707495226765401e-04
8.948916338051071196e-04
8.926237164277237273e-04
8.905181415911900267e-04
8.882488483657576461e-04
8.861230951974067606e-04
8.838732433598139350e-04
8.820518951545531453e-04
8.799522244307561320e-04
8.776754789251062401e-04
8.753563502679734655e-04
8.735387893573331704e-04
8.719669078133606777e-04
8.696908106126317092e-04
8.678551638016432064e-04
8.657120280231862374e-04
8.641718490667947951e-04
8.624587289993567319e-04
8.596858830630335103e-04
8.584629659392957208e-04
8.568882381433665573e-04
8.555499511672225036e-04
8.537465004975862545e-04
8.517964739544796543e-04
8.495746015943059139e-04
8.475893168223403275e-04
8.460175587215078763e-04
8.435038732283863059e-04
8.408371278464399096e-04
8.388708269619519564e-04
8.370271208687918166e-04
8.346085771432201804e-04
8.330315648451211159e-04
8.306669764235867113e-04
8.286306996360688192e-04
8.266875845603622415e-04
8.245421576471250033e-04
8.225998036433182633e-04
8.207679449039333337e-04
8.193060368660382226e-04
8.173987980980235374e-04
8.155149567942660341e-04
8.144091591582087357e-04
8.122834936372659532e-04
8.111810371567271423e-04
8.093235811243738040e-04
8.078089472122914868e-04
8.060158899570068385e-04
8.039792216616709194e-04
8.026654728566594678e-04
8.013393633727013739e-04
7.988248532319504325e-04
7.972419725230442660e-04
7.955069932552075434e-04
7.932781662649393334e-04
7.919017747445161737e-04
7.898157126600717157e-04
7.890020334765625786e-04
7.875559828820877890e-04
7.858093134145184566e-04
7.844905903006529685e-04
7.833228584199883370e-04
7.814463903606745426e-04
7.804952490215363295e-04
7.792525454278637076e-04
7.782413120730976609e-04
7.768398824480716265e-04
7.750817558456345093e-04
7.741974591570982079e-04
7.728205310818642669e-04
7.714518162908542845e-04
7.705366957788159065e-04
7.689078578605800874e-04
7.681532399069538296e-04
7.671977785599308876e-04
7.657013561051454050e-04
7.649988812295766384e-04
7.636094127261112627e-04
7.627029265220643421e-04
7.609626716536025369e-04
7.598889916005897383e-04
7.586831420058772315e-04
7.574951247243333569e-04
7.563188603174625249e-04
7.549531130137898888e-04
7.539128506613194079e-04
7.523179678268414154e-04
7.514204512268844553e-04
7.503989041284813864e-04
7.493194537852739239e-04
7.485930639543581736e-04
7.473939964213208382e-04
7.460733283637033990e-04
7.455519670369613631e-04
7.446688583051995708e-04
7.435842478286182377e-04
7.429397642557552216e-04
7.414164054468454267e-04
7.415192800867659003e-04
7.400806047486285094e-04
7.394388871010800163e-04
7.381434497010222126e-04
7.371300658629806627e-04
7.361686165366697430e-04
7.350683024050290405e-04
7.338750454540054037e-04
7.323881022458496402e-04
7.314659707470390045e-04
7.306062723438424287e-04
7.294044810304147310e-04
7.285566145642091967e-04
7.278522937227140891e-04
7.270256451223382124e-04
7.258820005011694864e-04
7.252782924784711201e-04
7.244613907796448914e-04
7.236797676984158727e-04
7.228507542729612888e-04
7.214452214721390512e-04
7.207502156740283692e-04
7.200305747767767137e-04
7.190885474598212885e-04
7.178925469760769843e-04
7.175869408906174630e-04
7.168510393162438486e-04
7.158005106583171162e-04
7.149706583078519091e-04
7.141374759981498552e-04
7.137147379522620731e-04
7.123665919407535510e-04
7.118503743499456646e-04
7.111819557783860893e-04
7.103888576189524738e-04
7.093694769189469928e-04
7.083941144721099537e-04
7.074697197199369264e-04
7.062656165188883244e-04
7.053919652611740330e-04
7.040871968833713104e-04
7.032192991482945051e-04
7.021657107069849456e-04
7.008267975464586592e-04
7.000405626992909974e-04
6.993524000223267680e-04
6.982359503490951670e-04
6.971620769505630861e-04
6.965023171569547722e-04
6.957122232252357366e-04
6.948696531905014474e-04
6.936803920636097805e-04
6.926633823687191986e-04
6.914884944880306857e-04
6.906926938277271714e-04
6.902381207001306905e-04
6.895188028383892687e-04
6.888104542419584871e-04
6.878842587885751394e-04
6.873019052987920652e-04
6.863572318193551227e-04
6.854076429701591762e-04
6.842787829971151399e-04
6.839475371750098395e-04
6.829105663805057607e-04
6.817673200761445234e-04
6.808319125762642447e-04
6.796641221379260377e-04
6.790417050263641320e-04
6.785279991427279212e-04
6.773579578352631036e-04
6.765127560845383926e-04
6.757543549849927712e-04
6.747580260282772099e-04
6.743524198748188569e-04
6.735196873568950618e-04
6.729214115942156772e-04
6.724802342342370808e-04
6.716920323920921474e-04
6.708209196532720787e-04
6.703492834921989966e-04
6.696815269915829547e-04
6.686605412487074858e-04
6.682197335454261771e-04
6.669312857586712304e-04
6.661688556909853764e-04
6.654971818484731573e-04
6.652897350548927190e-04
6.642816151814582562e-04
6.641417864480149294e-04
6.622789031763555130e-04
6.617688979495386968e-04
6.610827314338035094e-04
6.604232941898835431e-04
6.595080769582856118e-04
6.591159981808350195e-04
6.582041399350760207e-04
6.580924549381934408e-04
6.577794730736281686e-04
6.571207220285536690e-04
6.559705170544237679e-04
6.554283934799207383e-04
6.555183299476688040e-04
6.547839127316701195e-04
6.539902920456428957e-04
6.532114820129328271e-04
6.530872167993819442e-04
6.525967458670329287e-04
6.520010826373554350e-04
6.513067166211843105e-04
6.508886919770683847e-04
6.500480569256567552e-04
6.495493868403812588e-04
6.484570690425406347e-04
6.481708632061012124e-04
6.478672055575747553e-04
6.472500431177288273e-04
6.469420004691529965e-04
6.466327995379344065e-04
6.463382378985593497e-04
6.459060825423198950e-04
6.449588242599136332e-04
6.444377352249406991e-04
6.440524221113736250e-04
6.430347677142243422e-04
6.427391439369264242e-04
6.418311563801220015e-04
6.415088451610879766e-04
6.409638625117917337e-04
6.404223399535380595e-04
6.399618480617087291e-04
6.398080108688613231e-04
6.391923009506873463e-04
6.382586438768009978e-04
6.374863122633274339e-04
6.370944924182324332e-04
6.360269078616772589e-04
6.355781393645689630e-04
6.353552690896760967e-04
6.346215353518924089e-04
6.340680290865168336e-04
6.332771640051528981e-04
6.324816113042126039e-04
6.316162994736064951e-04
6.309900076248551757e-04
6.300167061714898346e-04
6.292664430763922692e-04
6.285942099102122651e-04
6.279734675623924352e-04
6.269144367156866257e-04
6.266673041597880904e-04
6.260413605403377432e-04
6.256703762203832345e-04
6.249071298734784662e-04
6.245235337271173902e-04
6.241438967510168313e-04
6.237867052802524744e-04
6.225278912259442788e-04
6.225858285028497028e-04
6.220761871375642864e-04
6.214899407239706441e-04
6.208938516476963411e-04
6.201628865617019298e-04
6.195156684319856047e-04
6.191103268370833036e-04
6.181452158534303564e-04
6.178558556781893821e-04
6.178966663604695646e-04
6.169972736194488097e-04
6.169313610524638928e-04
6.163210202070385944e-04
6.162624020411277279e-04
6.159103061585089215e-04
6.156060268140443534e-04
6.153234014352377840e-04
6.149319631661778751e-04
6.147935384437100631e-04
6.149619196997622257e-04
6.142432806594619191e-04
6.137956846263447524e-04
6.133127710452842326e-04
6.130409956118476568e-04
6.130982271214808739e-04
6.127122516824111973e-04
6.124647027487778537e-04
6.121202744405550939e-04
6.118349343975197641e-04
6.113936631775883715e-04
6.106775183663980993e-04
6.108156512988030962e-04
6.100396797317598563e-04
6.097630781366408575e-04
6.091202344082805422e-04
6.093549132328243169e-04
6.085636550922130135e-04
6.077534150112224838e-04
