3.967177345828656193e-03
3.967177345828656193e-03
3.628841297226075620e-03
3.521054669139538074e-03
3.264631186611830632e-03
3.163433633766012543e-03
3.035601523544485727e-03
2.974342832135706740e-03
2.864569532508620935e-03
2.824578658588340879e-03
2.741386394096281386e-03
2.710999045999475023e-03
2.656887420993828478e-03
2.621382314970273613e-03
2.587706757487122020e-03
2.552825863100018425e-03
2.522405590101032841e-03
2.482655173680334282e-03
2.468237562339935763e-03
2.443575490829053096e-03
2.431090563890556545e-03
2.404210436248009879e-03
2.408660377878422097e-03
2.426930858713360287e-03
2.400596706303834930e-03
2.432792130397456749e-03
2.406872528171622328e-03
2.419756139337982895e-03
2.426940154449153814e-03
2.419244303075224721e-03
2.422712846413215167e-03
2.414301147689139771e-03
2.436736242310229717e-03
2.431215628252788360e-03
2.474471518588251557e-03
2.483713780760824288e-03
2.538654455407470412e-03
2.551826759409634229e-03
2.677397443312090359e-03
2.828193617250022041e-03
2.820768546913525725e-03
2.876972699225341032e-03
2.842881761872789910e-03
2.903334409697895437e-03
2.916207142100878894e-03
2.958049074451145691e-03
3.226588267841972411e-03
3.328411636826856309e-03
3.349677192709671261e-03
3.407392900018496769e-03
3.428781643085998185e-03
3.481870758721272198e-03
3.482947424139218231e-03
3.511815458012544720e-03
3.660142458827591715e-03
3.968535407350712654e-03
4.150329961230323980e-03
4.384832082966298727e-03
4.585849163563704596e-03
4.669033298758507033e-03
4.827085273606621790e-03
4.874934472846305551e-03
4.899962047372227562e-03
5.138714247929799910e-03
5.279131914080719377e-03
5.421797496384076105e-03
5.552450961887759120e-03
5.673997511402676351e-03
5.707732262329776041e-03
5.874549445941368644e-03
6.060837019973243887e-03
6.158234371141157147e-03
6.172121665967278750e-03
6.261496280057487693e-03
6.241276993927813779e-03
6.556024360702125860e-03
6.863025370160220212e-03
7.102252375072073964e-03
7.328114206003744600e-03
7.572372362746887173e-03
7.892689053934309751e-03
7.988223581994543729e-03
8.094111455041795231e-03
8.048050777499888425e-03
8.202172860320180309e-03
8.482319627502371562e-03
8.744456060734711808e-03
9.016719620893738629e-03
9.168897702598632557e-03
9.424726201470910725e-03
9.663339972986430965e-03
9.941749781853760279e-03
1.006403914737826095e-02
1.037614086119349396e-02
1.064998995634603568e-02
1.087006956349913060e-02
1.086475947927883004e-02
1.114539340844993530e-02
1.127443072274414079e-02
1.132770688153630564e-02
1.154680100382420548e-02
1.186033338058941310e-02
1.183126331761015677e-02
1.206272593653473155e-02
1.226060743387988143e-02
1.239042451847789661e-02
1.251941404468496707e-02
1.276946017807057202e-02
1.310202093159396237e-02
1.323627124182322722e-02
1.357660233582295983e-02
1.376711007924616079e-02
1.396095907656300615e-02
1.429478408908228283e-02
1.450680515159598685e-02
1.468999672924545773e-02
1.469898473986246470e-02
1.509256660940072603e-02
1.521433298044520821e-02
1.557082127659832095e-02
1.575292724368921454e-02
1.590301105199416060e-02
1.640969328184070999e-02
1.676431855522527922e-02
1.736846892115549018e-02
1.744882592829423082e-02
1.784525679098507983e-02
1.814858079177086511e-02
1.849462225982480279e-02
1.864411188487810622e-02
1.917985636533445226e-02
1.933688796870044677e-02
1.974541134043187457e-02
1.977532042444966887e-02
2.031925318857017923e-02
2.019285440101472456e-02
2.040540346857346726e-02
2.074127847941719185e-02
2.091723498746768384e-02
2.138329375924863732e-02
2.166502524250749420e-02
2.210302723195702729e-02
2.239764525985296281e-02
2.262933677850152009e-02
2.300087841520149362e-02
2.310900705395864049e-02
2.336666968228112359e-02
2.353763745089202872e-02
2.377429353214627686e-02
2.394958016061547040e-02
2.429532807227352542e-02
2.433501561823496820e-02
2.469363554151991075e-02
2.484877326206659520e-02
2.543370368751119576e-02
2.574906955574972692e-02
2.603253986906324882e-02
2.635130904569714730e-02
2.659395798753238019e-02
2.686675607584102649e-02
2.723157107379396702e-02
2.753409089890622788e-02
2.777709753819725819e-02
2.794918292707908661e-02
2.849561752717207422e-02
2.879259293748765228e-02
2.905037563666141437e-02
2.931834112275564022e-02
2.951545043492366863e-02
2.983598896240510084e-02
3.012572371042980535e-02
3.053044229799743020e-02
3.046885810097961500e-02
3.073858035675508527e-02
3.102287410286664465e-02
3.125609146542388667e-02
3.158028324520625874e-02
3.179771408513263481e-02
3.203632306053148804e-02
3.223401821582044108e-02
3.286483512035154320e-02
3.287177337498510543e-02
