3.967177345828656193e-03
3.967177345828656193e-03
3.719456918250684148e-03
3.481153647107510223e-03
3.293225843425585334e-03
3.103425371204678474e-03
2.990479392907412649e-03
2.896758160409804508e-03
2.817221521594796829e-03
2.744965628710059526e-03
2.685268740968348947e-03
2.632734921033117684e-03
2.586061216313812958e-03
2.539602215884837963e-03
2.499273110414364056e-03
2.453785830307325059e-03
2.415263535273318250e-03
2.374263964007032775e-03
2.340466561573068677e-03
2.309369312705685916e-03
2.276798966143419190e-03
2.246790137895010760e-03
2.218180455910237232e-03
2.198922179984867577e-03
2.177659713897872433e-03
2.164167262658339783e-03
2.145388815046739978e-03
2.131829501879813765e-03
2.133948459324601886e-03
2.132411578312274660e-03
2.140280409412321366e-03
2.141385037853364964e-03
2.183684192909572403e-03
2.228440980509362006e-03
2.313082738003285812e-03
2.436534176976200804e-03
2.460700078639557233e-03
2.447899457235791672e-03
2.445585189107691865e-03
2.478800067211214212e-03
2.571027294902208157e-03
2.657654704817151870e-03
2.692496106200675376e-03
2.704887814042770261e-03
2.727356649283542954e-03
2.749725296077244058e-03
2.756327507253510285e-03
2.762342027740922069e-03
2.786485808435412367e-03
2.790532925161774529e-03
2.806114457856320743e-03
2.815885504733242357e-03
2.809397421892218145e-03
2.801749984437302589e-03
2.794015926660566810e-03
2.801211865111701525e-03
2.827035188529220325e-03
2.827729615304246536e-03
2.839309868803322617e-03
2.857973930914377465e-03
2.880676811616098097e-03
2.937327401109472019e-03
3.020788761169217445e-03
3.101267179518310806e-03
3.136082136647385787e-03
3.149349499872517149e-03
3.162189476746938947e-03
3.202265018714347058e-03
3.251465247516193129e-03
3.339207573114853170e-03
3.423454518735579918e-03
3.521326108085013132e-03
3.654251457805741954e-03
3.824410446775198310e-03
4.008621804994732737e-03
4.066917533753665152e-03
4.203406243602408887e-03
4.394686513299409132e-03
4.485790364104754943e-03
4.587993842933146306e-03
4.726067858807947095e-03
4.902243000638221819e-03
5.065449656960692090e-03
5.142220736256011317e-03
5.196024505109828572e-03
5.317274916798423075e-03
5.461579287874504876e-03
5.689277569650148629e-03
5.857736562900825450e-03
5.966793207957015940e-03
6.058606911694554287e-03
6.078761231965215499e-03
6.104535209892327820e-03
6.089570369998214237e-03
6.119299343325867654e-03
6.242162368087745931e-03
6.438984241158449140e-03
6.575714714406133074e-03
6.597474557575716374e-03
6.599910299136322982e-03
6.631499610564072292e-03
6.772836261912206293e-03
6.904578065631641372e-03
7.034244252940372900e-03
7.213331845608208365e-03
7.303272725383816791e-03
7.418170004011554082e-03
7.648025046071042082e-03
7.801047113285787191e-03
7.907162014268743003e-03
8.029837048832937432e-03
8.205254662334807159e-03
8.399322995842185488e-03
8.560272348500102754e-03
8.700012996399435206e-03
8.862405435511935825e-03
9.099765185357964331e-03
9.316518178844358788e-03
9.706550067722422709e-03
1.010331637944221483e-02
1.034353334311603236e-02
1.051186514234490540e-02
1.080076157048673151e-02
1.121934963261294119e-02
1.147055990089703575e-02
1.167098724779227006e-02
1.184918095728830847e-02
1.214207458291071892e-02
1.245011469100019627e-02
1.277090513015059423e-02
1.324244578621013545e-02
1.351378913799567046e-02
1.391737611787576857e-02
1.416103664965420034e-02
1.444878128803898584e-02
1.476172431515136024e-02
1.501580117079095479e-02
1.535919106609221277e-02
1.573220289292079008e-02
1.599692929105193603e-02
1.627328138070120722e-02
1.655697560781948380e-02
1.696729591776823323e-02
1.745698948337108883e-02
1.787912227098058249e-02
1.811096353671513143e-02
1.831058139108204807e-02
1.855345945741968677e-02
1.869172508075504086e-02
1.889857581018605098e-02
1.921066706953782066e-02
1.945037974317396362e-02
1.988231572221612134e-02
2.037942920875267933e-02
2.062971078231656819e-02
2.078721617340016301e-02
2.119039148048062343e-02
2.148597174445908420e-02
2.198764006726869336e-02
2.247586036196891693e-02
2.294394543667601857e-02
2.329412212753870226e-02
2.347452626014567834e-02
2.385652024920181455e-02
2.448549707573401818e-02
2.492149350869658081e-02
2.510189080595138719e-02
2.540994569837134315e-02
2.571601534052694177e-02
2.619303856178496759e-02
2.670861805585312068e-02
2.715836369191923505e-02
2.765577056597647021e-02
2.807297629662031807e-02
2.828806252719785058e-02
2.838388129850234406e-02
2.862996409906132245e-02
2.886204436671215012e-02
2.905807893633968395e-02
2.942399235766670479e-02
2.976705197650416496e-02
2.989837153685582019e-02
