3.945394954300631210e-03
3.945394954300631210e-03
3.924982315215468781e-03
3.915247458777613293e-03
3.892896376082749868e-03
3.882749932440711458e-03
3.870001369237410262e-03
3.861488872569819077e-03
3.852208028715923497e-03
3.841608088896487222e-03
3.833088414377101762e-03
3.824938205317939249e-03
3.816101602742709171e-03
3.807265966235425653e-03
3.800215491319827721e-03
3.792290464504488503e-03
3.786639149425354098e-03
3.780319686892749578e-03
3.771538112812485976e-03
3.764458877772233845e-03
3.757360019297785111e-03
3.751117009515463497e-03
3.742006085012088493e-03
3.734151327654763788e-03
3.727757500103970334e-03
3.720601841065358448e-03
3.714138948949860172e-03
3.707708008598737705e-03
3.700498227504702992e-03
3.693117450012299661e-03
3.686274148997404493e-03
3.679027712357794792e-03
3.673174513348030721e-03
3.664903751104140427e-03
3.659349996375284905e-03
3.653117324140673500e-03
3.646519589803446076e-03
3.640669615334722001e-03
3.634266605754421162e-03
3.627530213230592809e-03
3.621533330357852749e-03
3.615993943261742657e-03
3.609853390701834707e-03
3.604860829432548347e-03
3.598055956489216566e-03
3.592145011300884420e-03
3.585890616418635751e-03
3.580788877829960311e-03
3.576023845664422825e-03
3.571169970130694000e-03
3.565512607518135473e-03
3.560219027473611811e-03
3.554615949873917054e-03
3.549873859418544407e-03
3.544834290266049657e-03
3.538645041389250519e-03
3.532090171152695197e-03
3.526594661394335650e-03
3.520235599818876022e-03
3.515987560793451972e-03
3.510416787142468971e-03
3.505251177961683610e-03
3.501179944809776519e-03
3.496338340333447932e-03
3.490662787413939018e-03
3.484671303128269396e-03
3.479463114347105483e-03
3.474333534666495995e-03
3.469023963866020317e-03
3.463871778725763004e-03
3.458535935512572351e-03
3.452601577238244204e-03
3.447021549524284783e-03
3.441243648619572194e-03
3.436137752809984187e-03
3.430724978750274851e-03
3.425508322783351982e-03
3.420003294504816820e-03
3.413906510118424036e-03
3.409636517840692813e-03
3.405112066300665548e-03
3.400349720183080265e-03
3.396686369838868187e-03
3.391338651955917455e-03
3.386194118021563799e-03
3.379655511374092883e-03
3.374630293801273231e-03
3.369553780890120320e-03
3.365133514519106760e-03
3.360432280125330920e-03
3.355071064776402393e-03
3.349929221435919702e-03
3.344602178104824197e-03
3.339501638166313992e-03
3.334204157334397147e-03
3.329756991287514869e-03
3.325292841756706096e-03
3.321297601315084062e-03
3.316650548390445014e-03
3.311761118739502911e-03
3.306313796668650280e-03
3.300389185733999722e-03
3.295123998710852362e-03
3.290361245549127799e-03
3.285581924259897875e-03
3.280566531718193731e-03
3.275234777996664619e-03
3.269583542765772382e-03
3.264629510985071759e-03
3.258891676730388612e-03
3.254650959588307243e-03
3.249938680232654451e-03
3.245905796958768828e-03
3.241200241341166740e-03
3.236522609974715192e-03
3.232355309310483166e-03
3.228204169568611899e-03
3.223479550568201287e-03
3.218770793178381186e-03
3.214706632077418517e-03
3.210482731291125491e-03
3.206132080801700826e-03
3.201705030082186310e-03
3.197811637457800577e-03
3.193189127949228826e-03
3.189871052369350982e-03
3.185010006476265108e-03
3.181763434618787353e-03
3.178121767829907192e-03
3.174565678614429259e-03
3.170195937746812277e-03
3.165227561156611254e-03
3.159133495341689274e-03
3.155501023948449352e-03
3.151737861556665361e-03
3.145969978321879867e-03
3.141108551912109859e-03
3.136907531676507051e-03
3.132410868388333866e-03
3.128496183543349931e-03
3.124046769963657183e-03
3.120596782716256179e-03
3.115274768541225359e-03
3.110839626701956181e-03
3.106364153477084687e-03
3.101418710990711501e-03
3.097405005198475454e-03
3.092948929712467480e-03
3.088040743465311679e-03
3.083219338451135064e-03
3.079675671469573120e-03
3.075352335916333758e-03
3.070369856263464956e-03
3.066298230903486289e-03
3.062051535253568994e-03
3.057190077863805241e-03
3.053201229951926603e-03
3.049314242832151974e-03
3.044846826303653029e-03
3.040201088310122857e-03
3.036174169109667233e-03
3.032710794243879092e-03
3.028365340271674429e-03
3.024561426197757037e-03
3.022374747855918666e-03
3.019502600123743531e-03
3.015557556697412000e-03
3.012420103923219884e-03
3.009376972622214777e-03
3.005292732694530601e-03
3.000286616858735978e-03
2.995788434318248997e-03
2.991896824388519220e-03
2.986993495181878861e-03
2.982335960486622549e-03
2.976777177738265841e-03
2.972363879387186769e-03
2.967201885315208770e-03
2.962549665475761821e-03
2.958345770277107101e-03
2.954323740118989117e-03
2.949796201409630916e-03
2.945930626842093239e-03
2.940468776644391494e-03
2.937086916177834763e-03
2.933202130909666559e-03
2.929081627039705361e-03
2.926502638277557206e-03
2.922350154075197687e-03
2.918743064702294422e-03
2.915011848983981978e-03
2.910743380887946541e-03
2.907163559927445490e-03
2.902906568371922680e-03
2.898856458016453759e-03
2.894492123682617345e-03
2.890969161803663961e-03
2.887196544330629909e-03
2.884432170809087502e-03
2.880690256395645587e-03
2.877343770335799578e-03
2.874030712406638096e-03
2.871205470883034759e-03
2.868030751385087541e-03
2.864011910872825591e-03
2.860285327723303093e-03
2.856604066030737736e-03
2.853035587499494659e-03
2.848776654624149939e-03
2.844679514729724253e-03
2.841566467307523637e-03
2.838790034153504133e-03
2.836077230873105138e-03
2.833294275181660101e-03
2.830644317043112465e-03
2.828561670542611289e-03
2.825168233609156188e-03
2.822335905122334322e-03
2.819072376237685695e-03
2.814922533613239183e-03
2.811622044343928435e-03
2.808628333816374362e-03
2.805884291715085924e-03
2.802244647991644893e-03
2.798817893322874759e-03
2.796637751793360892e-03
2.793505079016619583e-03
2.788998023648445179e-03
2.786067225804944331e-03
2.783737581425014141e-03
2.781374656390053941e-03
2.778129498266733270e-03
2.775231744194196250e-03
2.772096342174961044e-03
2.767750730184500348e-03
2.764731108007716792e-03
2.761678738034417917e-03
2.758122307180003660e-03
2.755529340211674855e-03
2.752732481900519845e-03
2.750231959265644899e-03
2.746218604963920895e-03
2.742816632840671710e-03
2.739167089471908432e-03
2.736345432658219418e-03
2.733962187475255743e-03
2.731782331578431252e-03
2.728952753040057161e-03
2.726292625902598365e-03
2.723015728843655638e-03
2.720739490639982432e-03
2.718082435997803969e-03
2.715574345121951096e-03
2.712642830394277997e-03
2.709767705868924154e-03
2.707507992906226912e-03
2.704377240685128508e-03
2.701029543578796314e-03
2.697159226765806841e-03
2.694389562203484013e-03
2.691127910989825432e-03
2.688342123221944616e-03
2.685106516493348128e-03
2.683140793633226068e-03
2.680132986346958103e-03
2.677822297753942437e-03
2.674996862038135116e-03
2.671501919142225175e-03
2.668432216400610634e-03
2.666064493191979985e-03
2.662938155456765193e-03
2.659530553973265057e-03
2.656926412111322491e-03
2.653520718720452868e-03
2.650220358586380647e-03
2.648360812072474146e-03
2.645118226935948454e-03
2.643218501487273279e-03
2.640251926699289063e-03
2.637905741890766553e-03
2.636392794150294126e-03
2.633498533045008482e-03
2.631131573059606807e-03
2.628956190763014327e-03
2.627271407286860521e-03
2.624816822882766569e-03
2.622377791427877615e-03
2.620810372653133071e-03
2.618209761348795454e-03
2.615674691252913974e-03
2.614228234554633653e-03
2.611970287115804572e-03
2.609512633270898423e-03
2.607452168735404242e-03
2.604802200956293518e-03
2.602206192077929220e-03
2.599639552486103684e-03
2.597628983913943205e-03
2.594570281163930715e-03
2.591590967821679088e-03
2.588730247247904466e-03
2.586231410629303597e-03
2.583471780725453415e-03
2.580678065290198039e-03
2.577842543099126329e-03
2.575203226508137634e-03
2.572499875502582984e-03
2.569469743679125232e-03
2.568112771753275000e-03
2.564537307067108699e-03
2.563132029758298340e-03
2.560311996145821656e-03
2.558125523397841630e-03
2.555920200998348327e-03
2.553238459284120493e-03
2.550871903359409106e-03
2.548307068416120948e-03
2.546364028361299166e-03
2.544021132607196100e-03
2.541588004652598192e-03
2.539169163619684182e-03
2.537718510042503896e-03
2.534845483218832116e-03
2.532662207335814944e-03
2.530527552417716469e-03
2.528421693888524644e-03
2.525637755886868570e-03
2.522768661988175534e-03
2.520269453549289166e-03
2.516810920070451218e-03
2.513969049240815431e-03
2.510915233175431936e-03
2.508619791008913011e-03
2.506797711908287374e-03
2.504171582229980722e-03
2.500600924399197338e-03
2.498764985366104790e-03
2.496492173628257066e-03
2.494410730422124550e-03
2.492310359061401890e-03
2.490419102561018498e-03
2.488403621030870101e-03
2.486273020520065463e-03
2.483717454406818900e-03
2.481214605736743999e-03
2.478857305573533600e-03
2.476731095860007243e-03
2.474716309013971164e-03
2.472916335745577957e-03
2.470846895679965592e-03
2.468532573504863235e-03
2.466214951805388404e-03
2.464453619063858899e-03
2.462880111925592249e-03
2.461322946618792196e-03
2.458657723599649760e-03
2.455906368664279114e-03
2.453568499320695189e-03
2.451298126779603501e-03
2.449752616245682874e-03
2.447389154936873562e-03
2.445715721676885133e-03
2.444604441826189311e-03
2.442918160542709854e-03
2.441223877286103315e-03
2.438892017090089123e-03
2.437072018037361298e-03
2.435290168201766862e-03
2.433342876016179532e-03
2.431821949165167713e-03
2.429726423896906833e-03
2.428166770170824950e-03
2.426765545990505410e-03
2.425438562044707896e-03
2.423478504334693976e-03
2.422188444057669140e-03
2.419581736701841967e-03
2.417867810064369509e-03
2.416095610295309563e-03
2.414455156089473191e-03
2.412629339711177927e-03
2.411054117039892249e-03
2.409226867502631785e-03
2.406961110278608290e-03
2.405345042020971477e-03
2.403638208848556980e-03
2.402407726332853304e-03
2.400906855936880795e-03
2.399153645420283847e-03
2.397132438423258370e-03
2.395864297226852659e-03
2.394403544776861452e-03
2.393800479326185261e-03
2.392436153495818441e-03
2.391006181790983516e-03
2.389635570616767141e-03
2.387993387903520216e-03
2.386584028056320042e-03
2.385396252713312647e-03
2.384002052914421192e-03
2.383077097492242516e-03
2.381010013924194941e-03
2.378929218840195210e-03
2.377929891260135119e-03
2.376649100478262638e-03
2.374794582838721246e-03
2.373744859274487615e-03
2.371283708372242879e-03
2.370018730560858114e-03
2.368247553522149964e-03
2.366236155641126583e-03
2.364424561782586549e-03
2.362489539903838386e-03
2.361432877605756844e-03
2.359219138485437166e-03
2.358581509085117597e-03
2.358059305095527858e-03
2.356579981111017220e-03
2.356084955675788982e-03
2.354902623652618994e-03
2.352976871508595871e-03
2.352476041431723983e-03
2.350590215223982357e-03
2.349698027714406182e-03
2.348077040669969192e-03
2.347288265383873189e-03
2.346195920877786490e-03
2.344174471358643607e-03
2.343160109914994155e-03
2.341678154099625236e-03
2.340392720078670035e-03
2.339239807689084353e-03
2.337695901818654352e-03
2.337002287434134570e-03
2.335741972086907182e-03
2.334351006369278503e-03
2.333185812987186025e-03
2.332356579270823856e-03
2.330516946723427876e-03
2.329075236958983147e-03
2.327991702997040096e-03
2.327254964670433766e-03
2.325627333650269555e-03
2.323954203154118565e-03
2.322410465133610460e-03
2.321056968997768470e-03
2.319795804158473682e-03
2.318742457970125303e-03
2.317139988440635075e-03
2.315871102911261706e-03
2.314909980998114750e-03
2.313552405835497990e-03
2.312347040672031468e-03
2.310990785738790184e-03
2.309145237339110899e-03
2.308461328114149932e-03
2.306907507889870753e-03
2.305563620362419044e-03
2.304085283245045895e-03
2.303208338543693678e-03
2.301966401981514389e-03
2.300769014030647121e-03
2.299976577010038725e-03
2.298146474021098024e-03
2.297054974439459440e-03
2.295059250100513551e-03
2.293947924709772036e-03
2.292433859511847950e-03
2.290862546069853678e-03
2.289030961029455292e-03
2.288047466499005308e-03
2.287527133926065687e-03
2.286546528662359093e-03
2.285467374852440114e-03
2.284502129965928965e-03
2.283371097331030573e-03
2.281398882041172759e-03
2.280546747524883622e-03
2.280058414792870362e-03
2.279005443745616387e-03
2.277918825630944125e-03
2.276879625813695452e-03
2.275902169966495091e-03
2.272954698628990369e-03
2.271714713263630649e-03
2.270241279255002034e-03
2.270167642887253867e-03
2.269424132003067252e-03
2.268044737644382518e-03
2.268044165770967575e-03
2.266591168292577448e-03
2.264689048486692811e-03
2.264578029007641938e-03
2.263610985098044037e-03
2.262845422865681581e-03
2.262177840922893150e-03
2.261320692802706520e-03
2.260694555314165036e-03
2.259657401474816918e-03
2.258784197551761200e-03
2.257608882712282532e-03
2.256993426396688464e-03
2.256445200454149959e-03
2.254758931557501213e-03
2.254734150092802761e-03
2.253255364217018539e-03
2.252994392732044285e-03
2.251613121536522131e-03
2.250323239309318275e-03
2.249543190420272114e-03
2.248559693983093015e-03
2.247542040646326091e-03
2.246508316066286350e-03
2.245491184248272088e-03
2.244255979540661812e-03
2.243313627296431630e-03
2.241623369527467099e-03
2.241573394867991779e-03
2.240667287905200120e-03
2.240157002459223362e-03
2.239876977866190385e-03
2.239023839018317637e-03
2.238257380258114500e-03
2.236847133024366403e-03
2.235964132029706619e-03
2.235333651042552706e-03
2.234962983411219704e-03
2.234201481141825062e-03
2.233769004630807055e-03
2.232029984220809411e-03
2.230436446713482748e-03
2.229761215037475482e-03
2.228064496141050638e-03
2.227519561889268040e-03
2.226122538917129322e-03
2.224577742951132624e-03
2.223449712738867663e-03
2.222892801649340843e-03
2.221802766810086500e-03
2.221237688152226213e-03
2.220510987411916746e-03
2.219797094645983675e-03
2.219199727264964655e-03
2.218333172117327185e-03
2.217345282997070129e-03
2.216360687833808258e-03
2.215499997839429688e-03
2.214361411834829887e-03
2.213198442827183331e-03
2.212351334890859389e-03
2.211150383594976798e-03
2.210142314154358353e-03
2.209925468472113269e-03
2.209164913047575486e-03
2.208946663802103822e-03
2.207435311398896031e-03
2.206097687090814545e-03
2.205294716648750764e-03
2.204877140348111657e-03
2.204394935344281773e-03
2.203476156620823734e-03
2.202672720280520694e-03
2.201239211314125720e-03
2.200810747433632440e-03
2.199397884772066013e-03
2.198442148920533128e-03
2.197344047852869617e-03
2.196974104657894306e-03
2.195710095413237230e-03
2.194940951760784593e-03
2.194438767561400234e-03
2.193102260340399137e-03
2.193065834587716763e-03
2.191354339528737982e-03
2.190813015652224530e-03
2.189796569817947097e-03
2.188745361621915759e-03
2.187706033285658717e-03
2.186637758694250609e-03
2.185590065065457204e-03
2.184300255852834709e-03
2.183960597121024482e-03
2.182485401816704976e-03
2.181629794910855489e-03
2.180339410780040513e-03
2.179082661869137776e-03
2.178668738268590283e-03
2.177578987811681303e-03
2.177352235469429565e-03
2.176309712639731483e-03
2.175777223662547083e-03
2.175567136777204792e-03
2.175394291257915121e-03
2.174986266648786231e-03
2.174744615572421318e-03
2.174253464740035207e-03
2.173416815588626646e-03
2.173079341458686482e-03
2.172721238514575999e-03
2.172021760032337521e-03
2.171443784015462258e-03
2.170929976097224576e-03
2.170141918920062002e-03
2.169833417172026442e-03
2.168124067716715054e-03
2.166864400852821539e-03
2.165330948746956464e-03
2.164428329451845504e-03
2.163140150367258169e-03
2.162266013266730090e-03
2.161728371263736247e-03
2.160549834653685899e-03
2.161130718628476426e-03
2.161052825582790611e-03
2.160650538137968719e-03
2.161120271243855383e-03
2.161149132420034803e-03
2.161378634771572368e-03
2.161306774915897500e-03
2.161977690679893743e-03
2.161413307409040547e-03
2.161263497254187118e-03
2.161203338554413666e-03
2.159878106084782944e-03
2.159349883965584836e-03
2.158097733864755303e-03
2.157674039334807597e-03
2.157307106031833722e-03
2.157172497347246455e-03
2.156203176078372568e-03
2.155352016281822814e-03
2.156375648639942411e-03
2.156274313698188644e-03
2.156039888824314715e-03
2.155084182873523869e-03
2.155111789310545662e-03
2.154662130759075339e-03
2.154733033320742688e-03
2.154697217179169736e-03
2.153767119213638968e-03
2.154361945136792651e-03
2.153418583180317664e-03
2.153111760092797818e-03
2.152681358422731638e-03
2.152426542483867975e-03
2.152184807137283353e-03
2.152031695145430364e-03
2.151264649133595788e-03
2.150304260211672539e-03
2.149787075691360523e-03
2.150943225398923696e-03
2.150564601163144213e-03
2.150073029874625084e-03
2.149794623701545282e-03
2.149276151651749629e-03
2.148661332238835462e-03
2.147835615707702987e-03
2.146561365918535878e-03
2.146774385097878230e-03
2.146168102981570267e-03
2.145657316327037080e-03
2.144733676219551504e-03
2.143928342602168229e-03
2.143407689845726934e-03
2.142319183490753575e-03
2.141785034051128887e-03
2.141313983271378972e-03
2.141082879829674275e-03
2.140764325979444254e-03
2.139866001881457046e-03
2.139366746901531693e-03
2.137881029305413461e-03
2.136231782928983518e-03
2.135636009666156982e-03
2.134556639097042775e-03
2.133604592447788627e-03
2.132046072787068328e-03
2.130474084824032169e-03
2.130645715371645189e-03
2.130203809702747777e-03
2.129723145935815548e-03
2.129397620653540601e-03
2.128348258215161885e-03
2.128461742134345192e-03
2.127299613077625155e-03
2.126673051953641841e-03
2.125708745997443964e-03
2.124949158910610907e-03
2.124591173779095607e-03
2.124608953290385484e-03
2.123531390202299408e-03
2.123353712975429262e-03
2.122804298791502661e-03
2.122410135087997134e-03
2.121317387034023054e-03
2.121258504426532659e-03
2.122227925287581331e-03
2.122687999722012910e-03
2.123485522564749328e-03
2.123194818274588835e-03
2.123610198277238112e-03
2.124628634674665621e-03
2.124877764834190181e-03
2.125763869555789051e-03
2.126264395547134214e-03
2.127792702930641523e-03
2.127924282166769772e-03
2.128373498171172960e-03
2.128292032613930598e-03
2.127635662547555997e-03
2.127044609354959964e-03
2.125703821345316033e-03
2.126093911024983223e-03
2.125776052547411962e-03
2.124942077621204493e-03
2.124895816972799650e-03
2.124392637973746001e-03
2.124085008743282956e-03
2.123867573112313018e-03
2.123408829639136710e-03
2.122594695799325058e-03
2.122009271922640876e-03
2.121968772725872990e-03
2.121513868099561637e-03
2.121729662045140647e-03
2.121303127172421196e-03
2.120874438243411635e-03
2.120867600693329951e-03
2.120161457625247773e-03
2.119491964915252123e-03
2.119729847662563723e-03
2.119315378357551106e-03
2.119215424225769345e-03
2.119018680802128071e-03
2.117789291038927029e-03
2.117386963163259399e-03
2.117600693671586182e-03
2.116299748896272124e-03
2.116127054432696396e-03
2.115600437210123606e-03
2.115206036664542613e-03
2.115000887807667786e-03
2.115168930943614901e-03
2.115021010746102707e-03
2.114770382029619502e-03
2.114970712682579489e-03
2.115229951954646775e-03
2.115142157845590308e-03
2.114650306193638189e-03
2.114943614174536520e-03
2.114665653153754120e-03
2.114332475728151767e-03
2.114925793425788750e-03
2.115245191200649036e-03
2.114893497270146569e-03
2.114282215382442664e-03
2.114493296900415986e-03
2.114651336969482643e-03
2.114500011465740310e-03
2.114636467142000029e-03
2.114304969848314081e-03
2.114399601937405615e-03
2.114227242751829262e-03
2.114303504211660373e-03
2.113978455991768514e-03
2.115117051430995439e-03
2.115168428928103275e-03
2.115771636264638864e-03
2.116291633082930876e-03
2.116379655582624909e-03
2.116676953013290740e-03
2.117494347780878028e-03
2.117982679472059804e-03
2.117851191593016647e-03
2.118684196023023786e-03
2.118830805841419133e-03
2.119071468375283585e-03
2.119474844069854473e-03
2.119359614638813716e-03
2.119658522381257567e-03
2.120369665690041705e-03
2.120263185214639034e-03
2.121127752390975039e-03
2.122440295380760393e-03
2.123389691193386646e-03
2.123303646356088006e-03
2.123675224293258227e-03
2.123702925656208683e-03
2.123140647133114380e-03
2.122968563368798477e-03
2.122437871837494147e-03
2.122415277567546096e-03
2.122915440102814393e-03
2.122582417055854289e-03
2.122529057779628473e-03
2.122812421769469573e-03
2.122382958720255442e-03
2.122565626927603449e-03
2.122896149545729083e-03
2.122964689454183602e-03
2.123125616394730408e-03
2.123060599995970407e-03
2.123361991273901329e-03
2.122792138351524763e-03
2.122767439090224046e-03
2.122532776679870049e-03
2.122605638387205576e-03
2.121778794400996752e-03
2.121798841067156719e-03
2.120801592605547382e-03
2.121672631920664895e-03
2.120981975586695278e-03
2.120896486867097572e-03
2.120582989875935756e-03
2.119851989315092375e-03
2.119145907470660044e-03
2.118482998367846818e-03
2.117667559686973143e-03
2.117327503044908257e-03
2.117110811464417968e-03
2.117406762898515257e-03
2.117092966066358092e-03
2.117056982310284302e-03
2.116900634611296357e-03
2.117213112319007128e-03
2.117122527725795716e-03
2.117595736221682037e-03
2.117723467119867267e-03
2.117388935001204928e-03
2.117791806654090257e-03
2.118454167330214872e-03
2.118647173046690237e-03
2.118698417069180429e-03
2.119070475812528508e-03
2.119384677152112359e-03
2.119169292024257380e-03
2.119844285496163671e-03
2.118612160943163063e-03
2.118300278089943912e-03
2.117571957156335911e-03
2.117482929028863779e-03
2.116456663683975465e-03
2.115646852765298586e-03
2.114629177870544930e-03
2.114141974266309926e-03
2.113649180108506231e-03
2.113286876534726990e-03
2.113036731359530223e-03
2.112988613082352786e-03
2.112576691224020420e-03
2.112526155758630807e-03
2.112928814035313577e-03
2.112892309314597702e-03
2.112766260251233621e-03
2.112315527184101521e-03
2.111953655663328065e-03
2.112654481590142165e-03
2.113181180727485061e-03
2.113019854308246376e-03
2.112181520870661574e-03
2.111964573667802960e-03
2.111915288206244259e-03
2.111706649642313988e-03
2.111857989354308084e-03
2.111660259299891901e-03
2.110512289409225903e-03
2.111333037508383945e-03
2.110297590572481671e-03
2.110083755065785081e-03
2.111014405037779391e-03
2.110101826075249081e-03
2.110414302780925459e-03
2.111024286814942863e-03
2.111406799325505224e-03
2.111505521429125638e-03
2.111854842147233707e-03
2.112879464296303026e-03
2.112994433176308175e-03
2.114214543396397434e-03
2.114724743005183538e-03
2.115520688881912959e-03
2.116574415142021860e-03
2.117093809996922846e-03
2.116820902578667781e-03
2.116889657934733875e-03
2.117021942451306846e-03
2.117402304532868106e-03
2.117060732006975469e-03
2.116383678852129784e-03
2.117020126498756188e-03
2.116142105746397859e-03
2.116111025438213115e-03
2.115687268176145996e-03
2.114868409341894798e-03
2.114668580009923440e-03
2.114367623350819122e-03
2.114130002457365563e-03
2.114104185934524618e-03
2.114059174466211607e-03
2.113417371577257491e-03
2.112957994999032762e-03
2.112460413371972535e-03
2.111151895154828647e-03
2.111463241096059405e-03
2.110374338025408809e-03
2.110226837091699979e-03
2.109502574807411383e-03
2.109790429199516048e-03
2.109146085956299047e-03
2.109444350149910618e-03
2.109432625832054209e-03
2.109182552431722573e-03
2.109453302016464204e-03
2.109453057500030627e-03
2.109094301405830141e-03
2.109996058324447969e-03
2.109759266411420382e-03
2.110439910774022151e-03
2.109781078034693967e-03
2.110635417377035306e-03
2.111474109743046584e-03
2.111767538560382126e-03
2.112094559932896614e-03
2.111268985096232363e-03
2.112445339799155948e-03
2.112650747915412967e-03
2.112831654476982936e-03
2.112567914918831325e-03
2.112976097045440611e-03
2.113711904468639630e-03
2.113870733989893936e-03
2.114385951314239065e-03
2.114863205263823979e-03
2.115565196800937332e-03
2.116046223360367861e-03
2.115783678556074163e-03
2.115481342358692830e-03
2.114947210780192179e-03
2.115337162364143517e-03
2.115465386581426993e-03
2.115570508215436091e-03
2.115818313442207298e-03
2.115561091096560594e-03
2.116289158887184156e-03
2.115538153313555568e-03
2.116138703882963681e-03
2.115785871434361538e-03
2.116174486561707337e-03
2.116780591431354809e-03
2.116432439663353589e-03
2.117177782073260787e-03
2.117167812082993393e-03
2.117695869872286783e-03
2.117995012379183303e-03
2.118216963441661108e-03
2.118363597903974004e-03
2.117915484163204482e-03
2.118682680517901349e-03
2.118585230286683472e-03
2.118708796142800953e-03
2.118310684390179929e-03
2.118229729013819916e-03
2.118416428554752151e-03
2.118693767474245666e-03
2.118548244928743132e-03
2.117796244043024852e-03
2.117729722364642547e-03
2.118294755537982604e-03
2.118295880411157246e-03
2.117967143659297245e-03
2.117398700567417816e-03
2.117507281549191756e-03
2.117380554795958610e-03
2.117176713728581138e-03
2.117425289735343826e-03
2.117961470393930640e-03
2.118449123095979270e-03
2.117985634904640327e-03
2.118186882308945290e-03
2.118258531373110910e-03
2.118871970621239668e-03
2.118581228081621755e-03
2.118913452880178717e-03
2.118584702241521189e-03
2.118713947651862297e-03
2.118897396037507271e-03
2.119100273951604954e-03
2.118942477790979051e-03
2.119348543937622439e-03
2.119230472335616958e-03
2.120183244773694679e-03
2.120196444050218443e-03
2.119754539404454432e-03
2.120051467886745807e-03
2.120008717144905141e-03
2.120842482617815022e-03
2.120466264688869885e-03
2.120478357818100963e-03
2.120923846956372909e-03
2.120996800557691745e-03
2.121236968617211914e-03
2.121809501345769695e-03
2.121615951259770046e-03
2.122792833817116996e-03
2.123586954799196961e-03
2.123750398747860889e-03
2.123930932870929378e-03
2.123431893501562511e-03
2.123992892224087475e-03
2.124118646157027984e-03
2.123804418109443305e-03
2.124235416715081204e-03
2.123458474249324216e-03
2.123602753007652368e-03
2.123564232461509337e-03
2.124557262905725843e-03
2.122849378549106127e-03
2.123292619774977581e-03
2.122982751238480098e-03
2.122591974908011585e-03
2.123221879633949236e-03
2.122996174409659716e-03
2.122654613124233536e-03
2.122246687848062738e-03
2.122506068996065504e-03
2.122660329515714366e-03
2.123121504105769230e-03
2.123793815286310806e-03
2.124166777635033872e-03
2.124577003657013383e-03
2.124338909417660022e-03
2.124819614756654450e-03
2.124463785577643780e-03
2.123432095819235543e-03
2.123815456445508811e-03
2.123655384738929418e-03
2.123613375816324565e-03
2.123727399376990413e-03
2.123288288486643947e-03
2.123795038601170807e-03
2.123432009231069652e-03
2.123922673927948479e-03
2.124500278628362656e-03
2.124639321131720389e-03
2.124918063008063556e-03
2.124875517569257011e-03
2.124630188875081122e-03
2.125395374013565753e-03
2.125170187865523929e-03
2.125680569026051989e-03
2.126108577750045539e-03
2.125943010791888580e-03
2.126602844561150188e-03
2.126644734731032542e-03
2.126099231089834986e-03
2.126639348203884609e-03
2.127156591582495503e-03
2.127246171617038460e-03
2.127200577419623932e-03
2.126996919298325753e-03
2.127185844947644591e-03
2.126979707719034180e-03
2.126923031612393006e-03
2.126306083997103226e-03
2.126817390945339933e-03
2.125934411419460896e-03
2.126039521059565861e-03
2.126632993825360810e-03
2.125927535602210698e-03
2.126496156745573841e-03
2.126578462387679856e-03
2.126370915192570855e-03
2.126933250791020451e-03
2.126466549345370442e-03
2.126856145829594379e-03
2.125947908940994512e-03
2.126055360532952410e-03
2.126196177136982068e-03
2.126274236233634263e-03
2.127164953537799465e-03
2.126895348467897941e-03
2.127674937744970622e-03
2.128698991931947219e-03
2.128443968359674827e-03
2.128967351929433784e-03
2.130477198922908939e-03
2.129767914579342239e-03
2.128919094854277161e-03
2.128556001692426345e-03
2.128623203334038469e-03
2.128107064398556975e-03
2.127224156037677612e-03
2.126405322638028322e-03
2.126308127078961434e-03
2.125334176702052720e-03
2.125064133788828399e-03
2.124436361214144479e-03
2.123677427695166205e-03
2.123160084659465440e-03
2.122232525374204148e-03
2.122878625228336036e-03
2.122869158596426241e-03
2.122548398245912085e-03
2.122016983852117403e-03
2.122352963291055088e-03
2.121892508714438852e-03
2.121711940078835172e-03
2.121215378386005334e-03
2.121499974617467241e-03
2.121279420270654435e-03
2.120750480727699207e-03
2.120536128079734874e-03
2.120059617758443885e-03
2.120541409451671879e-03
2.119628842732945197e-03
2.118693880419410171e-03
2.119061380910074958e-03
2.119197028107411545e-03
2.119150292764853359e-03
2.119700323259687217e-03
2.120180615357654744e-03
2.119711861873528093e-03
2.120587378424901390e-03
2.120597652463353418e-03
2.120749660131060390e-03
2.120580539700450077e-03
2.121011253729709889e-03
2.121002347069568267e-03
2.120737473575912569e-03
2.120687262136569402e-03
2.120791914712132336e-03
2.120429748871134005e-03
2.120349334132507358e-03
2.120585167418165187e-03
2.120400844930041013e-03
2.120130557846658208e-03
2.120700015692376754e-03
2.121281061062362232e-03
2.121603186467887255e-03
2.121330810685715870e-03
2.121662578898240829e-03
2.121997952278704708e-03
2.122192726242777897e-03
2.122479938418132296e-03
2.122657581616642884e-03
2.122379400398631110e-03
2.122735026290191972e-03
2.123392815322575067e-03
2.123990882153833134e-03
2.123452203315408411e-03
2.123498581501792170e-03
2.123552541919437181e-03
2.123778270868336652e-03
2.124247704161771107e-03
2.124451412189251338e-03
2.125317746842980086e-03
2.125869484634949642e-03
2.126568437403224873e-03
2.127513320143462668e-03
2.128448061757431432e-03
2.129153424238780772e-03
2.130261734702027562e-03
2.130733725185837701e-03
2.131754300079419674e-03
2.132680831211923155e-03
2.132895965422035387e-03
2.133932329722795351e-03
2.134437325913727309e-03
2.134472076065252293e-03
2.134769512338495750e-03
2.135159959356991172e-03
2.135286419958382434e-03
2.135346092696912418e-03
2.136009770267664233e-03
2.135073202763381958e-03
2.135520886638640672e-03
2.136191032707893643e-03
2.135987548612498094e-03
2.136076498790961432e-03
2.135333129215221098e-03
2.135708686154989214e-03
2.134962008510669397e-03
2.134864931378972850e-03
2.134181192395206289e-03
2.133736392398380508e-03
2.133687396250988615e-03
2.133956044916524280e-03
2.133825002180241015e-03
2.133293814618312557e-03
2.134135554461845906e-03
2.134716661057075009e-03
2.135046035191341847e-03
2.135463834610969950e-03
2.135439573569807362e-03
2.136495022732126485e-03
2.135458781935459325e-03
2.135195019981681562e-03
2.135797148645058978e-03
2.136322487831507789e-03
2.136817915251900367e-03
2.137214888338396460e-03
2.137079997175843262e-03
2.138173545503308046e-03
2.137940727778450851e-03
2.137996558936216835e-03
2.137647516055191099e-03
2.137922427020720866e-03
2.137735797799866083e-03
2.137904045134246533e-03
2.138896257661847093e-03
2.138867615658230584e-03
2.139713224314136394e-03
2.140339885737861311e-03
2.140754685190702274e-03
2.141161636340508431e-03
2.141493054358406620e-03
2.142384158636736775e-03
2.142445175463196690e-03
2.142055593897698295e-03
2.142503876874817144e-03
2.142136668174962188e-03
2.142426342827683568e-03
2.142317653351126592e-03
2.142969318223620842e-03
2.143425545935879854e-03
2.144102492828008598e-03
2.145145809455041835e-03
2.144967607820837726e-03
2.145263330399182957e-03
2.145343204137204179e-03
2.144744354000152620e-03
2.145553908437671138e-03
2.145504611776686502e-03
2.145418257172773593e-03
2.144758082417757596e-03
2.144486971608529444e-03
2.144074711479055945e-03
2.143697040571251183e-03
2.142697903321745794e-03
2.143197335871169749e-03
2.142368014469671518e-03
2.141911294001408537e-03
2.142023956293055437e-03
2.141826183258538872e-03
2.141820489874715887e-03
2.141233068494714439e-03
2.141099138493661892e-03
2.141333397476084636e-03
2.141421929741528247e-03
2.141080777470142152e-03
2.141539977636368157e-03
2.140693384624335355e-03
2.141085965689671494e-03
2.140586722883846410e-03
2.139798850986914663e-03
2.138622080962196761e-03
2.138773755966770149e-03
2.138281061403051603e-03
2.138735318215888651e-03
2.138984735032134141e-03
2.139218052223180663e-03
2.139921348148179914e-03
2.139323981700272121e-03
2.139700202342235003e-03
2.140128084428072862e-03
2.140212673154564486e-03
2.140483450556023796e-03
2.140865685516168612e-03
2.140779024728170672e-03
2.140861296459620720e-03
2.141551877584860902e-03
2.141787837686853942e-03
2.142373085708540459e-03
2.143220548449233879e-03
2.143277881664773163e-03
2.144842494756482414e-03
2.145481608709945160e-03
2.146485858839201205e-03
2.147174854486177953e-03
2.147542176493091957e-03
2.148502556923025109e-03
2.148733466235194442e-03
2.149511001504702395e-03
2.150113946508467027e-03
2.149953522016892840e-03
2.149704119199084308e-03
2.150129467511739147e-03
2.149966321226186392e-03
2.150308292559798082e-03
2.151160892816222046e-03
2.151806941482976247e-03
2.152797721007836899e-03
2.153267449475996295e-03
2.153958139455812437e-03
2.154112052261986533e-03
2.154525560583880981e-03
2.154090664721283657e-03
2.154565039987210370e-03
2.154812703372729725e-03
2.155562207724833618e-03
2.155757896838512207e-03
2.156259248852164783e-03
2.156433591734699135e-03
2.157157006841305558e-03
2.157471045656817084e-03
2.158534558530025762e-03
2.158956886967048922e-03
2.160098136065983620e-03
2.160152208869017820e-03
2.160176693156111698e-03
2.161283970245896600e-03
2.161018355254319245e-03
2.160547908902712283e-03
2.160969897281284427e-03
2.161088391025524705e-03
2.161413851451207766e-03
2.161374479887376993e-03
2.161204746129001368e-03
2.160556528531012033e-03
2.160422373363598669e-03
2.160054542486465265e-03
2.160482908511398084e-03
2.160645981330977083e-03
2.161308207449304502e-03
2.161532325916154604e-03
2.161772008595564103e-03
2.162489850973356963e-03
2.162151001467958744e-03
2.162100647357868399e-03
2.161913383140858565e-03
2.161951088051834551e-03
2.162300245895320844e-03
2.163047264860596536e-03
2.162793862486275202e-03
2.162606356545598678e-03
2.163046406300035782e-03
2.162725715551692008e-03
2.162738398993955917e-03
2.163338296620481976e-03
2.163199875427379657e-03
2.163633758999506784e-03
2.164126532291663595e-03
2.163641543277642926e-03
2.163880260458573949e-03
2.164083019151447160e-03
2.164225314547565601e-03
2.163874965361348678e-03
2.164538174693845466e-03
2.164383403819443788e-03
2.164613869537001557e-03
2.165981584471065279e-03
2.167094063019216633e-03
2.168185502289151668e-03
2.168445799752942004e-03
2.169158262969333832e-03
2.169356008315775040e-03
2.169028565055578645e-03
2.169771017844537939e-03
2.169715724036187787e-03
2.171128061320779217e-03
2.171165903310495488e-03
2.171221583978943850e-03
2.171170770096660096e-03
2.170489389336772729e-03
2.170788189778976706e-03
2.170431111113712425e-03
2.171343478996771992e-03
2.171416025546627111e-03
2.172030322869923213e-03
2.172331340365986699e-03
2.172851079274834476e-03
2.173069476768505013e-03
2.173999633767311444e-03
2.174312788337609027e-03
2.174860911617681764e-03
2.175811038735524922e-03
2.175364822747420483e-03
2.175259369241741916e-03
2.175871537668204892e-03
2.176308942956170240e-03
2.175759232061728107e-03
2.176100767841220550e-03
2.176379001718242289e-03
2.176489922564134663e-03
2.177161281727297681e-03
2.176882226459252601e-03
2.178118750985722982e-03
2.178870514073747832e-03
2.180207610577261038e-03
2.180940188691035155e-03
2.181644198285882449e-03
2.182736527821374940e-03
2.183386773877574270e-03
2.184056231540704770e-03
2.185083134323319819e-03
2.185356076986830817e-03
2.185279271333192067e-03
2.185650535653354057e-03
2.186356274029630127e-03
2.186454041020183345e-03
2.186649520457212628e-03
2.186852666763060542e-03
2.186968199434451664e-03
2.187346429130919336e-03
2.187384591538691844e-03
2.188260584681573154e-03
2.188423597895509248e-03
2.188828422590346698e-03
2.189331682397306720e-03
2.189495508857455374e-03
2.189396709489961276e-03
2.189084536522506973e-03
2.188916561910613911e-03
2.189232337838545924e-03
2.188921679110018576e-03
2.188952545942526081e-03
2.189124975503518866e-03
2.188637523568225454e-03
2.188870944232539258e-03
2.189005140908513100e-03
2.188934220172244604e-03
2.188675691638143194e-03
2.188365550016698260e-03
2.188133814184826421e-03
2.187006679592984771e-03
2.186553712968504481e-03
2.186004341714452379e-03
2.185153925045098255e-03
2.184681557685554370e-03
2.184779439455326270e-03
2.184796192737887850e-03
2.184030136745431817e-03
2.184657892207400413e-03
2.184926481586769390e-03
2.184852410514747777e-03
2.184328710084796656e-03
2.184438762649149914e-03
2.184016629121829714e-03
2.183583595900779901e-03
2.182417895580710150e-03
2.182541104827769810e-03
2.182289926325638608e-03
2.182366840875435074e-03
2.182249986852327975e-03
2.180530274505005500e-03
2.180045808597265346e-03
2.180033819143282776e-03
2.179945712338696683e-03
2.180193305455938729e-03
2.180204237076161910e-03
2.180986246661101042e-03
2.181348544321173692e-03
2.181632698054816830e-03
2.182064236399944377e-03
2.182620215813841323e-03
2.182685025053334588e-03
2.184482020976967736e-03
2.185014472196328793e-03
2.185549208671927566e-03
2.185864772984483749e-03
2.185945296243124551e-03
2.186146772765554594e-03
2.185602153368838927e-03
2.185658609331736155e-03
2.185547636661460454e-03
2.185019776716242389e-03
2.183744658097414720e-03
2.183576194978490825e-03
2.182566851087869384e-03
2.181995604355442802e-03
2.182263578497393042e-03
2.182087502615942011e-03
2.182086789600098161e-03
2.180835181312484883e-03
2.181472814975030008e-03
2.181461218780274703e-03
2.182316043967021980e-03
2.182316184985422063e-03
2.182478495112474305e-03
2.182355649688749386e-03
2.182710161920622342e-03
2.182342415786187040e-03
2.182300960002082034e-03
2.181995787263067612e-03
2.181847158641418791e-03
2.181226785414120111e-03
2.181088741385642845e-03
2.181101251634821447e-03
2.180685607518223577e-03
2.180119729878639192e-03
2.180656322093815162e-03
2.180384119120169946e-03
2.180145467498033861e-03
2.180396973845778134e-03
2.180177091876753757e-03
2.179438310314758820e-03
2.179840584937583342e-03
2.180251709469776134e-03
2.180146396672197253e-03
2.180747887167698053e-03
2.180668367912867028e-03
2.181489409328347690e-03
2.181978543671682976e-03
2.182072695275170948e-03
2.181511840260292896e-03
2.181821419566695643e-03
2.181386585059047652e-03
2.181082814609631472e-03
2.180806258583676150e-03
2.180150058273691484e-03
2.179693694203386090e-03
2.179061534422372607e-03
2.178939754869759979e-03
2.178776612940546732e-03
2.179085575593325916e-03
2.179637112122480899e-03
2.179672818867069758e-03
2.179840890134281117e-03
2.180580926911710685e-03
2.180687980794554677e-03
2.181447977326557777e-03
2.181512222615827282e-03
2.181634570522869836e-03
2.181818956901379180e-03
2.181712375048605167e-03
2.182276136980814199e-03
2.182100063609900518e-03
2.182326905468498415e-03
2.182578521700531422e-03
2.182138060093691007e-03
2.181355419512082464e-03
2.181244469886259394e-03
2.181431205610698774e-03
2.181013230402687689e-03
2.180920401102945817e-03
2.180930484071923799e-03
2.180564688138474441e-03
2.181478566097030513e-03
2.182642635025077923e-03
2.183168890773664120e-03
2.183283722207753508e-03
2.183845470058231285e-03
2.183903440050745902e-03
2.183389820036713436e-03
2.182970001748333472e-03
2.183204849401323370e-03
2.183208215540262138e-03
2.182858817711074827e-03
2.182235157150348107e-03
2.182302464801323845e-03
2.181723150879364553e-03
2.181474407812407628e-03
2.181775817790836732e-03
2.181492041524952467e-03
2.181473651238931884e-03
2.182130772249706464e-03
2.182910424600908832e-03
2.182939047666477596e-03
2.183483787046372471e-03
2.184005163712551476e-03
2.184353936867273419e-03
2.184739266665776912e-03
2.185254815281293186e-03
2.184874848539206191e-03
2.184297672343165058e-03
2.183549162192548361e-03
2.182928420305000217e-03
2.183035838532674557e-03
2.182567129363757394e-03
2.181937214786322087e-03
2.181411919425560279e-03
2.180730592074554396e-03
2.180854530158318153e-03
2.180396851615618112e-03
2.180796505762755064e-03
2.180394383077616498e-03
2.180462584148741730e-03
2.180552342472104593e-03
2.179870095995851010e-03
2.179163844870956202e-03
2.178476087069107937e-03
2.177796084642349625e-03
2.177370141299885941e-03
2.176432449148084890e-03
2.175689310630538401e-03
2.175358014849716574e-03
2.175182595758846666e-03
2.174136784104289434e-03
2.173761523164983740e-03
2.173645610937684214e-03
2.172523942201187285e-03
2.172117116846763920e-03
2.172231640178074342e-03
2.172373844214807014e-03
2.170998639596950861e-03
2.170150018340677531e-03
2.170443156157332489e-03
2.169820089888948537e-03
2.169349557662075042e-03
2.169143234272758423e-03
2.169063298569170409e-03
2.168639960667463965e-03
2.168269605625691536e-03
2.168184468164987763e-03
2.168023106616681888e-03
2.167321602936917238e-03
2.166967357534003817e-03
2.166726686094431163e-03
2.166938204148779242e-03
2.166191912003958501e-03
2.166124049349122185e-03
2.165922212421735396e-03
2.165463289801781380e-03
2.164870524109096129e-03
2.165191791202102003e-03
2.164718089269891330e-03
2.165102477334168198e-03
2.165680573980651325e-03
2.166157651295704152e-03
2.166685201429826603e-03
2.166723795598921986e-03
2.167535015038152962e-03
2.167641825757673276e-03
2.167697510353946283e-03
2.167259212675151300e-03
2.166972023877384527e-03
2.166851421340634711e-03
2.166605574637924317e-03
2.166759217360183544e-03
2.165791452679561181e-03
2.166085797643915213e-03
2.166555429247479271e-03
2.166651298640034050e-03
2.166836607428250603e-03
2.166373772273505211e-03
2.165840357516238442e-03
2.165422792089716914e-03
2.165006254852601397e-03
2.164294213898766087e-03
2.163394353683106581e-03
2.162420931854048753e-03
2.161969455226355006e-03
2.161630719142857999e-03
2.161851057752727737e-03
2.161890717535141192e-03
2.161088202015454089e-03
2.161602510400641337e-03
2.161302120553731856e-03
2.161270139073798776e-03
2.161562336519264396e-03
2.161879570287890927e-03
2.161668682868644713e-03
2.161310391838567723e-03
2.161309146830788560e-03
2.161503298353973854e-03
2.161866119166297624e-03
2.162481450394266973e-03
2.163270462312492665e-03
2.163451953162123711e-03
2.163963546011834788e-03
2.164632108135152843e-03
2.164949607127547668e-03
2.165460188935079949e-03
2.165514474651183702e-03
2.165657515110102228e-03
2.165564724997280123e-03
2.165888428413301290e-03
2.166375996781237309e-03
2.165780356611654665e-03
2.166079902495935197e-03
2.166159437283062157e-03
2.165723112575522729e-03
2.165729865093481577e-03
2.165164788872829277e-03
2.165176113445743244e-03
2.165283132510305297e-03
2.166278960734261457e-03
2.165645038803601721e-03
2.165620981340234379e-03
2.165219690009978753e-03
2.165553291844873104e-03
2.166074043854749730e-03
2.165660021676034906e-03
2.165297929341130148e-03
2.165951553523771684e-03
2.165381670655875095e-03
2.165770694797456569e-03
2.165933028474883570e-03
2.166261071566725691e-03
2.165708908794312937e-03
2.165669020775300591e-03
2.166020665540502755e-03
2.165657156876617685e-03
2.165944818272975796e-03
2.165809885709730695e-03
2.165802073883427679e-03
2.165065673968881877e-03
2.165589178744149572e-03
2.165147427896127463e-03
2.164380153793185255e-03
2.165155050722978539e-03
2.164626639645461387e-03
2.164973092303850918e-03
2.164625989852096005e-03
2.163738892002563512e-03
2.164163753070836357e-03
2.164197170705587769e-03
2.163573261019953280e-03
2.164076737591140963e-03
2.164827452775747695e-03
2.164737595258109208e-03
2.165305486288740359e-03
2.165452455132310747e-03
2.165680968029052005e-03
2.165721417445212738e-03
2.165788568370957158e-03
2.165144401794897189e-03
2.165383115223807817e-03
2.165423268993325531e-03
2.165176811629116339e-03
2.164572826009059352e-03
2.164474738866401654e-03
2.164378687540193837e-03
2.164370244134447997e-03
2.163463398582445279e-03
2.163602749427140717e-03
2.162650011147132165e-03
2.162127427208889157e-03
2.160247648670347159e-03
2.159825827036135522e-03
2.159798082353811804e-03
2.159267211671832710e-03
2.159177581667445518e-03
2.158842497011648643e-03
2.159211524737421339e-03
2.158769196803139376e-03
2.158481873466657798e-03
2.158513951944431627e-03
2.157456510510448455e-03
2.157173064953627623e-03
2.156491022293809991e-03
2.156247642814862996e-03
2.155576765252780174e-03
2.154307362610979708e-03
2.153804517446834127e-03
2.152896390461862992e-03
2.151906779808158022e-03
2.151514005918298608e-03
2.150669052990435842e-03
2.149865428859206330e-03
2.149288550870537187e-03
2.149031214127032977e-03
2.149415677415670439e-03
2.149598052376609954e-03
2.149472887652474889e-03
2.149329389025373283e-03
2.149610168688123081e-03
2.148123456299782293e-03
2.147714907241823120e-03
2.148104209888199775e-03
2.147180714226412223e-03
2.147107665784394725e-03
2.146448053817213292e-03
2.146441605950956746e-03
2.145677395823884868e-03
2.145418748901681619e-03
2.145159703361601382e-03
2.144737221567807363e-03
2.145136072704039148e-03
2.144311848714768477e-03
2.144170808097992965e-03
2.143636830584509569e-03
2.142828286427402463e-03
2.142379385845010267e-03
2.141936687504092818e-03
2.140857442499451493e-03
2.140275740013566127e-03
2.139410779558953857e-03
2.138900862996748718e-03
2.139546611287914801e-03
2.139914868632953465e-03
2.139558419626811769e-03
2.138903123424255783e-03
2.138208980202909240e-03
2.137734173956336390e-03
2.137022253337929768e-03
2.137118610611552557e-03
2.136538612274911653e-03
2.135942955376946874e-03
2.135658256458608604e-03
2.135300317402298587e-03
2.135538728706888427e-03
2.136185910208307677e-03
2.136135497870049384e-03
2.136126213577040946e-03
2.135850827805041430e-03
2.135255788566871055e-03
2.134271927093125878e-03
2.133649640767839011e-03
2.133488571370255153e-03
2.133754619502969616e-03
2.133885751956360322e-03
2.134422058966039485e-03
2.134594648644571289e-03
2.136297286289451456e-03
2.136453187420114981e-03
2.137788203087257356e-03
2.137752984064971145e-03
2.137471141518116399e-03
2.137895551781117658e-03
2.138744766606683230e-03
2.138845859622444303e-03
2.140182044835849465e-03
2.139885401861642278e-03
2.139776238767141826e-03
2.139598607555289866e-03
2.139715675962882389e-03
2.139745446233436241e-03
2.139543891853055643e-03
2.139272230122186286e-03
2.139013177521787139e-03
2.138184195749546785e-03
2.137247257271298988e-03
2.137216509345782074e-03
2.137350336986563321e-03
2.137499973343421223e-03
2.137470279244154964e-03
2.137335724580338193e-03
2.137851541153171827e-03
2.137367254581414803e-03
2.137620543514503167e-03
2.137861100682146229e-03
2.138348843863719772e-03
2.139011986576493368e-03
2.139185518496723899e-03
2.139358945712279379e-03
2.139651895805551492e-03
2.139159734960564482e-03
2.139134718379562868e-03
2.138896686978024753e-03
2.138517453549146959e-03
2.138663312196206236e-03
2.138708239445954833e-03
2.139038190410523944e-03
2.139226210293050483e-03
2.139179504715856082e-03
2.138913322283309080e-03
2.139391373891981647e-03
2.139643546200689379e-03
2.140007075958246831e-03
2.140438331017682598e-03
2.141251737917547644e-03
2.141750899629922631e-03
2.141575894700215553e-03
2.141676512719065031e-03
2.141636059919454528e-03
2.142074225795736163e-03
2.141949548858621075e-03
2.142857841061775962e-03
2.143822146355754427e-03
2.144130142130286441e-03
2.144970175085649487e-03
2.145542408921487666e-03
2.146102262779209843e-03
2.147431634653611341e-03
2.147775979845218623e-03
2.148665481290493694e-03
2.149372008196808771e-03
2.149403199963969679e-03
2.149666595400401455e-03
2.149958851413819212e-03
2.149996474611508019e-03
2.150654013441966397e-03
2.150516186390821934e-03
2.149677307192831514e-03
2.149260741127004444e-03
2.149921692091812629e-03
2.149802458392075736e-03
2.149723300223744388e-03
2.149918185338892465e-03
2.149560596204669414e-03
2.149962891026954096e-03
2.149953774304551053e-03
2.150054800958368408e-03
2.149826922430734741e-03
2.150732476896323898e-03
2.150837386408110865e-03
2.150976796976974189e-03
2.151268396508409456e-03
2.150876384017874274e-03
2.150531038469112241e-03
2.151477444285762857e-03
2.151494737513488537e-03
2.151853664430053523e-03
2.151778077797691924e-03
2.152013732774739254e-03
2.151664575422006231e-03
2.151539599632822618e-03
2.151691476436869404e-03
2.152320128921853763e-03
2.152696862187737387e-03
2.153480173653615510e-03
2.153461673884611051e-03
2.153727471119519076e-03
2.154420268185889067e-03
2.155435292916338137e-03
2.155588098338989678e-03
2.155634733853282418e-03
2.155765985100589234e-03
2.156044504898193756e-03
2.156351224205507820e-03
2.156356679494944584e-03
2.156135176796212648e-03
2.156233142034576829e-03
2.155605159450000186e-03
2.155592342490313465e-03
2.155946544743087175e-03
2.155110431847384687e-03
2.155142856506201982e-03
2.155024108744585994e-03
2.155454892887605223e-03
2.155518471675323296e-03
2.155752669281972220e-03
2.156588602012342835e-03
2.157425564200068750e-03
2.158251710780706347e-03
2.158909317266846997e-03
2.158664750601735523e-03
2.158548822698317174e-03
2.158737231644396355e-03
2.159136436265943811e-03
2.158798854632516633e-03
2.158800968740807839e-03
2.159273689712178177e-03
2.159333521705775628e-03
2.159478722753438960e-03
2.159244203973154606e-03
2.159276073345661913e-03
2.158997382786727835e-03
2.158935367025757290e-03
2.158784206251656342e-03
2.158808987101049244e-03
2.158916064611891231e-03
2.159441184012843382e-03
2.160195364822910333e-03
2.160269621444570534e-03
2.161224969785092292e-03
2.162064319211870478e-03
2.163139420192175880e-03
2.163449961553173904e-03
2.164465083488735855e-03
2.164968705278528908e-03
2.165162171911898335e-03
2.166402843984852923e-03
2.166900552168190761e-03
2.167593406352504807e-03
2.168314107136169473e-03
2.167936063443501836e-03
2.167845939083680451e-03
2.167583370520250602e-03
2.168735311920755911e-03
2.168471658231982315e-03
2.168142567704456434e-03
2.168027863215766984e-03
2.168758398747084627e-03
2.168991582121967705e-03
2.168798339130604668e-03
2.168470108700268871e-03
2.169046825724537352e-03
2.169742836422238006e-03
2.169926271921311829e-03
2.170719839843637550e-03
2.169824603606177946e-03
2.170046938498679939e-03
2.170334364098545042e-03
2.169598848569368431e-03
2.170152430680211825e-03
2.169896624095322881e-03
2.169981119941853838e-03
2.169524724910200809e-03
2.169918485548242952e-03
2.169286391346938233e-03
2.168651124504829362e-03
2.167939647351809981e-03
2.167634316541807403e-03
2.166480669614847653e-03
2.165780946423639941e-03
2.165189641478163212e-03
2.164360523286782117e-03
2.163636606180336427e-03
2.162696687314689514e-03
2.162047294771674358e-03
2.161241944535700031e-03
2.160717940432606721e-03
2.160320116597983734e-03
2.160730300069811476e-03
2.160890926914796600e-03
2.161047989239168153e-03
2.161212472245339650e-03
2.161534257842543869e-03
2.161582720139648868e-03
2.162084244991799731e-03
2.162535808320722140e-03
2.163093571699303830e-03
2.164262855575588371e-03
2.164648498796681829e-03
2.164922896932182719e-03
2.166131158949984644e-03
2.166338270397933936e-03
2.167075540209192994e-03
2.167388096463582475e-03
2.167582547950029897e-03
2.168349848930456285e-03
2.168284398482218933e-03
2.167705223910172761e-03
2.167409554226113269e-03
2.167358142983478227e-03
2.166777362849701613e-03
2.165876427841802957e-03
2.165730103879299952e-03
2.165206860219267594e-03
2.164652483295895040e-03
2.164890640878788883e-03
2.165536295947901192e-03
2.165635709297996161e-03
2.165235706285697191e-03
2.165904409477408324e-03
2.166788212758634716e-03
2.167091458770682363e-03
2.167501052990539103e-03
2.166968564893755923e-03
2.167420769580249117e-03
2.167466492711327304e-03
2.167579321623451603e-03
2.167275984609660488e-03
2.166659567959338447e-03
2.166065900475263369e-03
2.165169067696686572e-03
2.165585720624174735e-03
2.165573988264179756e-03
2.164858398400258069e-03
2.165605507125136289e-03
2.165502625847770014e-03
2.165910704468094593e-03
2.166833246659425043e-03
2.166152918572433576e-03
2.166393694308764092e-03
2.165730217476266421e-03
2.166072321932778402e-03
2.166606331538431865e-03
2.166546261693806912e-03
2.166653992511378794e-03
2.166200387336492811e-03
2.166618115377000851e-03
2.166436551077925796e-03
2.167198468721617463e-03
2.167365363951178747e-03
2.167016437674766562e-03
2.167348064642769800e-03
2.167133886721619215e-03
2.166951758553277343e-03
2.167110072238313725e-03
2.167206172376238364e-03
2.167178915984352677e-03
2.166618562389164681e-03
2.167309556810246857e-03
2.168466725549974671e-03
2.167872839812125599e-03
2.168733459328817982e-03
2.169271591911863233e-03
2.169669859407531622e-03
2.170636188016652687e-03
2.170646910557484047e-03
2.171217502280439488e-03
2.171980841071076071e-03
2.171158553294335984e-03
2.171842452111024616e-03
2.172753867363313475e-03
2.172878866521296172e-03
2.173057515956715226e-03
2.173166917155868860e-03
2.173317703995293615e-03
2.174060309726807364e-03
2.174096356948572190e-03
2.174621063395038630e-03
2.175199253773857887e-03
2.175448461371728114e-03
2.175772475316674337e-03
2.175722404465734502e-03
2.175639316023969625e-03
2.176097285107534470e-03
2.175095797378478069e-03
2.175656124780431851e-03
2.175475107009194539e-03
2.175222188058662486e-03
2.175518055016663517e-03
2.174934458061496181e-03
2.174976690383797779e-03
2.174174078052054041e-03
2.173991896095678680e-03
2.174149094661897465e-03
2.173892534562575380e-03
2.173671826644462800e-03
2.174232574776242995e-03
2.174821238741494848e-03
2.174895116521041120e-03
2.174376854364525307e-03
2.174437756240918829e-03
2.173378324661549496e-03
2.173834415919664517e-03
2.173384659610008967e-03
2.173109489347348124e-03
2.173361568699349287e-03
2.173097609848682107e-03
2.173514510476175741e-03
2.172768420317022775e-03
2.173314290677244836e-03
2.173870509159379211e-03
2.174129433189815955e-03
2.174621456455945803e-03
2.174244657969391734e-03
2.174896063228576402e-03
2.174114449892084952e-03
2.173700635447025058e-03
2.173106421613841231e-03
2.173027351187832405e-03
2.172582596377460162e-03
2.172795721183654397e-03
2.172824278961292717e-03
2.172012766491696143e-03
2.171782554872281942e-03
2.172334405670898073e-03
2.172794296739393068e-03
2.173047836937350152e-03
2.172391455529369513e-03
2.172293443263383084e-03
2.172397317224087233e-03
2.173255976157361345e-03
2.173071380456828312e-03
2.173672810092359270e-03
2.173205096415107770e-03
2.173271069759627385e-03
2.172355572256057590e-03
2.172548508970857488e-03
2.171593030014813425e-03
2.171265720968608946e-03
2.170561347228390676e-03
2.169690211133722645e-03
2.169440278781616192e-03
2.169410064065368984e-03
2.168723408101029971e-03
2.168480982638329186e-03
2.167474399378790419e-03
2.167616299640996724e-03
2.166521645393871837e-03
2.166134973895559798e-03
2.165569240542777971e-03
2.164989989223038095e-03
2.163719219986413780e-03
2.163241475557442593e-03
2.162358183032299895e-03
2.161855586101742513e-03
2.161087639097384726e-03
2.161171550198985689e-03
2.161009528329471945e-03
2.160602412109375019e-03
2.160475568597044257e-03
2.159955837519568315e-03
2.160094829517273437e-03
2.159288038882934725e-03
2.158432825244605783e-03
2.158154056139993931e-03
2.157800710037844141e-03
2.156979435436183912e-03
2.157447432018593913e-03
2.156509887006181209e-03
2.156517045105611676e-03
2.156434924432911338e-03
2.156085838200850167e-03
2.156082689770733290e-03
2.155273075573040965e-03
2.154205553397925757e-03
2.153671002831430200e-03
2.153776771822590690e-03
2.154051115538930996e-03
2.153758569527079985e-03
2.152987599468131254e-03
2.152858512883351789e-03
2.152851970255997404e-03
2.152515945630246660e-03
2.152724845596869826e-03
2.153006088992201906e-03
2.153058763310143620e-03
2.153447384366261649e-03
2.153673190598670573e-03
2.154083715992127345e-03
2.154212308188129931e-03
2.153968192976975140e-03
2.153598198969793390e-03
2.153939117362520424e-03
2.153528138727252381e-03
2.153338784806546440e-03
2.153367553506613154e-03
2.153699882450551238e-03
2.153265176552813295e-03
2.153900468107335271e-03
2.153410468054669808e-03
2.153893655227865495e-03
2.154244621785553204e-03
2.154736012451972590e-03
2.155095354011902359e-03
2.154812776319823837e-03
2.155041484602376791e-03
2.154614208526268310e-03
2.154492505584974966e-03
2.154083270649953617e-03
2.153853917030031182e-03
2.153183734544434746e-03
2.153175821258992897e-03
2.152676151900671363e-03
2.153482085940751876e-03
2.152983313831588995e-03
2.153266994838750042e-03
2.153386244041274791e-03
2.153723547231433961e-03
2.154455380486274430e-03
2.154604596401447393e-03
2.155038676445896872e-03
2.155395995838846768e-03
2.156705028342892350e-03
2.157115071472533001e-03
2.157981006050455931e-03
2.158148184431795281e-03
2.157587709945466004e-03
2.158181064642248053e-03
2.158448138018544387e-03
2.158459528690311741e-03
2.158338804470371058e-03
2.158096896270928974e-03
2.157336957169027347e-03
2.157200214474728085e-03
2.155832380870517737e-03
2.155179496788162813e-03
2.154737760996051216e-03
2.154341620644580589e-03
2.154620645770895411e-03
2.153974844129634154e-03
2.154162243080216810e-03
2.154912687292257541e-03
2.154746817050733846e-03
2.154656116919176183e-03
2.155095763399063249e-03
2.154923709958724617e-03
2.154244892919683976e-03
2.154606591964043638e-03
2.154809988884066798e-03
2.154466420371640989e-03
2.154424603484788887e-03
2.153696182350514111e-03
2.153659244553515501e-03
2.153440660939476715e-03
2.153826532770638548e-03
2.153478559596589022e-03
2.153958948048549475e-03
2.155132910556533960e-03
2.155386508536968199e-03
2.155873407849797328e-03
2.155905556974035096e-03
2.156077083615641921e-03
2.156142671552219430e-03
2.156347769743833208e-03
2.156067002076393103e-03
2.155725531760217285e-03
2.155413541821201307e-03
2.155227884357551176e-03
2.154848648154264208e-03
2.154892557848876299e-03
2.154579465109437292e-03
2.154486331748634367e-03
2.154868111582464944e-03
2.155449047444097082e-03
2.155932763421525809e-03
2.156012977693125797e-03
2.156240295930554607e-03
2.156220135199268372e-03
2.156811955776390555e-03
2.156197307040242945e-03
2.156440221613236796e-03
2.156479036422110761e-03
2.155883794976051065e-03
2.155885544239441887e-03
2.156098057925633429e-03
2.156387655701530459e-03
2.155768059426684240e-03
2.156214744336408962e-03
2.156701065161907571e-03
2.156870683529648648e-03
2.157329892447649132e-03
2.158099329545966599e-03
2.158242478741734510e-03
2.158685711987199263e-03
2.158589418144955113e-03
2.158420195867954538e-03
2.158896283830054504e-03
2.159072099035824407e-03
2.158580095149852194e-03
2.159515492209014304e-03
2.159482202771904630e-03
2.160251396587051578e-03
2.160404556236902775e-03
2.159936427253067448e-03
2.160061017975810523e-03
2.159842782291870097e-03
2.159446662252498695e-03
2.159237175700599518e-03
2.158372028919989648e-03
2.158037849662202811e-03
2.157281691523493892e-03
2.156773300348887104e-03
2.155121004085071984e-03
2.154485790017816177e-03
2.153565167211799608e-03
2.152897791091387247e-03
2.152557046000647990e-03
2.151980586474909387e-03
2.151450577976478373e-03
2.151370544781756270e-03
2.151840030383388429e-03
2.151628924903563941e-03
2.151172451192883209e-03
2.150657221642736112e-03
2.150301996392257192e-03
2.149469439340709852e-03
2.149049343317461364e-03
2.148516219193894860e-03
2.147972681685577073e-03
2.147565720448547759e-03
2.147988328664137987e-03
2.147666176114535180e-03
2.147617464686757491e-03
2.149033593088688250e-03
2.148513987245248124e-03
2.148799708462893667e-03
2.148428739534077175e-03
2.148983252319970616e-03
2.149146521410434142e-03
2.149479034352577353e-03
2.149128791661243654e-03
2.148826048109248738e-03
2.148551991337369245e-03
2.147742129980275902e-03
2.147131771458043320e-03
2.146643050754836694e-03
2.147149905531533978e-03
2.146788543401300688e-03
2.146943578390165738e-03
2.146583432037173916e-03
2.146702830773957339e-03
2.146723332430894131e-03
2.146134460085779867e-03
2.145722329300612033e-03
2.146142104139479780e-03
2.146078851833470129e-03
2.145763599627301989e-03
2.145354382996917959e-03
2.145492050206830158e-03
2.145650176693494286e-03
2.146060095829684013e-03
2.146267157490905613e-03
2.146100448793061052e-03
2.146308447472533836e-03
2.146483144436376299e-03
2.145963388664263831e-03
2.145673656324072632e-03
2.145567000024049473e-03
2.144831180694655240e-03
2.144912873347905400e-03
2.145171080825706341e-03
2.145050007276352172e-03
2.145348068546599866e-03
2.144157528393735284e-03
2.144126119470103620e-03
2.143809244412093421e-03
2.143348996901241893e-03
2.144160109154062948e-03
2.144871542399807377e-03
2.145265398987266335e-03
2.145235606546703165e-03
2.145535946572712637e-03
2.145816450484983560e-03
2.145191512143511045e-03
2.146028716625223050e-03
2.146345142932588965e-03
2.146329555636782883e-03
2.145765673179127458e-03
2.145964068961865503e-03
2.146225058158788418e-03
2.147342806923313759e-03
2.147110010989461328e-03
2.147179815824864623e-03
2.146744513778203484e-03
2.146617218831923472e-03
2.147044250925977775e-03
2.147798966149345665e-03
2.148443196078552147e-03
2.149104266896523750e-03
2.149267099051517266e-03
2.148460520548941665e-03
2.148564592589840422e-03
2.148291605421912779e-03
2.147981807631288865e-03
2.146856784324890997e-03
2.147158834901699998e-03
2.147122080454628643e-03
2.146659968838007630e-03
2.146672438510662320e-03
2.146468257652686847e-03
2.146769329514236838e-03
2.146867236261018348e-03
2.146943073492665627e-03
2.146541093215562947e-03
2.145876459417304667e-03
2.145898473386306533e-03
2.145207663975780277e-03
2.145119664173153560e-03
2.145147185626433087e-03
2.144857180757793729e-03
2.145067618824017704e-03
2.144021260775684327e-03
2.144017696950844924e-03
2.144042374537874756e-03
2.143965262142485950e-03
2.143783333814452442e-03
2.144041177147868165e-03
2.143346182884566832e-03
2.143115768080061916e-03
2.142171308718829586e-03
2.142090589618494793e-03
2.142985252409288378e-03
2.142784704556251890e-03
2.143365381538942741e-03
2.143784263095658681e-03
2.144692173538154459e-03
2.144734062777127383e-03
2.145549322350403815e-03
2.146211915072516758e-03
2.147224187199908013e-03
2.147930072709452326e-03
2.148148300307805864e-03
2.148011382318012336e-03
2.148416920096774159e-03
2.148705301047595592e-03
2.147839102323003280e-03
2.148370155640215700e-03
2.147359469446507001e-03
2.147570524888513417e-03
2.146987063860252530e-03
2.147433938933636811e-03
2.147937646197058473e-03
2.148761033708678977e-03
2.149615613166499465e-03
2.149958013044976114e-03
2.150671229808741314e-03
2.151288398327377924e-03
2.152109804640269051e-03
2.152218887457562745e-03
2.153454014594563797e-03
2.154935859444379563e-03
2.155474449952964316e-03
2.155544623842697242e-03
2.155069747182909203e-03
2.155028366364426448e-03
2.154840039701361870e-03
2.155003403118486028e-03
2.154645806247973069e-03
2.154416634279108546e-03
2.154528362260901136e-03
2.154104523075553793e-03
2.154565242325707890e-03
2.155174438386101444e-03
2.155349521222451898e-03
2.155327018218854227e-03
2.155424067204827175e-03
2.156328819907882798e-03
2.156555384709257176e-03
2.156792772661107228e-03
2.158237813264555008e-03
2.158470362371447959e-03
2.158367495646966623e-03
2.158993542968776387e-03
2.159315531050354058e-03
2.160484595153707842e-03
2.161566669475140003e-03
2.162476686702287897e-03
2.162911461641054377e-03
2.162626189742683329e-03
2.162545584217560272e-03
2.161841320259128962e-03
2.161530680789156434e-03
2.161172381026548253e-03
2.161584935808828680e-03
2.161913727593600936e-03
2.160983445286253617e-03
2.160249285481921893e-03
2.159598992020555098e-03
2.159489587818082517e-03
2.159164856325879005e-03
2.159045437156498128e-03
2.159518879149951651e-03
2.159541194257945298e-03
2.159805620511373071e-03
2.160239193478800685e-03
2.160937750277706210e-03
2.161160989986604490e-03
2.161819237644238643e-03
2.161701139287020099e-03
2.162217068767258513e-03
2.162894627181542219e-03
2.163387334678170716e-03
2.163025161996737916e-03
2.163051482071382415e-03
2.162795573507227294e-03
2.163185664188428409e-03
2.163151390774867636e-03
2.162914362604627036e-03
2.163214261454074212e-03
2.162992507406858583e-03
2.162539790703199745e-03
2.162606595697888663e-03
2.162575363614720712e-03
2.162869491572040875e-03
2.163264312596724793e-03
2.163972191700785572e-03
2.163642320488980749e-03
2.164187195598239136e-03
2.164271686391667192e-03
2.165094469424533319e-03
2.164211972484939885e-03
2.163795652271927918e-03
2.163948289226729545e-03
2.163817605442801099e-03
2.163517422649123816e-03
2.163687730564954961e-03
2.163009316758176571e-03
2.162608149678160382e-03
2.163168534268939021e-03
2.162465027993368174e-03
2.162655152302816065e-03
2.163132905559719127e-03
2.163284146324776641e-03
2.162703313489372677e-03
2.162659690253474539e-03
2.163217143066169853e-03
2.162711563937269599e-03
2.162261142727973061e-03
2.161882731797996286e-03
2.161237254290777118e-03
2.162149541485585465e-03
2.161760503600215332e-03
2.161345567621112719e-03
2.161925093752328688e-03
2.161638008653693661e-03
2.161402804809761137e-03
2.161639474448456572e-03
2.161422579712714981e-03
2.161127284821374919e-03
2.161494476905353665e-03
2.161294319266341465e-03
2.161537573065735324e-03
2.161060287500990700e-03
2.162218181802703140e-03
2.161666963084429068e-03
2.161067067297213831e-03
2.160121917381692402e-03
2.159344401700296397e-03
2.159617573075569164e-03
2.159101416629724719e-03
2.158993045145548434e-03
2.158924639359649424e-03
2.158757893611350578e-03
2.158150642928708274e-03
2.157764666731711890e-03
2.158049680712341521e-03
2.158505383913752150e-03
2.158227126824387773e-03
2.158439807814284492e-03
2.158108853029488353e-03
2.157407061582829189e-03
2.157621446178194843e-03
2.157645613343670259e-03
2.157603497636769157e-03
2.157359549253137949e-03
2.157483992223954445e-03
2.157538659119375042e-03
2.155813480829357146e-03
2.156143001936462397e-03
2.155645352553110707e-03
2.154594882562187522e-03
2.154213769581032455e-03
2.153457402606344211e-03
2.152875190663421090e-03
2.152461867062384175e-03
2.151509450200742805e-03
2.150584057615743862e-03
2.149967993249695189e-03
2.149257982796257474e-03
2.149275394600829413e-03
2.149103226538376030e-03
2.148517266604144105e-03
2.148361998423445156e-03
2.148785358316369909e-03
2.149829828842144026e-03
2.150474020255733164e-03
2.150090533152814332e-03
2.150470268965898844e-03
2.150543153473221097e-03
2.150808562964655075e-03
2.149812109527287490e-03
2.149834726686942598e-03
2.149151244313609894e-03
2.148845886762547428e-03
2.148170957313294636e-03
2.148080944041412445e-03
2.147471245499992919e-03
2.147364602479589352e-03
2.146678421479859215e-03
2.146878709942416988e-03
2.145805950058355966e-03
2.145217827839756425e-03
2.144594783124452973e-03
2.144485002492738015e-03
2.144327835667937318e-03
2.144872399244117291e-03
2.144970606602481736e-03
2.144838864283357162e-03
2.145109248482708880e-03
2.145749815178246700e-03
2.145746434656843962e-03
2.145879070451606630e-03
2.146292280918755003e-03
2.147127841521789295e-03
2.147900214723727410e-03
2.148596414697424850e-03
2.149637564513843472e-03
2.149285429279005483e-03
2.149856160172027020e-03
2.149788119756210290e-03
2.150170369200044528e-03
2.150433407686522334e-03
2.150006496902453525e-03
2.150556934586811669e-03
2.149882440048010712e-03
2.149664869846055777e-03
2.150400573290659530e-03
2.150651218984691009e-03
2.150813465868294146e-03
2.151724162880687061e-03
2.151288429585716724e-03
2.153344810325199046e-03
2.153859340548377847e-03
2.154485298083957511e-03
2.154285827241360189e-03
2.155463472843138599e-03
2.155483847370005032e-03
2.155675873887354967e-03
2.155872811709679589e-03
2.155701118109293497e-03
2.154848965061750572e-03
2.153790574622456433e-03
2.153876940703657213e-03
2.153593666909946192e-03
2.153660209923848653e-03
2.153106119294984164e-03
2.153438280132683250e-03
2.152960663725471055e-03
2.153718876339242704e-03
2.153855167942755281e-03
2.154560966756808964e-03
2.155827775001705523e-03
2.155955438173300792e-03
2.156440061327111277e-03
2.157030680610142782e-03
2.157082034775822683e-03
2.157538301016319153e-03
2.157761197512799312e-03
2.157957185624807036e-03
2.156644821599225381e-03
2.156538504704237549e-03
2.156132661572556994e-03
2.155446398461235459e-03
2.154928257865489777e-03
2.154739215924779926e-03
2.153924809967120921e-03
2.154265464134769072e-03
2.154093198350933921e-03
2.154637506336094192e-03
2.155043413363263907e-03
2.155078599234191723e-03
2.155922923560472243e-03
2.156128204867912342e-03
2.156808493607506941e-03
2.157078675553945890e-03
2.158241978070509545e-03
2.158629403710325169e-03
2.158638055366141843e-03
2.158683792604450171e-03
2.158972805632492463e-03
2.158365896097167586e-03
2.157969683970879966e-03
2.158590841354295423e-03
2.158438139510364135e-03
2.158593031806424565e-03
2.158773612499045522e-03
2.158614559237119392e-03
2.160030223050634236e-03
2.159831242118080870e-03
2.160753294452486765e-03
2.160320018086581140e-03
2.159592441937046962e-03
2.159366295375041937e-03
2.159753409773714460e-03
2.159739314666935233e-03
2.160079319659094846e-03
2.160216646893428540e-03
2.160513696046151028e-03
2.160464619562845433e-03
2.160935521721932262e-03
2.160871594207887294e-03
2.160930100040122162e-03
2.160390279120571588e-03
2.160292889734255310e-03
2.159604187906514431e-03
2.159544005878604248e-03
2.158394874319681436e-03
2.157795020749149039e-03
2.156621667463530685e-03
2.156731084798520041e-03
2.155447267164130667e-03
2.154669118819363752e-03
2.154062415835997137e-03
2.153243782034436338e-03
2.153119055136765592e-03
2.153321538234448038e-03
2.153494899314651115e-03
2.153380332492048094e-03
2.154055233827573829e-03
2.154151897955787400e-03
2.154209394121039435e-03
2.154564705595565354e-03
2.154123503115197048e-03
2.154443415361422583e-03
2.154336274043050156e-03
2.153929103593468612e-03
2.153918063028057925e-03
2.152422432284788884e-03
2.152439173820479626e-03
2.152308755664995767e-03
2.152178267903904606e-03
2.152112481257963464e-03
2.151224703178628798e-03
2.151929147871808889e-03
2.150961261005310959e-03
2.151658641548415390e-03
2.151805218181666434e-03
2.152295204836385516e-03
2.152734157249996776e-03
2.153370158012901311e-03
2.153715107642432784e-03
2.153671943524478830e-03
2.153246589952289864e-03
2.153842460956721140e-03
2.153874732785720190e-03
2.153922118710234306e-03
2.153955578286489807e-03
2.153891480927783934e-03
2.154182584198715590e-03
2.153740398749049312e-03
2.153580974290994661e-03
2.153924921950695244e-03
2.154401115715352463e-03
2.154918172336521380e-03
2.155829241707985389e-03
2.156957653498138561e-03
2.157415687449072694e-03
2.157891046816707084e-03
2.158439189248632668e-03
2.159170711524257668e-03
2.159026068033808275e-03
2.159507655336926832e-03
2.159059683629034089e-03
2.159125731928304009e-03
2.159560394540514881e-03
2.159037268336283684e-03
2.159265815683395449e-03
2.159128327420838447e-03
2.158756758006209406e-03
2.158557449463407649e-03
2.158519669160890130e-03
2.158052021834609355e-03
2.158198912247284718e-03
2.156839791829119005e-03
2.156625045601180072e-03
2.155263248843617731e-03
2.154714062612335303e-03
2.154872621748808205e-03
2.154959585650728562e-03
2.155125119408618332e-03
2.154219426560818103e-03
2.154531105566083980e-03
2.155176098577852445e-03
2.154779890875280560e-03
2.155069235870674029e-03
2.154923303642444516e-03
2.155639356517685592e-03
2.155760608415686376e-03
2.156271287327786099e-03
2.156190273127302128e-03
2.155674917997936132e-03
2.156124832844719119e-03
2.155894135513581038e-03
2.156144551197978782e-03
2.154838934903817622e-03
2.154603318505444402e-03
2.154024853578252827e-03
2.154127053992486301e-03
2.153888550452546895e-03
2.153914633897440443e-03
2.153711889121117003e-03
2.153471496831854421e-03
2.152869505499132533e-03
2.153222081855238508e-03
2.153238281681605585e-03
2.153035924462374465e-03
2.153327989275095021e-03
2.152523428430985503e-03
2.151974741070986769e-03
2.151453184066392122e-03
2.150746594126794024e-03
2.150212020704139228e-03
2.149628242285319193e-03
2.149751012242870872e-03
2.150128247105048077e-03
2.149803950740284287e-03
2.149709953859578210e-03
2.149172723632434764e-03
2.148690985834359000e-03
2.148510053255624913e-03
2.148269243770928316e-03
2.148988777384367495e-03
2.149621108866127915e-03
2.150050936949028917e-03
2.150948128341285265e-03
2.150142760250472670e-03
2.151214675404312156e-03
2.151554394499167241e-03
2.152473648682136451e-03
2.152822442949489136e-03
2.152904592869203573e-03
2.152567879442262699e-03
2.153174648348026195e-03
2.153161418388561000e-03
2.153928077901764299e-03
2.153802034015780010e-03
2.154438020159320667e-03
2.154440453841925934e-03
2.154237713502450517e-03
2.153780801386890112e-03
2.153814784057328166e-03
2.153988747904189878e-03
2.154416426844024679e-03
2.154730961944955649e-03
2.154780957920321427e-03
2.155186229055966376e-03
2.154689880952063465e-03
2.154651352160523448e-03
2.154069982918593949e-03
2.154080516000360553e-03
2.153067876097400617e-03
2.152900208886248268e-03
2.152671947672584601e-03
2.152971077214401157e-03
2.153176964278131003e-03
2.153712527710413462e-03
2.152992680056286297e-03
2.153110438322029026e-03
2.153413817130764817e-03
2.152540450365394379e-03
2.152870584439080335e-03
2.153106391995761489e-03
2.153303674110254671e-03
2.152894109056772975e-03
2.153246473335662051e-03
2.152816200734205838e-03
2.153600124989431003e-03
2.153178547731072253e-03
2.153859564816148434e-03
2.153627939245728040e-03
2.154236506439226404e-03
2.154431000207659031e-03
2.155021561049681126e-03
2.154598289661727086e-03
2.154943934166816694e-03
2.155439006598538435e-03
2.155980287102786472e-03
2.155757692044719606e-03
2.155469772451890781e-03
2.155672485992821911e-03
2.155125715181368910e-03
2.154629312015408221e-03
2.154228036031365610e-03
2.153205911324738379e-03
2.152772706833562880e-03
2.152015285230742415e-03
2.152282005607647746e-03
2.151621207114646009e-03
2.152171126949455754e-03
2.151683730687376644e-03
2.151598175046315776e-03
2.151287547056400604e-03
2.151490230374860507e-03
2.152155219563687324e-03
2.152022575102885849e-03
2.152586374495633025e-03
2.152877105716629116e-03
2.153336435427496195e-03
2.153317743780876377e-03
2.153428751849344701e-03
2.153633957093888801e-03
2.154054322564413412e-03
2.153714777281586900e-03
2.154173716208357924e-03
2.154280672506441764e-03
2.154052351992187617e-03
2.154894253784531664e-03
2.154547723938241965e-03
2.154962801094942402e-03
2.154810469006250562e-03
2.154729513620478373e-03
2.154909112363523425e-03
2.154846221737836184e-03
2.154949785809405147e-03
2.154740052874404115e-03
2.154384403956626903e-03
2.154346353543186172e-03
2.154406075827646882e-03
2.154701138588677612e-03
2.155098832895058734e-03
2.154777112292405924e-03
2.155291006978359881e-03
2.156282951665578623e-03
2.156099435014293113e-03
2.156537898419422228e-03
2.157173958023696474e-03
2.157298252299159197e-03
2.158151091712531312e-03
2.159019542632110555e-03
2.158886385174059366e-03
2.159222360730550603e-03
2.160250012725233471e-03
2.160248947666055467e-03
2.160278676890537396e-03
2.160873676982109914e-03
2.162097671677160916e-03
2.162468873280820342e-03
2.162328497729745259e-03
2.161780353639267040e-03
2.162017242150409985e-03
2.161714986429325719e-03
2.162027574021956663e-03
2.162317280676887953e-03
2.162033214949861566e-03
2.161718701057239143e-03
2.161064918633845075e-03
2.161113250312398076e-03
2.160144729937152949e-03
2.160154279774281500e-03
2.160307977764452502e-03
2.160113148912864208e-03
2.160573095127045831e-03
2.160716596879314663e-03
2.160665179097890146e-03
2.162399218648452387e-03
2.161862332845604449e-03
2.162367168743585619e-03
2.162573765565599729e-03
2.162610221341743685e-03
2.162977715366574093e-03
2.163140136610391430e-03
2.163406648258156886e-03
2.163445152092433217e-03
2.163320470669206561e-03
2.163881061115557804e-03
2.162854922572047481e-03
2.163347343513229507e-03
2.163718847918302650e-03
2.163460717284917522e-03
2.163322821313317344e-03
2.163366865702444960e-03
2.163390356767870299e-03
2.162820589594287649e-03
2.162656294242635245e-03
2.162259290822006377e-03
