3.967177345828656193e-03
3.967177345828656193e-03
3.688739720460329323e-03
3.553844952842593469e-03
3.355363355693595766e-03
3.200443978763096910e-03
3.070834035129772505e-03
2.979162907722317493e-03
2.879574893629155679e-03
2.781655784217763709e-03
2.713937831897145821e-03
2.643849800149435623e-03
2.574595556615997052e-03
2.518138503161312589e-03
2.470796008396817026e-03
2.408322412433470255e-03
2.355117115557010896e-03
2.310873618835408445e-03
2.269248730780019149e-03
2.222746995586550103e-03
2.179370903376457759e-03
2.139512954300574858e-03
2.116578133140372894e-03
2.097874935172252576e-03
2.076833036229483540e-03
2.046178988009864520e-03
2.023918331303195799e-03
1.992748850210316995e-03
1.966187942557746145e-03
1.946024268424868028e-03
1.921555154201535793e-03
1.908907762308975327e-03
1.885457536156317148e-03
1.868332099785167434e-03
1.840492122278426530e-03
1.825406089839928369e-03
1.812484906837535025e-03
1.793135156849835158e-03
1.771025738719854891e-03
1.767074621104802777e-03
1.752023146332074618e-03
1.735615346769739040e-03
1.712449140903508481e-03
1.692187783778572804e-03
1.669053489370875840e-03
1.656144809281795242e-03
1.639163051565599785e-03
1.628104708362962698e-03
1.617195177370399925e-03
1.607392997708609978e-03
1.597055027627457616e-03
1.584617006624972893e-03
1.573190593063780946e-03
1.571804594158190960e-03
1.565350492817698183e-03
1.557724769655969297e-03
1.555244622017353971e-03
1.546489823685097192e-03
1.540374359916075412e-03
1.538654645037909781e-03
1.526754337586525316e-03
1.520131705276955630e-03
1.507749327201426178e-03
1.503857720818554521e-03
1.488280293566084230e-03
1.480125091482626266e-03
1.474549156210971370e-03
1.462201978964762115e-03
1.460538048281489424e-03
1.453709791988164798e-03
1.453176494881411058e-03
1.439301457998535183e-03
1.438566359044940110e-03
1.437553314710287829e-03
1.435265902483578559e-03
1.430970616583899981e-03
1.424763473421089338e-03
1.415899399932994901e-03
1.417993853368785563e-03
1.411771948623938549e-03
1.411918819223562322e-03
1.403074167537933861e-03
1.399768787257971289e-03
1.399339346131678753e-03
1.394386257915007556e-03
1.389101064456865851e-03
1.388866864533979881e-03
1.388775768769143692e-03
1.379731324407474768e-03
1.375593052553403728e-03
1.380063223172540510e-03
1.385007918085837553e-03
1.390351108739962954e-03
1.387119028985757179e-03
1.387907895416847079e-03
1.381099917337911143e-03
1.375813562751491276e-03
1.375929719999514781e-03
1.370420669891861181e-03
1.363801360684375585e-03
1.366379419735796932e-03
1.369229935405755910e-03
1.360066062464796409e-03
1.359925932751830744e-03
1.357918206408318664e-03
1.357499679433155429e-03
1.344263810434711149e-03
1.347168670469285276e-03
1.344869143509999946e-03
1.342534818480479617e-03
1.332960098609053002e-03
1.329723015449684603e-03
1.325360467574434285e-03
1.329034523741073935e-03
1.329219596764493697e-03
1.333272111903770901e-03
1.337071649604753242e-03
1.343448998358159722e-03
1.346167621880604848e-03
1.343459739384808777e-03
1.345331009375907994e-03
1.340417684876500561e-03
1.343948257994382993e-03
1.349943150002572362e-03
1.350848910321377503e-03
1.346230998629519048e-03
1.352076962562222002e-03
1.352017884200586075e-03
1.344347776495113727e-03
1.348510254423440462e-03
1.339940585490143965e-03
1.344252961737564794e-03
1.340336979064466784e-03
1.340726073198024665e-03
1.341519280433590630e-03
1.342772398311895292e-03
1.339159948767345860e-03
1.335374315223559127e-03
1.325807817835860910e-03
1.330356973388161293e-03
1.326187054303332386e-03
1.328265681378761271e-03
1.330915455334640441e-03
1.326995867586427697e-03
1.323854324457720850e-03
1.324463440625818066e-03
1.331141438684217519e-03
1.327080800733577330e-03
1.332780638997820358e-03
1.330991465624963184e-03
1.335948179670243090e-03
1.339066901737022810e-03
1.340329785761714288e-03
1.333496764988345009e-03
1.341472741838744534e-03
1.339643679805053783e-03
1.344240236150773000e-03
1.343430972752529843e-03
1.345989335289570973e-03
1.350418426331176022e-03
1.349468347570297998e-03
1.352159008660607951e-03
1.350589186936504817e-03
1.349645349938545600e-03
1.343964560108707037e-03
1.348238449223521747e-03
1.349511463437460135e-03
1.337376824470488338e-03
1.332734832023249258e-03
1.332748546173964047e-03
1.328107201621569729e-03
1.333368797051812929e-03
1.332021517804068576e-03
1.331008674490627907e-03
1.329670955039515164e-03
1.330544115436913628e-03
1.326865627573540216e-03
1.334010293209057568e-03
1.331388647878461572e-03
1.331828496783098994e-03
1.329304975360148669e-03
1.326870305140673756e-03
