3.945394954300631210e-03
3.945394954300631210e-03
3.924400074492269755e-03
3.912557400003274961e-03
3.890530431261998452e-03
3.879957353178302860e-03
3.866953622111713069e-03
3.858084151914838687e-03
3.848342104454356444e-03
3.837778275225784460e-03
3.829163728830748802e-03
3.820059111894287887e-03
3.810803354811721430e-03
3.802771280558473518e-03
3.794835555472643885e-03
3.787251647822488087e-03
3.780538523314089499e-03
3.773640883739290061e-03
3.765735971132162622e-03
3.758414032140020965e-03
3.751804548129712268e-03
3.745315084171130498e-03
3.736903012007280339e-03
3.729146092953913253e-03
3.722315139248041395e-03
3.714946456662376537e-03
3.708269399763361451e-03
3.701314766970624850e-03
3.693565100153358913e-03
3.686345323179604332e-03
3.680431813602927284e-03
3.673901892387823175e-03
3.666854901277379758e-03
3.660164150970165228e-03
3.654253002489902917e-03
3.648023797730095327e-03
3.641951598319248355e-03
3.636190394577944185e-03
3.630293362973435745e-03
3.624486184977223323e-03
3.618612311504655621e-03
3.613505283061015962e-03
3.608469505921173444e-03
3.603031803260328941e-03
3.597568671854354042e-03
3.591515857388640105e-03
3.584747241983547023e-03
3.577886103842862001e-03
3.571583170648869304e-03
3.565502091996718744e-03
3.559668149523443747e-03
3.554232802332310884e-03
3.548982139222530644e-03
3.543695402378538827e-03
3.538706248944969209e-03
3.532720210482216770e-03
3.526780010780477832e-03
3.521638704049666335e-03
3.516013817825917789e-03
3.510293751934486731e-03
3.504853662221364598e-03
3.498951270340534391e-03
3.493944029754648527e-03
3.488950100256273980e-03
3.483636241918878183e-03
3.477693309194641695e-03
3.471438969125848883e-03
3.465737934148200618e-03
3.460220729246121351e-03
3.454562505850815226e-03
3.449308724159857401e-03
3.443803166820265556e-03
3.437928003478083090e-03
3.432086921441622647e-03
3.426492405922768655e-03
3.421553639843726534e-03
3.416455995919801588e-03
3.410641924953246654e-03
3.404550073511639161e-03
3.398524003315772559e-03
3.392669121488136024e-03
3.386864147987599018e-03
3.381360418289447271e-03
3.376340471261539584e-03
3.371533210088170293e-03
3.366788253390616981e-03
3.361281467808982775e-03
3.355521622418700545e-03
3.350560364040764370e-03
3.345693300646443782e-03
3.340799604465454018e-03
3.335923354579037759e-03
3.331043220813763653e-03
3.327011050373895103e-03
3.322933588839355884e-03
3.317761543306794320e-03
3.312694064654323270e-03
3.307993787339102727e-03
3.303291451397787938e-03
3.297927009024457807e-03
3.292980280026640803e-03
3.288681364028710283e-03
3.283872701038453162e-03
3.278460795086611968e-03
3.273118028430516396e-03
3.269002290858630169e-03
3.264852396684199756e-03
3.260097991965550928e-03
3.255355210842908378e-03
3.250503752982370539e-03
3.245106517787027869e-03
3.239498718040793868e-03
3.234389166485251207e-03
3.229663452593216615e-03
3.224949251653631051e-03
3.220238021218196738e-03
3.215948252203217669e-03
3.211852685213374171e-03
3.208117335923671605e-03
3.204354675063430906e-03
3.199998291146849590e-03
3.195279831743172254e-03
3.190864144938240950e-03
3.186847940056249454e-03
3.182619412011811633e-03
3.177924564916975118e-03
3.173485485193664520e-03
3.168982378573079878e-03
3.164710400479468430e-03
3.160802809389823709e-03
3.156365832896421489e-03
3.151840480089524929e-03
3.147405702521260604e-03
3.143070198320477640e-03
3.138939858726061492e-03
3.134745371689784399e-03
3.130516404541305257e-03
3.126146902303936648e-03
3.121693706059764511e-03
3.117379250451308981e-03
3.113175542001815968e-03
3.108838076135659895e-03
3.104527218335806620e-03
3.100820543643462504e-03
3.096867826577079461e-03
3.092342561602392289e-03
3.087883285651781776e-03
3.083554279166459116e-03
3.079113077868465224e-03
3.074672891604907608e-03
3.070401705533264570e-03
3.066106833660248773e-03
3.062160886726960490e-03
3.058377456637497056e-03
3.054730897559063390e-03
3.051682805730343128e-03
3.048335465749292972e-03
3.045048357760324256e-03
3.041925551285286963e-03
3.037904511707572707e-03
3.033744974499858523e-03
3.030042533541908289e-03
3.026283707888106911e-03
3.022588043270209995e-03
3.019144331676421652e-03
3.015337052637566927e-03
3.011625137512482717e-03
3.008291608380050074e-03
3.005173329215937369e-03
3.001915441639954173e-03
2.998221279667327623e-03
2.994079124513677331e-03
2.990625663462726392e-03
2.987323402482460182e-03
2.983890223832495400e-03
2.980085049277697747e-03
2.975596708495587776e-03
2.971670250777350315e-03
2.967661612322836876e-03
2.963907132415406331e-03
2.959806203183708295e-03
2.956257241286684104e-03
2.952842867152375306e-03
2.949335341107716703e-03
2.945876096119538160e-03
2.941628452649086133e-03
2.936920338944390332e-03
2.932672053906144622e-03
2.928486439291389833e-03
2.924625758405310482e-03
2.920910028052984067e-03
2.917239303453513042e-03
2.913565972297537093e-03
2.910289173405815246e-03
2.907128834093368735e-03
2.903905902432374949e-03
2.900763575716743588e-03
2.897533662759314756e-03
2.893939760726163806e-03
2.889976108541105187e-03
2.886188747324521311e-03
2.882780948972402980e-03
2.879254195910918926e-03
2.875626013466566887e-03
2.872068004673064209e-03
2.868593181180221878e-03
2.865224289793143458e-03
2.861865184392482515e-03
2.858457587840605631e-03
2.855497910144675581e-03
2.852968965614786478e-03
2.849880898618328134e-03
2.846217715737269643e-03
2.842739068850831663e-03
2.839741087194618506e-03
2.836910610615416949e-03
2.833848864948289564e-03
2.830116446440952057e-03
2.826291812317788862e-03
2.822839491425423522e-03
2.819299874540901873e-03
2.815727828854060113e-03
2.811853500853266422e-03
2.807892287291599565e-03
2.803892399393909975e-03
2.800168411605107651e-03
2.796464578679406718e-03
2.792618105366284024e-03
2.788795815329040122e-03
2.785176770668001522e-03
2.781989179032552575e-03
2.778898711981224109e-03
2.775370092062815364e-03
2.771699247514343087e-03
2.767987587132973715e-03
2.764671689938594332e-03
2.761614338653401238e-03
2.758451616600968940e-03
2.755357733740191380e-03
2.752351208592179656e-03
2.749058812381808495e-03
2.745583012814206518e-03
2.742307799695439027e-03
2.739528680495630520e-03
2.737027273099735050e-03
2.734413518027607563e-03
2.731434378560272137e-03
2.728917019818038244e-03
2.725655508632046642e-03
2.722427444797099246e-03
2.719459379659367772e-03
2.716763386254672855e-03
2.713265767636506304e-03
2.709554052406139626e-03
2.706489714550756528e-03
2.703720886152194761e-03
2.701009729407751522e-03
2.698290353751625972e-03
2.694951445318933322e-03
2.691370800416369256e-03
2.688112604230401270e-03
2.685045586298629491e-03
2.681962911047810951e-03
2.679172494280084374e-03
2.676257437556916075e-03
2.673287406600912113e-03
2.670468888668129596e-03
2.667793144254946430e-03
2.665025601315805862e-03
2.662025606070485186e-03
2.658932771124484281e-03
2.655766236120971676e-03
2.652587667629905440e-03
2.650031609054522702e-03
2.647983737644154546e-03
2.646034903665207567e-03
2.643656879416630100e-03
2.641008563379502582e-03
2.638197981552037677e-03
2.635238180147530824e-03
2.632540045493680491e-03
2.629938279611422625e-03
2.627519600565275063e-03
2.624887342078843343e-03
2.622249060410153116e-03
2.620277118879258283e-03
2.618134451651723659e-03
2.615802763608230871e-03
2.613281689994175795e-03
2.611030665146834608e-03
2.608503177774266525e-03
2.606169699431019806e-03
2.604193050162256599e-03
2.602499793311377832e-03
2.600872487429360062e-03
2.598865658774924918e-03
2.596751834361396387e-03
2.594841102181012424e-03
2.593179262035219187e-03
2.591243733536031848e-03
2.588961891812205981e-03
2.586080264617571060e-03
2.582952806260959810e-03
2.580338942200669644e-03
2.577676875760298580e-03
2.574825749420559667e-03
2.572143225056332770e-03
2.569948543042383481e-03
2.567878263345213692e-03
2.565704558080416330e-03
2.563033732108202338e-03
2.560198372802436131e-03
2.557392932796184824e-03
2.554678480397131694e-03
2.551985677434361315e-03
2.549360292429337337e-03
2.546546382719970091e-03
2.543589993063081166e-03
2.540596827590258910e-03
2.537964139150999509e-03
2.535484301122123071e-03
2.533019927371106192e-03
2.530541424752619228e-03
2.528118504308487537e-03
2.525731127956483326e-03
2.523590109860800613e-03
2.521231838586318087e-03
2.518897042511797878e-03
2.516295625408504488e-03
2.514201747214517453e-03
2.512133589335083933e-03
2.509849325640556815e-03
2.507499680868331172e-03
2.505106880773720884e-03
2.502768954520985523e-03
2.500645460840848246e-03
2.498867617676452622e-03
2.496893987261405035e-03
2.494877182666165125e-03
2.492843876636706597e-03
2.491284939136033990e-03
2.489991974566022059e-03
2.488811168906652615e-03
2.487368518480092845e-03
2.485524347845643588e-03
2.483908735329499930e-03
2.482409236572393277e-03
2.480646471787492733e-03
2.478842078880682132e-03
2.477006544904724987e-03
2.474752457816790322e-03
2.472667569680978179e-03
2.470076985846122487e-03
2.467707369543728057e-03
2.465347205197678838e-03
2.463375732936705972e-03
2.461559889631777416e-03
2.460050232406558925e-03
2.458556662301359785e-03
2.456898856194812859e-03
2.455286973808726899e-03
2.453326243997218728e-03
2.451386199873262315e-03
2.449828558688715765e-03
2.448476159723717970e-03
2.446904789182265290e-03
2.445131281768475433e-03
2.443524367382707025e-03
2.442075831784774886e-03
2.440785673116455806e-03
2.439115821955364829e-03
2.437366747706104335e-03
2.435913446218496668e-03
2.433730590380097942e-03
2.431571166211206683e-03
2.429608813425585771e-03
2.427577843735004379e-03
2.425731592533713482e-03
2.424233703605904039e-03
2.422611705208295701e-03
2.420648003007403858e-03
2.418781399214840061e-03
2.416907808130858929e-03
2.415219756055458390e-03
2.413465986890173370e-03
2.411866816866575173e-03
2.410394684036848596e-03
2.408713266582385767e-03
2.407146378659509329e-03
2.405618501360467891e-03
2.404221086864413888e-03
2.402997245047468027e-03
2.401684504792768633e-03
2.400560735685944389e-03
2.399160601001846822e-03
2.397618659359288321e-03
2.396247113071398385e-03
2.395034184127561600e-03
2.393799152719455411e-03
2.392342843099925370e-03
2.391047704910353924e-03
2.390090008520626141e-03
2.389181295847755352e-03
2.387875164612585522e-03
2.386509718406751822e-03
2.385171026237293754e-03
2.383884327643091654e-03
2.382922959706568981e-03
2.381803863721928659e-03
2.380392213366933334e-03
2.378844713885677319e-03
2.377090061054626304e-03
2.375425279444133651e-03
2.374016939978178253e-03
2.372435485429355562e-03
2.370761167922624899e-03
2.369136527588844993e-03
2.367839065280515857e-03
2.366461923661597119e-03
2.364662534393887662e-03
2.362622444725316889e-03
2.360965418785666327e-03
2.359005398366266579e-03
2.357516598162461008e-03
2.356135786690078185e-03
2.354822311641649023e-03
2.353128390622322152e-03
2.351164740929949110e-03
2.349454482435386297e-03
2.347790760399496614e-03
2.345887755935046823e-03
2.343947072781334649e-03
2.341742754142485394e-03
2.339870176117269177e-03
2.337944645884058262e-03
2.336207262503696164e-03
2.334424800443059798e-03
2.332833174299082848e-03
2.331347296362699679e-03
2.329751850047142182e-03
2.328351599131978176e-03
2.326878133736009352e-03
2.325559935454687283e-03
2.324065620960335393e-03
2.322778095729682163e-03
2.321629959996549669e-03
2.320545822887572131e-03
2.319422506411798583e-03
2.318012122893593676e-03
2.316766779922992993e-03
2.315372578666724784e-03
2.314391498046565205e-03
2.313513534590192974e-03
2.312623147863617813e-03
2.311466044874941304e-03
2.310192184686604526e-03
2.309026328714170514e-03
2.307976308671029920e-03
2.307102298091061928e-03
2.305681147917620823e-03
2.304535778840674596e-03
2.303738636420738645e-03
2.303088061987471589e-03
2.302395245371980162e-03
2.301726071495715630e-03
2.300762600858095516e-03
2.299536646539586653e-03
2.298207288345553625e-03
2.297207640140830429e-03
2.296183470460659830e-03
2.294638360323153579e-03
2.293287717452839082e-03
2.291724113951539368e-03
2.290428566872399450e-03
2.289001704830110652e-03
2.287924796124452161e-03
2.287198406083198587e-03
2.286326605063795057e-03
2.285647494901911578e-03
2.284689109133005054e-03
2.283642066475689760e-03
2.282588932506126895e-03
2.281886318443845842e-03
2.281138462145144465e-03
2.280487010516904500e-03
2.279655162951854490e-03
2.278748359155089061e-03
2.277420701462085952e-03
2.276186649038417116e-03
2.275107720149459768e-03
2.273921621294595560e-03
2.272516346465636161e-03
2.271179313773606396e-03
2.270213183301729790e-03
2.269399372606126578e-03
2.268655306720192711e-03
2.267906048182427321e-03
2.267044625386270291e-03
2.266380797740383431e-03
2.265152838296946060e-03
2.264203783372757510e-03
2.263244598012331688e-03
2.262147129740754107e-03
2.261025443550843898e-03
2.259964079992952523e-03
2.258596836404009288e-03
2.257193499512128061e-03
2.256091982171816966e-03
2.254906582010852371e-03
2.253904332295163758e-03
2.253036291214507297e-03
2.252293800619503683e-03
2.251377200984089767e-03
2.250082164941743460e-03
2.248812358740874453e-03
2.247817182093879082e-03
2.247047800377139411e-03
2.246203048797896715e-03
2.245624967223486517e-03
2.244812112161507188e-03
2.243833000217461664e-03
2.242666335092787649e-03
2.241253797209248177e-03
2.239807263483320141e-03
2.238354032434734710e-03
2.237069633414328317e-03
2.235729810686326331e-03
2.234520487296833349e-03
2.233303630511248531e-03
2.231948661735403978e-03
2.230537863537213842e-03
2.229310125431935210e-03
2.228009311747874456e-03
2.226779046242287688e-03
2.225618352088730521e-03
2.224464073141150036e-03
2.223479861062285703e-03
2.222486958302120029e-03
2.221371018157297910e-03
2.219980111858582596e-03
2.218289912770930912e-03
2.216906923045440254e-03
2.215352694148105175e-03
2.213623497232848712e-03
2.211716689163628364e-03
2.209886382154171037e-03
2.208474683310161259e-03
2.207400507986439792e-03
2.206446144561761361e-03
2.205360580528017110e-03
2.204610724684694708e-03
2.204098582601714956e-03
2.203377160483622772e-03
2.202602989907061822e-03
2.202054054848709506e-03
2.201200814602185998e-03
2.200138085890317348e-03
2.199294864256503244e-03
2.198371795972636072e-03
2.197531715637396094e-03
2.196937503950356207e-03
2.196239456080391773e-03
2.195664932782868256e-03
2.194941783302133392e-03
2.193895902678536479e-03
2.193032563711932309e-03
2.191827976778745919e-03
2.190740089112604063e-03
2.189739868508355086e-03
2.188757457846937822e-03
2.187871885389400337e-03
2.187046514861338675e-03
2.186357018939203388e-03
2.185407277384287736e-03
2.184334840277656932e-03
2.183249642377357424e-03
2.182404874489831878e-03
2.181192618798711690e-03
2.180057465771466103e-03
2.179380488409122033e-03
2.178606254816915430e-03
2.177799659506698612e-03
2.176997435602950372e-03
2.175850621928424999e-03
2.174868003697349225e-03
2.173720623022914588e-03
2.172928513617889724e-03
2.172426178807860750e-03
2.172225641199433677e-03
2.172079861484038990e-03
2.171619391863149635e-03
2.171355409244506585e-03
2.171102373213038006e-03
2.171006910620121907e-03
2.170759170448692457e-03
2.170332378581632700e-03
2.169952758292141484e-03
2.169387460962251494e-03
2.168519567831659559e-03
2.167559350241862314e-03
2.166631787828561962e-03
2.165703810811525718e-03
2.164963814778473206e-03
2.164457187064728998e-03
2.163972621552591197e-03
2.163713485953261406e-03
2.163453512812827870e-03
2.163154841079915815e-03
2.163204677854105914e-03
2.163140180419647566e-03
2.162965253849158907e-03
2.162563794270788622e-03
2.162020906810228210e-03
2.161457646519062553e-03
2.160776070641111987e-03
2.159814736431789166e-03
2.158805992089389558e-03
2.157875608366214681e-03
2.157182836267956035e-03
2.156520216266195368e-03
2.156001407044681219e-03
2.155246566691210435e-03
2.154747403502416201e-03
2.154322187040760665e-03
2.153811800374632723e-03
2.153688895473321319e-03
2.153654794687139950e-03
2.153513999531872329e-03
2.153567413497077618e-03
2.153822542335656533e-03
2.153529983235333810e-03
2.153065084158472739e-03
2.152306651702142869e-03
2.151430439140078216e-03
2.150791846587628980e-03
2.150087560435560551e-03
2.149450295081365824e-03
2.148681311862039173e-03
2.147684763698484191e-03
2.146702669571320596e-03
2.145913767358135094e-03
2.144982505526359193e-03
2.144090781385801087e-03
2.143547834715729249e-03
2.143340844727433924e-03
2.143109612825435176e-03
2.143110050844964243e-03
2.142881089938881989e-03
2.142731745092480052e-03
2.142254846883429823e-03
2.141799185098860071e-03
2.141610680197598288e-03
2.141505011185412984e-03
2.141346153648532400e-03
2.140949333654992588e-03
2.140372032432114914e-03
2.139826079722080988e-03
2.139268061919901223e-03
2.138787484729952858e-03
2.138599526828245667e-03
2.138339775458138192e-03
2.137921486044831645e-03
2.137311073969148760e-03
2.136931943039874389e-03
2.136634686668286570e-03
2.136449912591290631e-03
2.136138048238994929e-03
2.135741640967902047e-03
2.135630939650332277e-03
2.135506083520642782e-03
2.135230364158550217e-03
2.135038535479891891e-03
2.134407481955736229e-03
2.133981123220008921e-03
2.133474098733238820e-03
2.132865943724673776e-03
2.132293916785586631e-03
2.131884009970833310e-03
2.131432735863334621e-03
2.131233950108871525e-03
2.130565496364260087e-03
2.130048287263130655e-03
2.129479229674615792e-03
2.128810440689550901e-03
2.127992492939767555e-03
2.127481367201791620e-03
2.126865139076990728e-03
2.126297287842256190e-03
2.125733368021444358e-03
2.125110218780726107e-03
2.124319730557202787e-03
2.123281526611581031e-03
2.122299154309694163e-03
2.121569010044542687e-03
2.121316067883355447e-03
2.121199738199248952e-03
2.120862666067316587e-03
2.120406233371412499e-03
2.120217696799024925e-03
2.119644984718274758e-03
2.119113525599139458e-03
2.119139402022115603e-03
2.119129046535330255e-03
2.119094100640277981e-03
2.119046107756962938e-03
2.118894599423784553e-03
2.118610644344394618e-03
2.118545661258179613e-03
2.118326567238469106e-03
2.118326301876860985e-03
2.118122770917012145e-03
2.117620304079470116e-03
2.117144060119495810e-03
2.116949672640259811e-03
2.116637158538740935e-03
2.116647939639541669e-03
2.116943718076385282e-03
2.117593944612471222e-03
2.118390486905981623e-03
2.119343685509251889e-03
2.120301676285679150e-03
2.120888255670504759e-03
2.121281975944497994e-03
2.121578754852874917e-03
2.121791035353862674e-03
2.121867702164785888e-03
2.122101557629183215e-03
2.122142776467432924e-03
2.121995247703186739e-03
2.121553333833609174e-03
2.120743512627437481e-03
2.120080500762098336e-03
2.119260582192677295e-03
2.118723273522405554e-03
2.118407032110715665e-03
2.118151525060914427e-03
2.117912916981169388e-03
2.117526334348997490e-03
2.117421920505181167e-03
2.117621792507059196e-03
2.117947401883376636e-03
2.118297480292991464e-03
2.118722180887739216e-03
2.119499529221669475e-03
2.120267542844005322e-03
2.120907224164677272e-03
2.121321201852792090e-03
2.121484979376126508e-03
2.121519459317825190e-03
2.121459307498121168e-03
2.121242554076778128e-03
2.120975566786442203e-03
2.120706295520673884e-03
2.120239647800645482e-03
2.119889717917098401e-03
2.119370567444997001e-03
2.118940453631252933e-03
2.118774320455868790e-03
2.118489634858295584e-03
2.118344207940629862e-03
2.118030181896333412e-03
2.117734459384294082e-03
2.117634240834603745e-03
2.117645384145684477e-03
2.117847918507204281e-03
2.117635697276500084e-03
2.117527761733510160e-03
2.117506925509009177e-03
2.117503790795088013e-03
2.117139009978018065e-03
2.116721744902011395e-03
2.116508074738241655e-03
2.116417820886905971e-03
2.116279574799215593e-03
2.115920999077587454e-03
2.115789963162990634e-03
2.115767249732745502e-03
2.115872052549022837e-03
2.115941364749343231e-03
2.115774289071752599e-03
2.115826273148812501e-03
2.115917087151862695e-03
2.115988249606656595e-03
2.115915330019378909e-03
2.116345303092399648e-03
2.116711998802439047e-03
2.117068365622077914e-03
2.117335898927717557e-03
2.117725873662958808e-03
2.118307291297783033e-03
2.118778601973297579e-03
2.118605731008816814e-03
2.118562619582005976e-03
2.118685754999180288e-03
2.118690843271594376e-03
2.118924934472428152e-03
2.119012006556010488e-03
2.119156981845899800e-03
2.118964833280965153e-03
2.118723680417585863e-03
2.118107900224183975e-03
2.117700483239671073e-03
2.117547420354148630e-03
2.117136188348612679e-03
2.116837830948855182e-03
2.116313548640327055e-03
2.115883389757099251e-03
2.115399819636614234e-03
2.114971998173097775e-03
2.114678390933619721e-03
2.114687909698675840e-03
2.114834134783737454e-03
2.114930193642660609e-03
2.115000396958508291e-03
2.114724258312746311e-03
2.114401508233096361e-03
2.114236849303718739e-03
2.114090242011525296e-03
2.114081187807906239e-03
2.114058113973295468e-03
2.114142707722248705e-03
2.113878743125918464e-03
2.113558072502581386e-03
2.113475259466123142e-03
2.113490226604880246e-03
2.113430267522030479e-03
2.113498547963672380e-03
2.113553028453576087e-03
2.113493256230562084e-03
2.113583304557460456e-03
2.113728071234741678e-03
2.113902238238307522e-03
2.113912675347058567e-03
2.113869401449740629e-03
2.113725989582393352e-03
2.113524124396669052e-03
2.113257720744283162e-03
2.112891085355026854e-03
2.112190039443532109e-03
2.111655292681913470e-03
2.111115706834791866e-03
2.110536961778328949e-03
2.109750866617157022e-03
2.109532146693253798e-03
2.109263548292008260e-03
2.109325883016010574e-03
2.109558285646588507e-03
2.109783594744065252e-03
2.110221046257237422e-03
2.110644681638304456e-03
2.111269863329710492e-03
2.111888659242937717e-03
2.112174314437081056e-03
2.112048597659051639e-03
2.111913235791626226e-03
2.111818122354854228e-03
2.111662468016081446e-03
2.111558210954103936e-03
2.111531247134840628e-03
2.111217806321713693e-03
2.110929819317354083e-03
2.110748103859210693e-03
2.110640930401357952e-03
2.110392452132454303e-03
2.109861487985932680e-03
2.109536116526968593e-03
2.109193494380695762e-03
2.109017689855839910e-03
2.108712964257716642e-03
2.108611840812611628e-03
2.108242256910913739e-03
2.108075812526421199e-03
2.108104547697276388e-03
2.108342025879112250e-03
2.108540729639190540e-03
2.108629574061993139e-03
2.108929653237783582e-03
2.108926970445928160e-03
2.108888542509034826e-03
2.108774418267232373e-03
2.108818954207704321e-03
2.108684447405040959e-03
2.108721988169691506e-03
2.108455280703258345e-03
2.108349349964754905e-03
2.108388801922351109e-03
2.108462453276430896e-03
2.108451028594897619e-03
2.108871889627309329e-03
2.109430159674972275e-03
2.109671756354256598e-03
2.109942006797539162e-03
2.110293855696089571e-03
2.110391287672865653e-03
2.110518953654511292e-03
2.110400026797783733e-03
2.110239831851341580e-03
2.110196893511475259e-03
2.110007351497290157e-03
2.109831503559044235e-03
2.109703077215403007e-03
2.109850358826987141e-03
2.110113286730145536e-03
2.110309318962430569e-03
2.110622800216490225e-03
2.110889763614586401e-03
2.111040859908832300e-03
2.111189912006255533e-03
2.111252171113495429e-03
2.111605614900515827e-03
2.112108748815504956e-03
2.112776934812460317e-03
2.113452715626837342e-03
2.113965532939527780e-03
2.114518917224242865e-03
2.115039005594863530e-03
2.115752153687216856e-03
2.116426772122700656e-03
2.117338567618453401e-03
2.118175073253506912e-03
2.118583321819513584e-03
2.118789227234074268e-03
2.119079157961052933e-03
2.119207547270332472e-03
2.119341493413225922e-03
2.119130085005859008e-03
2.119070234362043902e-03
2.119074873965920338e-03
2.119198055476344093e-03
2.119412068931445826e-03
2.119687458209640676e-03
2.119939199735576107e-03
2.120263126830306509e-03
2.120508273584735277e-03
2.120712010859289454e-03
2.121058658076608715e-03
2.121660978275435091e-03
2.121939117993636333e-03
2.122261056959607890e-03
2.122320583918911076e-03
2.122312769180980524e-03
2.122061256292470492e-03
2.121575132824933020e-03
2.121496672841083689e-03
2.121490072237180394e-03
2.121730544292426291e-03
2.122082308979863791e-03
2.122160716554708903e-03
2.122329476059563354e-03
2.122500428190835474e-03
2.122341624559481200e-03
2.122308518176382712e-03
2.122494680301512549e-03
2.122890939639629233e-03
2.123175630039244883e-03
2.123549318789778612e-03
2.123989142019441084e-03
2.124593921603366246e-03
2.125073358795652369e-03
2.125425425327320903e-03
2.125682759849267540e-03
2.125594242202338661e-03
2.125466732451673432e-03
2.125779498562256967e-03
2.126114336504948601e-03
2.126296967410356425e-03
2.126874136096516387e-03
2.127215119560299170e-03
2.127666866870541341e-03
2.127993098962345161e-03
2.128384465913583847e-03
2.128668262713750720e-03
2.129162500189298382e-03
2.129418427199403566e-03
2.129912472427282488e-03
2.130191329222417586e-03
2.130394772031025778e-03
2.130455917038199132e-03
2.130665489978058463e-03
2.130728235770534308e-03
2.130692027809352046e-03
2.130589815133821993e-03
2.130718762895356458e-03
2.130761439256052218e-03
2.130933558529105563e-03
2.131172193767221206e-03
2.131381871388716293e-03
2.131825696637633816e-03
2.132335438821727179e-03
2.133003622373123159e-03
2.133616610766385889e-03
2.134035138859965899e-03
2.134463960637847987e-03
2.134856163125193988e-03
2.135061303282095781e-03
2.134832491823107983e-03
2.134728384846237143e-03
2.134825466345100040e-03
2.134917438629492167e-03
2.135042677864566318e-03
2.135053233719689039e-03
2.135015069642501491e-03
2.135392595852827428e-03
2.135485199892580253e-03
2.135584491381861683e-03
2.135686533790867765e-03
2.135645734211967083e-03
2.135884561855109966e-03
2.136380095106063439e-03
2.136644736886789912e-03
2.137119260013524858e-03
2.137640663936452370e-03
2.138241452015310524e-03
2.139293593352706389e-03
2.140113535407751032e-03
2.141087956134551593e-03
2.141587106255729393e-03
2.142097714330608044e-03
2.142491556338884523e-03
2.142603476391572326e-03
2.142398905701252063e-03
2.141703551529425438e-03
2.141151817731686609e-03
2.140705748799927137e-03
2.140500033825407360e-03
2.140484794696009309e-03
2.140141276627056249e-03
2.140010528416676650e-03
2.139923803776578454e-03
2.139949247973410833e-03
2.140038660875428524e-03
2.140271743975069932e-03
2.140131958501333836e-03
2.139728976974653984e-03
2.139398723947253961e-03
2.139466101348561512e-03
2.139883524422501928e-03
2.140154212556040058e-03
2.140471132784665768e-03
2.140551872344696564e-03
2.140554101129044182e-03
2.140403130044874532e-03
2.140324078812922640e-03
2.140337757227960425e-03
2.140075277776242509e-03
2.139925039104373806e-03
2.139650373737239826e-03
2.139309231032762628e-03
2.138964115404771819e-03
2.138651160867401525e-03
2.138523172388474836e-03
2.138669016543285565e-03
2.138721689127205932e-03
2.138830039879268709e-03
2.138888066813757465e-03
2.139079695535198774e-03
2.139362991222634042e-03
2.139952748918241745e-03
2.140679305223676995e-03
2.141358072802042063e-03
2.141854622567775004e-03
2.141961791481276304e-03
2.142142397524973967e-03
2.142026582913277976e-03
2.142075250576233169e-03
2.142051645853326833e-03
2.141646614112951985e-03
2.141620322010203987e-03
2.141334820404276144e-03
2.141119812036623628e-03
2.140934781368046373e-03
2.141050266223435469e-03
2.141387976771171563e-03
2.141753736646038585e-03
2.142305254772004439e-03
2.142941058792066904e-03
2.143437151779089070e-03
2.143934177804381579e-03
2.144210183974614315e-03
2.144184810532722904e-03
2.144155407883584566e-03
2.143863056581373026e-03
2.143356867662773134e-03
2.142671492336175373e-03
2.142183371371484107e-03
2.141912769314888425e-03
2.141354937667794799e-03
2.140922913372860382e-03
2.140413029453522818e-03
2.140121473313390688e-03
2.139936529741624967e-03
2.139986037663730179e-03
2.139819843809941460e-03
2.139464151779843677e-03
2.139193714357631813e-03
2.139207122163123108e-03
2.139333923713718135e-03
2.139798666337117041e-03
2.140208919163816888e-03
2.140834499522974079e-03
2.141269288881971194e-03
2.142067815923187624e-03
2.142866662600037119e-03
2.143598211723359362e-03
2.144095248207267615e-03
2.144587683049160518e-03
2.145002818110539403e-03
2.145387319649156872e-03
2.145663867770955264e-03
2.146138787053689274e-03
2.146156940285220104e-03
2.146299253053389824e-03
2.146149269170638876e-03
2.146424760830509346e-03
2.146634948855532469e-03
2.146955302617023324e-03
2.147199928575438573e-03
2.147463247685898764e-03
2.147622641293392594e-03
2.147991590546799966e-03
2.148430503510217245e-03
2.148884514207783768e-03
2.149162497824827402e-03
2.149204369295748540e-03
2.149043342649560855e-03
2.148668976720749697e-03
2.148185925641105370e-03
2.148094028561408578e-03
2.147713685733013220e-03
2.147503047292910298e-03
2.147073999695024889e-03
2.147079977368495686e-03
2.146823572415001644e-03
2.146787993900074916e-03
2.147048667936049277e-03
2.147606214265522246e-03
2.148309260028295926e-03
2.148846405555075462e-03
2.149356497613241247e-03
2.149668762243445858e-03
2.150097863667446707e-03
2.150746907893357970e-03
2.151086951396633321e-03
2.150889609498890173e-03
2.150422933363188745e-03
2.150369059619227155e-03
2.150095148197154506e-03
2.149692335125970299e-03
2.149420470283613244e-03
2.149093432366053474e-03
2.148881251097684800e-03
2.148776543620977905e-03
2.148879459666948842e-03
2.149189194744271190e-03
2.149649637920817737e-03
2.150144254485099327e-03
2.150182386362877937e-03
2.150199842438106027e-03
2.150499172226180093e-03
2.150495788351733818e-03
2.150197426946107767e-03
2.150075569089135614e-03
2.149978666345392364e-03
2.150084106337250660e-03
2.150341777100480811e-03
2.150497568189098548e-03
2.150560311856589309e-03
2.150267596704237647e-03
2.149695734984770172e-03
2.149223915103409301e-03
2.148687068613714356e-03
2.148108426314658190e-03
2.147574791943415544e-03
2.147049260493248766e-03
2.146564011794420152e-03
2.145876485392658913e-03
2.145303628145653861e-03
2.144490196457345815e-03
2.143726701454999866e-03
2.142924260720808702e-03
2.142496418364622703e-03
2.142312864644179120e-03
2.142199823655000987e-03
2.142498311570406253e-03
2.142995539043344652e-03
2.143407663324008953e-03
2.143931399928748500e-03
2.144315084159734673e-03
2.144941963142858472e-03
2.145381489504894108e-03
2.145643278955237845e-03
2.145713545969938577e-03
2.145605755761263982e-03
2.145594967572616880e-03
2.145781093708391558e-03
2.145951486763217082e-03
2.145954722650893383e-03
2.145910672625308321e-03
2.145833170705831617e-03
2.145813942717639516e-03
2.145801578212334047e-03
2.146071758988820407e-03
2.146311922075701956e-03
2.146466376578054416e-03
2.146452635477015276e-03
2.146524880352020798e-03
2.146447714646858296e-03
2.146244571620752745e-03
2.146073292741314340e-03
2.145818752252420369e-03
2.145787561731046789e-03
2.145679600703347904e-03
2.145787606823631403e-03
2.146041696435452284e-03
2.146248203191839562e-03
2.146539848773199553e-03
2.146798416422482109e-03
2.146714358330172479e-03
2.146672115577681617e-03
2.146680410519386049e-03
2.146587687196898058e-03
2.146667003609323016e-03
2.146672331425959670e-03
2.146676031573939783e-03
2.146553825323497741e-03
2.146318637064268016e-03
2.146075641814358496e-03
2.146081461408468928e-03
2.146294352360175305e-03
2.146156404509688524e-03
2.146117596018694371e-03
2.145724676012870577e-03
2.145613861852765578e-03
2.145491090587902435e-03
2.145263013898406415e-03
2.145193962994256485e-03
2.145404161538379088e-03
2.145753935124164978e-03
2.146080750090811808e-03
2.146340117514190272e-03
2.147005983630737632e-03
2.147593705002577309e-03
2.148172151508262809e-03
2.148506027319060322e-03
2.148685202680782318e-03
2.148879592194287771e-03
2.148886886740517411e-03
2.149049370649092679e-03
2.149274682737730563e-03
2.149398451610033071e-03
2.149437658980405969e-03
2.149650532933837597e-03
2.149801425927747728e-03
2.149837537744205430e-03
2.149684560061526466e-03
2.149730422562610641e-03
2.150023382317477194e-03
2.150097975173631635e-03
2.150309307241398977e-03
2.150384612445391252e-03
2.150434734326731913e-03
2.150296716788817862e-03
2.150302416901402926e-03
2.150767520997173398e-03
2.151279563835237045e-03
2.151860811581504055e-03
2.152515812560629703e-03
2.153339513732429635e-03
2.154055366647038890e-03
2.154586216057519533e-03
2.154747271053811166e-03
2.155038290083881574e-03
2.155262601481897078e-03
2.155165457506061366e-03
2.154813074743377934e-03
2.154420473063711674e-03
2.153983988264244250e-03
2.153356658612764953e-03
2.152549200215854008e-03
2.151634238729018250e-03
2.150911761502994485e-03
2.150660071916275003e-03
2.150308536966824818e-03
2.150225029993541471e-03
2.150097873843748349e-03
2.149762541400999059e-03
2.149598493422002436e-03
2.149234502931142345e-03
2.149257677673983673e-03
2.149528536595972893e-03
2.150239516356241588e-03
2.151126917810162239e-03
2.151834147065867769e-03
2.152573444039030445e-03
2.153065953798596107e-03
2.153387935394550107e-03
2.153985439036533011e-03
2.154385758022407411e-03
2.154552672037278807e-03
2.154471261285338234e-03
2.154512554312111323e-03
2.154671617425151734e-03
2.154548903990743426e-03
2.154491263608916945e-03
2.154368865476112907e-03
2.154366494835253509e-03
2.154297008465033691e-03
2.154649384030755781e-03
2.155218288104341143e-03
2.155747728372445216e-03
2.156160642145410044e-03
2.156423734344514211e-03
2.156289988312349529e-03
2.156406108866997483e-03
2.156268348469764576e-03
2.156237354097565156e-03
2.156509172659134416e-03
2.156685707551669797e-03
2.157264775867260512e-03
2.157791877410255611e-03
2.157887935985069658e-03
2.157651633373092702e-03
2.157447354571107988e-03
2.157364568700177818e-03
2.157461556086248938e-03
2.157556990164974896e-03
2.157599566418104322e-03
2.157769347048328363e-03
2.157875533648437143e-03
2.158241303919743084e-03
2.158616983096686877e-03
2.159011452447880553e-03
2.159416706002849004e-03
2.159832859600379143e-03
2.160065849044203075e-03
2.160061460528238820e-03
2.159840217767024576e-03
2.159743741941439268e-03
2.159733884313366509e-03
2.159530354516443762e-03
2.159365004537121008e-03
2.158934187683649378e-03
2.158680228903216321e-03
2.158605483635919146e-03
2.158449152867814979e-03
2.158550450256601499e-03
2.158949344760984369e-03
2.159225306063390637e-03
2.159327197671201837e-03
2.159412961472971862e-03
2.159365212692330657e-03
2.159334953651133489e-03
2.159236437973588961e-03
2.159119390811598937e-03
2.158911287602934860e-03
2.158744343974679236e-03
2.159020487639029193e-03
2.159333987930979904e-03
2.159325368584414859e-03
2.159229358371386742e-03
2.158827754358501327e-03
2.158547245262268204e-03
2.158301945832904675e-03
2.157977302609778974e-03
2.157912053262673897e-03
2.157671002420585328e-03
2.157456909505289094e-03
2.157393364957733810e-03
2.157086778592717975e-03
2.156742618098196011e-03
2.156333824473991977e-03
2.156103819298279319e-03
2.155958730265723246e-03
2.155761923550398012e-03
2.155623991053415289e-03
2.155599652654393867e-03
2.155066705687982195e-03
2.154519860339055345e-03
2.154135492953666332e-03
2.154159153643424914e-03
2.153931547256897339e-03
2.153719884880461559e-03
2.153254273939053578e-03
2.152949219763524574e-03
2.152552044105209353e-03
2.152053503912165159e-03
2.151271647996367241e-03
2.150537034291326831e-03
2.149713542922515683e-03
2.149215407085751720e-03
2.148831707035437060e-03
2.148784213807080051e-03
2.148758582548753338e-03
2.148376646824437779e-03
2.147819856614279106e-03
2.147292307194908264e-03
2.147068298605405400e-03
2.146724315496669616e-03
2.146739527329098729e-03
2.146623859661716659e-03
2.146510773069409180e-03
2.146260479539451212e-03
2.146391064569200344e-03
2.146261269108887520e-03
2.146167837822972498e-03
2.145944614959970423e-03
2.145810343488473073e-03
2.145674744703466620e-03
2.145351898512770899e-03
2.145104785800714970e-03
2.144909922066835610e-03
2.144549933986426762e-03
2.144225233658316257e-03
2.143799849476919848e-03
2.143301957475074286e-03
2.142668533894773793e-03
2.142076949440858101e-03
2.141532012467192454e-03
2.141049956744899355e-03
2.140664971914519373e-03
2.140374899612068876e-03
2.140463899002160043e-03
2.140670283104977294e-03
2.140743709908396897e-03
2.140886663634952811e-03
2.140765748903414745e-03
2.140464049217704473e-03
2.139992151047747943e-03
2.139529645716063775e-03
2.139348263077533400e-03
2.139080717899207330e-03
2.138681501918656292e-03
2.138397561557379371e-03
2.137930113169523357e-03
2.137394347941907417e-03
2.137128866109773602e-03
2.136844381028375674e-03
2.136391089633497310e-03
2.135751238885003761e-03
2.135301570831192250e-03
2.134936162846674985e-03
2.134474711565535580e-03
2.134181214818595389e-03
2.133983997906787906e-03
2.133535731373918665e-03
2.133250455706934157e-03
2.132834447218349711e-03
2.132617627553189815e-03
2.132403481334643313e-03
2.131913933879443432e-03
2.131762883688718708e-03
2.131798821962626288e-03
2.131627707001593208e-03
2.131794597893032182e-03
2.131819524820612825e-03
2.131535715286815829e-03
2.131611677818328211e-03
2.131401511972875334e-03
2.131392367025568974e-03
2.131550966195746959e-03
2.131721074593935679e-03
2.131886302280022565e-03
2.132185954728533627e-03
2.132805324964860347e-03
2.133328249613066635e-03
2.133473187425558460e-03
2.133521067310036219e-03
2.133528254186630498e-03
2.133661890535761257e-03
2.133520058687184313e-03
2.133547176948189135e-03
2.133566353305371872e-03
2.133320005515619826e-03
2.133094792322284914e-03
2.132652358258912192e-03
2.132530875134322750e-03
2.132271160099277838e-03
2.131943288532417435e-03
2.131584265339839680e-03
2.131237541573841997e-03
2.130467009230740342e-03
2.129775022484575817e-03
2.129036133426212736e-03
2.128521177770536111e-03
2.128073083842943729e-03
2.127867305342555360e-03
2.127380841524172724e-03
2.127001788762575979e-03
2.126648415436130455e-03
2.126465232323246270e-03
2.126430846223247625e-03
2.126565498125231567e-03
2.126069631593778975e-03
2.125718332650990920e-03
2.125706836358611483e-03
2.125835096693271409e-03
2.125821098728590368e-03
2.125908286700843326e-03
2.125996936501551443e-03
2.126262941370692626e-03
2.126651475266729419e-03
2.126856957094670330e-03
2.126775663468646795e-03
2.126921847823294142e-03
2.126885798654773625e-03
2.126854053319146912e-03
2.126836488815251301e-03
2.126703796413965345e-03
2.126496363302154274e-03
2.126205425211315312e-03
2.125788497661331832e-03
2.125546006586853751e-03
2.125309726686347087e-03
2.125223198807103028e-03
2.125528483735569622e-03
2.125962991079438039e-03
2.126214785292127735e-03
2.126652243189333397e-03
2.127202176822397782e-03
2.127849326365017710e-03
2.128310122060955538e-03
2.128397352444817443e-03
2.128130417817708595e-03
2.127743158481487130e-03
2.127151311618332569e-03
2.126654570608602426e-03
2.126220298562784151e-03
2.125895402521007019e-03
2.125399054689606181e-03
2.124882540253992830e-03
2.124601842911809629e-03
2.124056038659781140e-03
2.123700641496811033e-03
2.123731574521709083e-03
2.123772755594401183e-03
2.123885974538412911e-03
2.123943997575075595e-03
2.124264192719822579e-03
2.124276675812572165e-03
2.123983802722126044e-03
2.123885797964552343e-03
2.123703822672537954e-03
2.123450485794747995e-03
2.122970596907944145e-03
2.122370615005298583e-03
2.121757685146344764e-03
2.121404370461154720e-03
2.121265571943373521e-03
2.121233810937480941e-03
2.121523011118015088e-03
2.121714775024552586e-03
2.122025547587264201e-03
2.122377739443395347e-03
2.122576109451201724e-03
2.122944084824419497e-03
2.123051386261670583e-03
2.122985121309724828e-03
2.122867857009088331e-03
2.122937187682341978e-03
2.122962542347836285e-03
2.122749782285551171e-03
2.122582414054004218e-03
2.122343913416317902e-03
2.122121794543094329e-03
2.121860084859837625e-03
2.121654635302875139e-03
2.121187066506913330e-03
2.120536291951542491e-03
2.120075482283129576e-03
2.119858409586128107e-03
2.119873071854202692e-03
2.120129757364332818e-03
2.120281378535514901e-03
2.120315108830249286e-03
2.120246551706467079e-03
2.120335957262007177e-03
2.120760019231618648e-03
2.121063521573446613e-03
2.121570303321014279e-03
2.121583923760955118e-03
2.121820986498071555e-03
2.121910356508452822e-03
2.121758648994742560e-03
2.121841912383524813e-03
2.121826877433674163e-03
2.121547808780082072e-03
2.121211979606033894e-03
2.120733679774998090e-03
2.120460288076723293e-03
2.120308906435208578e-03
2.120398254770935586e-03
2.119972358386761156e-03
2.119999162745446475e-03
2.119559946612535346e-03
2.118804003066966993e-03
2.118095145507424212e-03
2.117797221213909859e-03
2.117537462947466018e-03
2.117505929306500237e-03
2.117304328856957265e-03
2.117553318986829455e-03
2.117618845442721404e-03
2.117770920803804888e-03
2.117699907024227224e-03
2.117975848276081562e-03
2.118304889075143908e-03
2.118745730123322048e-03
2.119295279739235021e-03
2.119885679738010842e-03
2.120609641364481351e-03
2.121426475826288134e-03
2.122531690562999562e-03
2.123621172819163509e-03
2.124443636916149326e-03
2.125268056462455840e-03
2.125875525501799354e-03
2.126516863437342194e-03
2.127598695411749528e-03
2.128754919597092114e-03
2.129812075705785415e-03
2.130844487972835544e-03
2.131794587755506815e-03
2.132471422648603981e-03
2.132966876642117867e-03
2.133467016068528888e-03
2.133774569086765733e-03
2.133907576755876556e-03
2.134162461870184237e-03
2.134437630615572228e-03
2.134974159136674311e-03
2.135382275798370592e-03
2.135503657728668805e-03
2.135780655529374156e-03
2.136179898388703910e-03
2.136601756088981913e-03
2.137226833256408633e-03
2.137632028133741417e-03
2.138229294654706621e-03
2.138722209267365174e-03
2.139237016958762515e-03
2.139579350577562166e-03
2.139741467218701787e-03
2.139720804845739004e-03
2.139380385998885820e-03
2.138844265920575045e-03
2.138538682085347562e-03
2.138016093124614318e-03
2.137782740040331930e-03
2.137047732193702362e-03
2.136765548252323853e-03
2.136514410073019326e-03
2.136347892503606422e-03
2.136285869530098885e-03
2.136042106541380641e-03
2.135979455443609999e-03
2.135999280891855753e-03
2.135981036487663055e-03
2.136396089673134411e-03
2.136864086145291459e-03
2.137424053054317631e-03
2.137885943675387791e-03
2.138187103867239189e-03
2.138264613782258055e-03
2.138238416710887789e-03
2.138061127425123966e-03
2.138343623166669323e-03
2.138674591194942524e-03
2.138448808930549540e-03
2.138331565320858527e-03
2.138094812277745171e-03
2.137819071056592038e-03
2.137840781262066552e-03
2.137783898822734861e-03
2.137730799767195624e-03
2.137357792761202923e-03
2.136986793428923698e-03
2.136461198244843374e-03
2.136349143759022542e-03
2.136552130051802122e-03
2.136733928117503459e-03
2.136975502601224687e-03
2.136876099973254294e-03
2.136577705288113249e-03
2.136483908718830871e-03
2.136266877585514621e-03
2.136463832754206642e-03
2.136662332598887777e-03
2.136845478281901561e-03
2.136929577029148073e-03
2.136849586717864090e-03
2.136801030677024961e-03
2.136842404910902892e-03
2.137185233015529394e-03
2.137074671389025630e-03
2.136890288776141251e-03
2.136489659193877531e-03
2.136103051777111985e-03
2.136087792670920277e-03
2.136148035333425028e-03
2.136040152033689965e-03
2.136259384019665621e-03
2.136855275453446949e-03
2.137447177570833256e-03
2.138051385369679498e-03
2.138995930619268585e-03
2.139873403832731179e-03
2.140792343110305661e-03
2.141327656708671978e-03
2.141684391173851593e-03
2.141554046397281790e-03
2.141503873776039266e-03
2.141596426897779230e-03
2.141816863209745816e-03
2.142119253399315474e-03
2.142210383219324624e-03
2.141980502061489530e-03
2.141948902651318563e-03
2.142109244013341764e-03
2.142311901799964172e-03
2.142344994983859646e-03
2.142604522103593642e-03
2.142982244750556500e-03
2.143546021605353437e-03
2.144005061390660393e-03
2.144233811666491994e-03
2.144553233505688307e-03
2.144981198495963821e-03
2.145498778629325535e-03
2.146060010866323448e-03
2.146330483479889049e-03
2.146582824991476787e-03
2.146973181862470333e-03
2.147311925927018056e-03
2.147522947594802771e-03
2.147820534219276826e-03
2.148195398343779716e-03
2.148449234866754709e-03
2.148804339961820666e-03
2.149285249157149250e-03
2.149721303506905642e-03
2.149663205878583287e-03
2.149705596008039381e-03
2.149658325746126291e-03
2.149479275140249272e-03
2.149440308603374050e-03
2.149328509578406210e-03
2.148965409325765200e-03
2.148380379921114181e-03
2.147642864970623292e-03
2.146978758969796640e-03
2.146643641613873738e-03
2.146371940011854596e-03
2.146231355392808245e-03
2.146345802521779089e-03
2.146594283992391168e-03
2.147076752793096888e-03
2.147535375202308788e-03
2.147986725679779888e-03
2.148644119397098446e-03
2.149008526749888928e-03
2.149443647404826376e-03
2.149982842592047284e-03
2.150354375327837974e-03
2.150417651105998931e-03
2.150550943904015050e-03
2.150699861348481096e-03
2.150745106523441023e-03
2.151058098596311634e-03
2.151444825460049025e-03
2.151834599147175921e-03
2.152222108112218472e-03
2.152587307436993041e-03
2.153339792821588970e-03
2.154007835559602294e-03
2.154629716381451041e-03
2.155411909748077091e-03
2.156061802210382673e-03
2.156344505853459957e-03
2.156293713678741637e-03
2.156195255518299301e-03
2.156195718773369022e-03
2.155952335479902147e-03
2.155700182359634315e-03
2.155221070927808031e-03
2.154795629704987087e-03
2.154729553108136308e-03
2.154827761628307081e-03
2.154840429603239148e-03
2.154836570349760727e-03
2.154943726714864810e-03
2.154933210264645908e-03
2.154883180145638222e-03
2.154854523717800348e-03
2.154904441161713084e-03
2.154984046262101334e-03
2.155277860839562975e-03
2.155827962217379910e-03
2.156568221385074969e-03
2.157248899074402666e-03
2.158084550443121422e-03
2.158554896656131750e-03
2.158535194860079949e-03
2.158514475433060808e-03
2.158586742124539437e-03
2.158659862255758385e-03
2.158425998809754796e-03
2.158288337017186254e-03
2.157922558254971816e-03
2.157541367418967446e-03
2.156877019212691954e-03
2.156529690237035408e-03
2.155869195696581263e-03
2.155307894430540452e-03
2.154544903382717581e-03
2.154251514035164083e-03
2.154076631035347668e-03
2.153903767135288434e-03
2.153790601569787952e-03
2.153495411911751298e-03
2.152964317666279832e-03
2.152357095667000071e-03
2.152072660563567053e-03
2.152053451745228156e-03
2.152049463792659288e-03
2.151844404271474782e-03
2.151756206074920477e-03
2.151788529057693453e-03
2.151647010002623317e-03
2.151360341327258723e-03
2.150996473532467215e-03
2.150619140743881275e-03
2.150387820866656897e-03
2.150323952801923722e-03
2.150194277439169098e-03
2.150313410308476482e-03
2.150333227099021378e-03
2.150533126776249700e-03
2.150750865623964319e-03
2.150965450165781730e-03
2.151146828699814113e-03
2.151341067066534808e-03
2.151446215470553293e-03
2.151428353008496067e-03
2.151129571223019728e-03
2.150648508450691936e-03
2.150192480859451638e-03
2.149818173023792731e-03
2.149585590350777675e-03
2.149567855310514485e-03
2.149635400740756985e-03
2.149726617303897910e-03
2.149984286365180016e-03
2.150435695290245537e-03
2.151081570340942876e-03
2.151669137588471149e-03
2.152287963405968840e-03
2.152947685764215052e-03
2.153584927143006086e-03
2.153773454373999682e-03
2.153901820458233637e-03
2.153747311638606974e-03
2.153792111341000515e-03
2.153931258463003592e-03
2.154005645839656997e-03
2.153963122717767863e-03
2.153843796570060250e-03
2.153633058130134670e-03
2.153795057313400135e-03
2.154117560445685184e-03
2.154639941114042459e-03
2.155166021375564539e-03
2.155707022650975475e-03
2.156118078702535211e-03
2.156820252438397274e-03
2.157704372839461867e-03
2.158366539349657921e-03
2.158620834226721540e-03
2.158701858977494885e-03
2.159016187418506642e-03
2.159034548787913763e-03
2.158938960142076525e-03
2.158542409695762831e-03
2.158186657711272469e-03
2.157914147975462538e-03
2.157510388599932251e-03
2.156635321558521192e-03
2.156206677230887176e-03
2.156235085473656200e-03
2.156391866876211996e-03
2.156572777985057282e-03
2.157061636882541978e-03
2.157797668930457394e-03
2.158653160260976325e-03
2.159316238665693211e-03
2.159995664036252691e-03
2.160267388322563778e-03
2.160414256627595734e-03
2.160826504024713698e-03
2.161506744238435307e-03
2.162219994401139503e-03
2.162651620745545920e-03
2.162770991954810883e-03
2.162746028812075234e-03
2.162784393881588864e-03
2.162750149851822967e-03
2.162855952558064530e-03
2.163146513280378609e-03
2.163406637569316882e-03
2.163642894805062420e-03
2.163998153456908081e-03
2.164158079337931417e-03
2.164247965432030980e-03
2.164319575098114581e-03
2.164460150631828620e-03
2.164384979256626408e-03
2.164277039707484737e-03
2.163898586002303143e-03
2.163579099918054409e-03
2.163070353193408558e-03
2.162693971761858302e-03
2.162331500657832008e-03
2.161893374901514148e-03
2.161704224817324882e-03
2.161837464592663606e-03
2.161972665858814119e-03
2.162079165474668167e-03
2.162118387975675224e-03
2.162335905220739984e-03
2.162697777120083879e-03
2.163554814041634706e-03
2.164316515508891980e-03
2.165138303847838862e-03
2.166104159282207942e-03
2.166628796753218827e-03
2.166935323129837165e-03
2.167257815212300133e-03
2.167262059589385170e-03
2.166951472598667959e-03
2.166448033600794961e-03
2.166107120424492875e-03
2.165768236121618558e-03
2.165280265185875325e-03
2.164552261104942497e-03
2.163934719937359464e-03
2.163646597799115303e-03
2.163591193836744263e-03
2.163550012650611223e-03
2.163991061152506327e-03
2.164208540086398277e-03
2.164427118272665984e-03
2.164516679320786698e-03
2.164665083912138601e-03
2.165028720296450354e-03
2.164961764698439955e-03
2.164881652765565569e-03
2.164521771123144485e-03
2.163957914175980782e-03
2.163357525002922947e-03
2.162617199463527651e-03
2.161809547594315591e-03
2.160914530172775797e-03
2.160398328824283780e-03
2.160023392216583495e-03
2.159699082251357368e-03
2.159557432731565741e-03
2.159515861653058238e-03
2.159606836939609743e-03
2.159668082179447279e-03
2.159837165160396165e-03
2.160032644275263012e-03
2.159799951955759887e-03
2.159746813144583933e-03
2.159959427700592315e-03
2.159975904566447096e-03
2.160469166317539533e-03
2.160442044369291926e-03
2.160204558790257325e-03
2.160000937323018708e-03
2.159731265909628321e-03
2.160010115781951703e-03
2.159953332698610028e-03
2.159690000094491389e-03
2.159597175219523865e-03
2.159759239521571225e-03
2.159600203362156343e-03
2.159902005122056861e-03
2.160006960385102946e-03
2.160258429426291805e-03
2.160478923747853781e-03
2.160752241761785663e-03
2.161217238645766776e-03
2.161608115213388501e-03
2.161818412151336743e-03
2.161836332217100063e-03
2.161699731089683583e-03
2.161615637766724392e-03
2.161268518259314413e-03
2.160857506314279967e-03
2.160421879414999632e-03
2.160236991233560350e-03
2.160331179565895716e-03
2.160399789454260124e-03
2.160061202276335017e-03
2.159775348244121103e-03
2.159471714252982327e-03
2.159263428486513873e-03
2.158816918785292673e-03
2.158349864444070957e-03
2.157989951143459047e-03
2.157667704924576008e-03
2.157488351487533897e-03
2.157308352443047545e-03
2.157007414094070080e-03
2.156755832107870238e-03
2.156306612901528336e-03
2.156080561909626790e-03
2.155670402667671497e-03
2.155328048914577875e-03
2.154748645291751190e-03
2.154017740690733398e-03
2.153405817292259640e-03
2.152543341733923095e-03
2.151811832788586790e-03
2.151164238935531631e-03
2.150135731370887097e-03
2.149373498864353468e-03
2.148742654431691056e-03
2.147876964970947284e-03
2.147079831946419829e-03
2.146561490355556896e-03
2.146023285412222877e-03
2.145095459748742189e-03
2.144345567546545109e-03
2.143873548961646239e-03
2.143511583048980911e-03
2.142869918773015938e-03
2.142276527738439136e-03
2.141661951456388935e-03
2.141034885077795769e-03
2.140432826102471424e-03
2.139716061153598518e-03
2.139541024533763488e-03
2.139798758185266787e-03
2.140195772908367201e-03
2.140264414503309075e-03
2.140286325540216670e-03
2.140332445617034590e-03
2.140138086727782704e-03
2.140236179047640651e-03
2.139816736438968081e-03
2.139842061144466099e-03
2.139873869769830846e-03
2.140004269777650344e-03
2.140003441541324901e-03
2.139897435429323220e-03
2.139794852316978697e-03
2.139552264958549752e-03
2.139422167011395363e-03
2.139430178214124772e-03
2.139632092894125804e-03
2.139703019977684181e-03
2.139614910701394691e-03
2.139748267021649927e-03
2.140118428224881218e-03
2.140395618497610564e-03
2.140736634114959180e-03
2.140752861028914072e-03
2.140789502695251891e-03
2.140923025156107537e-03
2.141018852008023336e-03
2.141292917965995687e-03
2.141651830226542520e-03
2.141758927262385048e-03
2.141909357707065791e-03
2.141882851388563717e-03
2.141944302660352736e-03
2.141930775067349066e-03
2.141897504645860935e-03
2.141846564190325736e-03
2.141701288107332457e-03
2.141284044210651442e-03
2.140772690666268088e-03
2.140707555085834008e-03
2.140563015892824224e-03
2.140604891711064741e-03
2.140678233497531665e-03
2.140394324682227175e-03
2.140264966422167348e-03
2.140023352742119814e-03
2.139562047159474911e-03
2.139237246748105451e-03
2.138885390062301561e-03
2.138763802517125358e-03
2.138582113745454011e-03
2.138599520861090078e-03
2.138558552200465947e-03
2.138369816452773218e-03
2.138066877230033504e-03
2.137813114857568895e-03
2.137786418919256082e-03
2.137803005375967218e-03
2.137984775463024848e-03
2.137887189494449853e-03
2.137682936697955869e-03
2.137604289127033926e-03
2.137673202968940790e-03
2.137980607786605595e-03
2.138006782268062414e-03
2.138204366620134744e-03
2.138361314611623293e-03
2.138611675284344833e-03
2.138767004315476981e-03
2.138914355711249091e-03
2.139150364694901701e-03
2.139217337950786828e-03
2.139314045650261148e-03
2.139312319706092314e-03
2.139457046541104294e-03
2.139567178231389921e-03
2.139458848729179283e-03
2.139065924533969671e-03
2.138330717080362455e-03
2.137658290323318517e-03
2.136842598921009050e-03
2.135976374703402788e-03
2.135580549386133144e-03
2.135374884955996717e-03
2.135354726881030958e-03
2.135596993799284207e-03
2.135623458525885351e-03
2.135775001843947217e-03
2.135667051767731976e-03
2.135640335366126210e-03
2.135456397265575457e-03
2.135097346598757370e-03
2.134466454192557490e-03
2.133975728737300733e-03
2.133715696947651504e-03
2.133304675267582665e-03
2.132814885144957567e-03
2.132377506674417236e-03
2.132170267111173530e-03
2.131790955685480566e-03
2.131377555101780785e-03
2.130979814686323037e-03
2.130747590426452197e-03
2.130612084142802579e-03
2.130717281401484867e-03
2.130858467313392641e-03
2.131039056089453331e-03
2.131217983419995098e-03
2.131558964963776830e-03
2.132134643518815865e-03
2.132573034687547560e-03
2.133017078502839284e-03
2.133556409356995778e-03
2.134105100133140785e-03
2.134651207835845318e-03
2.135046346834241267e-03
2.135436238667838202e-03
2.135932513756979775e-03
2.136270526629446657e-03
2.136858585429546580e-03
2.137118972988861273e-03
2.137516622590053626e-03
2.137983533823957245e-03
2.137911174930428801e-03
2.137779605312689103e-03
2.137340106441790871e-03
2.136854921114182855e-03
2.136335858472802451e-03
2.135948647215578367e-03
2.135748934493936040e-03
2.135895230744088834e-03
2.135981296752359135e-03
2.136025640417599757e-03
2.135719524211176536e-03
2.135603553824888968e-03
2.135449612392706191e-03
2.134962810023700690e-03
2.134649275682487871e-03
2.134051996190281832e-03
2.133571133264467075e-03
2.133237889539924426e-03
2.133031041745128698e-03
2.133011843516013743e-03
2.133170057123433792e-03
2.133115469299199859e-03
2.132758857788968551e-03
2.132232097958056995e-03
2.131782581070657771e-03
2.131467046702340516e-03
2.131203065758026979e-03
2.130734652266396290e-03
2.130249558330852763e-03
2.129801457868760444e-03
2.129345604347582764e-03
2.129035693019141248e-03
2.128866960930068681e-03
2.128660265705611693e-03
2.128621605530392567e-03
2.128630758127329423e-03
2.128975451173539032e-03
2.129377782438729699e-03
2.129750212434912676e-03
2.129820341659974768e-03
2.129819212239705654e-03
2.129848039458915893e-03
2.129990223469878461e-03
2.130288015298742021e-03
2.130425019559292581e-03
2.130279229707614588e-03
2.130243263839846652e-03
2.130011277805037018e-03
2.129583844090269899e-03
2.129143552660489429e-03
2.128821426330113065e-03
2.128536663624900141e-03
2.128325505604257168e-03
2.128405410100796952e-03
2.128765966536038615e-03
2.129156554250906559e-03
2.129431518492992236e-03
2.129686949938038813e-03
2.130355673691642845e-03
2.131016329563267201e-03
2.131452222619309531e-03
2.131901808775928456e-03
2.132212879324549889e-03
2.132669157410624697e-03
2.132934265050945993e-03
2.132680886565626113e-03
2.132501964501846634e-03
2.132294061175132958e-03
2.132156863817197094e-03
2.131923355275452698e-03
2.131590007465198212e-03
2.131221871588729559e-03
2.130841780097121087e-03
2.130441176234314747e-03
2.130024215939759456e-03
2.129730328919355545e-03
2.129411578606335044e-03
2.129219998552155796e-03
2.128723737837262108e-03
2.128336974116952669e-03
2.128105939102244680e-03
2.127940451033317505e-03
2.127827702468837109e-03
2.127751461354726766e-03
2.127579073464624243e-03
2.127134290605834678e-03
2.126759694404269530e-03
2.126702628971903486e-03
2.126788435515303624e-03
2.126773362727031776e-03
2.126432530661971545e-03
2.126176685454974052e-03
2.125930792507676938e-03
2.125827786450710816e-03
2.125613794399288693e-03
2.125420590370701805e-03
2.125486798758602011e-03
2.125565803674980565e-03
2.125595506996611449e-03
2.125462005174618817e-03
2.125440754621503447e-03
2.125311420728968545e-03
2.125123356769606509e-03
2.124932727508733760e-03
2.124417126718156339e-03
2.124198208110219047e-03
2.123700682861820541e-03
2.123334264338887743e-03
2.123234754133027178e-03
2.123393185790127102e-03
2.123522283499094075e-03
2.124001510951032280e-03
2.124474492605882628e-03
2.124987280304063003e-03
2.125533256549244285e-03
2.126148045586806912e-03
2.126640446594501351e-03
2.127380517104416474e-03
2.127829112180337420e-03
2.128256939559971736e-03
2.128421575955225485e-03
2.128574583117704994e-03
2.128649536517309131e-03
2.128359463846994475e-03
2.128267555743440509e-03
2.128086162940100168e-03
2.127808623485069692e-03
2.127813108639406599e-03
2.127910481724523770e-03
2.128088539845453264e-03
2.128639604961653133e-03
2.129098265942057713e-03
2.129473189767107193e-03
2.129846346528132487e-03
2.130317272950103553e-03
2.130721481228846186e-03
2.131186892835582134e-03
2.131619223780439453e-03
2.131965931454028480e-03
2.132369369737105360e-03
2.132734459510252176e-03
2.132713589513134545e-03
2.132672452702045942e-03
2.132252805824347633e-03
2.131916017781766270e-03
2.131890038037488524e-03
2.131820568821618696e-03
2.131957696685271401e-03
2.132212502762873083e-03
2.132266854674454322e-03
2.132367094987256372e-03
2.132389391502308596e-03
2.132587020417265559e-03
2.132638560062963956e-03
2.132856962343206673e-03
2.132938625603862139e-03
2.133109189136756824e-03
2.133040224525475145e-03
2.132754635466440046e-03
2.132573376481077670e-03
2.133076864911284329e-03
2.133635839814692660e-03
2.133973963634487690e-03
2.134383462861075102e-03
2.134555588394187325e-03
2.134862987093576539e-03
2.135286865026334545e-03
2.135954982670318185e-03
2.136641290070209927e-03
2.137163636318364403e-03
2.137573597562192253e-03
2.138066025264985081e-03
2.138579066571179819e-03
2.139085905209917211e-03
2.139207214036876071e-03
2.139172400209590676e-03
2.138978238623745042e-03
2.138699730578417623e-03
2.138245378369556596e-03
2.137922816456775017e-03
2.137746487274703056e-03
2.137565311963393177e-03
2.137666901041753234e-03
2.137940998896142950e-03
2.138240870097311060e-03
2.138471532960714919e-03
2.138930218001446146e-03
2.139323796786047997e-03
2.139735060638020461e-03
2.139810933038534257e-03
2.140064931256367275e-03
2.140130843018895647e-03
2.139969594196559390e-03
2.139846111637293529e-03
2.139886774656425510e-03
2.140374857519616522e-03
2.140622608095631586e-03
2.140823380436133582e-03
2.141080132447929427e-03
2.141408802475142353e-03
2.141548073995353744e-03
2.141798934100094896e-03
2.142043242543017513e-03
2.142312291073116513e-03
2.142726467148831516e-03
2.143265925389430549e-03
2.143894320895096874e-03
2.144985881501213897e-03
2.145914843920816543e-03
2.146289628163153447e-03
2.146496004392250793e-03
2.146538655029014454e-03
2.146912204833534635e-03
2.147414680346796095e-03
2.147617033391537467e-03
2.147930450039065627e-03
2.148234891805678518e-03
2.148674088896975008e-03
2.149001854978840106e-03
2.149163609098812561e-03
2.149786744109477045e-03
2.150048240982965677e-03
2.150139148316322461e-03
2.150246832295762446e-03
2.150281706678796190e-03
2.150496084293584270e-03
2.150353731302131078e-03
2.150045552028548908e-03
2.149116843631624155e-03
2.148384072869603291e-03
2.147908582671332212e-03
2.147518572569380099e-03
2.146860683321464083e-03
2.146578611029273300e-03
2.146181029800784713e-03
2.145961966635649178e-03
2.146162262351584971e-03
2.146221643930346350e-03
2.146261780254974782e-03
2.146326537780374535e-03
2.146292287076167690e-03
2.146458355778798309e-03
2.146699573351553911e-03
2.146652052553841682e-03
2.146666652178668908e-03
2.146554752574029307e-03
2.146183206172819994e-03
2.145408082759123029e-03
2.144681605265040623e-03
2.143800435365881760e-03
2.143145537200283769e-03
2.142641639173608822e-03
2.142314330925264819e-03
2.142141135662151835e-03
2.142236469264283735e-03
2.142439280715862336e-03
2.142103856416144401e-03
2.142285193871829464e-03
2.142922606820026749e-03
2.143821431826444576e-03
2.144352165030441980e-03
2.144650149754041748e-03
2.144945577460287151e-03
2.145356296850734271e-03
2.145673622793306794e-03
2.145599350083772939e-03
2.145476603688032616e-03
2.145458368674938495e-03
2.145527521259433124e-03
2.145391390283237984e-03
2.145207253569003138e-03
2.144995356861668055e-03
2.144631471232812895e-03
2.144509364443236178e-03
2.144248146572652093e-03
2.144116567641401495e-03
2.143857912116137708e-03
2.143635770587605082e-03
2.143709801165689932e-03
2.143580094717863292e-03
2.143525073643267557e-03
2.143415952540596390e-03
2.143007205653967105e-03
2.143025273135370883e-03
2.142779091852468811e-03
2.142204430838067896e-03
2.141687025252467843e-03
2.141363643720660837e-03
2.141026665507721281e-03
2.140728628759607042e-03
2.140479293836729073e-03
2.140347072129799872e-03
2.140439059704189999e-03
2.140526115950495533e-03
2.140375042117244504e-03
2.140254482447657633e-03
2.140468151404616680e-03
2.140646956558473011e-03
2.140997603119368636e-03
2.141298855141900246e-03
2.141557340304508627e-03
2.141880434909094934e-03
2.141857303009693774e-03
2.141973403989164745e-03
2.142019205650672487e-03
2.142118662921379396e-03
2.142060361512872040e-03
2.141978508435635285e-03
2.141583458964482593e-03
2.140994001260085149e-03
2.140245643357404498e-03
2.139763655332041058e-03
2.139173575967530903e-03
2.138380725811726314e-03
2.137497902772450466e-03
2.136870328510619664e-03
2.136168929988280750e-03
2.135552053428686585e-03
2.134888715366319717e-03
2.134696387604510717e-03
2.134579269005403186e-03
2.134426170701325502e-03
2.134281027422467534e-03
2.134430825974607381e-03
2.134990738300512978e-03
2.135626437406835422e-03
2.136139138090419314e-03
2.136487165060448230e-03
2.136986415098981670e-03
2.137424529452818574e-03
2.137835429683536837e-03
2.137976616194698330e-03
2.138122479851645944e-03
2.138101721942830928e-03
2.138135910519171987e-03
2.138310387760003831e-03
2.138255339690964523e-03
2.138102892302178124e-03
2.137839956777038992e-03
2.137632891784828695e-03
2.137826468391041887e-03
2.137809080032670225e-03
2.137683162509900099e-03
2.137946723439356107e-03
2.138033481160104502e-03
2.137766186214832328e-03
2.137623412420476196e-03
2.137604423237985437e-03
2.138029988603379339e-03
2.138392106295277945e-03
2.138676250625549339e-03
2.138684967914612246e-03
2.138684196376223947e-03
2.138708632835394780e-03
2.138785934328185818e-03
2.138929354386456729e-03
2.139020819569216469e-03
2.139208573557271637e-03
2.139370419317285568e-03
2.139504353084527299e-03
2.139548768215145374e-03
2.139697101311153777e-03
2.139784170694052252e-03
2.140081359986241178e-03
2.140439627333528931e-03
2.140275837048718176e-03
2.140182463237698656e-03
2.139992948666931318e-03
2.139784563754889603e-03
2.139499521539264034e-03
2.139562337319220100e-03
2.139624124991174221e-03
2.139423591456403925e-03
2.139770308454150716e-03
2.140317657533271408e-03
2.140554957590297663e-03
2.140543217039628850e-03
2.140767992582063867e-03
2.140998550443579899e-03
2.141132860637100233e-03
2.141292114570697049e-03
2.141658895431202119e-03
2.141950691004459919e-03
2.142138264285977246e-03
2.142338239469432706e-03
2.142358320785832815e-03
2.142556897599206655e-03
2.142783226487245726e-03
2.143088620545636602e-03
2.143280136058771899e-03
2.143608845729033218e-03
2.143591348705538215e-03
2.143651695004260196e-03
2.143831261436039606e-03
2.144184697581819499e-03
2.144381672684358628e-03
2.144735329754361014e-03
2.145098032406240682e-03
2.145506859998986236e-03
2.146028704939323840e-03
2.146513191227331346e-03
2.147051676370307933e-03
2.147364201636540494e-03
2.147386251410067070e-03
2.147124590933763549e-03
2.146893384662603831e-03
2.146516669890921603e-03
2.146161330321198074e-03
2.145919460668027200e-03
2.145918047671050832e-03
2.145634424154504918e-03
2.145502933355504082e-03
2.146066799733595612e-03
2.146422456528560875e-03
2.146995240089257136e-03
2.147409210366542191e-03
2.147624301611206384e-03
2.148019095593070495e-03
2.148005806672578268e-03
2.147862035654015712e-03
2.147727789891870111e-03
2.147485069864773881e-03
2.147474260716161244e-03
2.146923727636402754e-03
2.146390293559843291e-03
2.146012691916603533e-03
2.145770426043337297e-03
2.145540814759751020e-03
2.145258551934801829e-03
2.145036703770909509e-03
2.144921564031101926e-03
2.144689269929671033e-03
2.144222323952131061e-03
2.143766668193731323e-03
2.143244625785755125e-03
2.142914924106092533e-03
2.142564938667176552e-03
2.142313612285958770e-03
2.141960483876051684e-03
2.141581284805982224e-03
2.141476666591540443e-03
2.141146316545659931e-03
2.140966325702250116e-03
2.140877557320423983e-03
2.140860120228440123e-03
2.140729622294055765e-03
2.140640200147706645e-03
2.140555155895740476e-03
2.140640603144048672e-03
2.140674257407211394e-03
2.140701131717119478e-03
2.140442782043624516e-03
2.140291368289967862e-03
2.140113167465823238e-03
2.139880635442269804e-03
2.139738854087450473e-03
2.139425418157659894e-03
2.138815191251810036e-03
2.138252074322436868e-03
2.137668801835253696e-03
2.137254829415914312e-03
2.136655732592140922e-03
2.135959125466790377e-03
2.135181426296679265e-03
2.134522908226973038e-03
2.134112787570097321e-03
2.134000257052771042e-03
2.133859360955466574e-03
2.134054513465427974e-03
2.133959603605033520e-03
2.134148789113359933e-03
2.134296720233909341e-03
2.134641558321444688e-03
2.134646748768665586e-03
2.134358281632395184e-03
2.133989700787661606e-03
2.133628463928284504e-03
2.133661011955876631e-03
2.133853761584908644e-03
2.133892680134443637e-03
2.133887693972438653e-03
2.133932204524026464e-03
2.133645405579562542e-03
2.133720566530033363e-03
2.133880593879333189e-03
2.134249751010417438e-03
2.134825382630527440e-03
2.135323216742140897e-03
2.135866820908731336e-03
2.136600325616848373e-03
2.137201206840842662e-03
2.137310875623440413e-03
2.137402462816555097e-03
2.137496742092387120e-03
2.137298355170367658e-03
2.136929644316117038e-03
2.136198019407025642e-03
2.135910776452214135e-03
2.135695434054427772e-03
2.135501500453234995e-03
2.135472928430717961e-03
2.135611997802994676e-03
2.135740020983227863e-03
2.136059001994761175e-03
2.135748127536453433e-03
2.135748949217689940e-03
2.135700051264453544e-03
2.135435536164687065e-03
2.135220507857678394e-03
2.134939473665405704e-03
2.134383665246776182e-03
2.133885976195641111e-03
2.133413492853613626e-03
2.133009141759076212e-03
2.133088464868493524e-03
2.133291751746267499e-03
2.133514282385630921e-03
2.133612716456816192e-03
2.133944288837182068e-03
2.134219079582225925e-03
2.134509821914322338e-03
2.134623274904717469e-03
2.134838689229222753e-03
2.134870417609772801e-03
2.135194810982325546e-03
2.135618971618558765e-03
2.135827072533396254e-03
2.135823463108468042e-03
2.135785052476199455e-03
2.135886218888093015e-03
2.135748027824275683e-03
2.135634247149274540e-03
2.135138421631167013e-03
2.134710252307887423e-03
2.134251882428685881e-03
2.133703683986640145e-03
2.133293121110014460e-03
2.132932084149113602e-03
2.132784754544696237e-03
2.132487635804396296e-03
2.132107727967967430e-03
2.131854231831571602e-03
2.131886543518497941e-03
2.131568376405043336e-03
2.131431890212513551e-03
2.131212293441191001e-03
2.130751940703925519e-03
2.129902917957108687e-03
2.129450402091813584e-03
2.128687191376808698e-03
2.127649070667415182e-03
2.126806728619534247e-03
2.126003620773100899e-03
2.125109595757528839e-03
2.124282556846483327e-03
2.123641287420863482e-03
2.123093214778528238e-03
2.122690591182269798e-03
2.122318178294960601e-03
2.121836268690071702e-03
2.121551786537163690e-03
2.121603497759605786e-03
2.122172086869175342e-03
2.122497896470528552e-03
2.122761414818582180e-03
2.122965468879617085e-03
2.122997636959488357e-03
2.123119597957170892e-03
2.123594816714722677e-03
2.123887474874406808e-03
2.124427651736132423e-03
2.124905193629916204e-03
2.125087054890301402e-03
2.125084298370484310e-03
2.124808238242641492e-03
2.124103417912552669e-03
2.123433738421183232e-03
2.122721056061834585e-03
2.122347485136445028e-03
2.121927405716512918e-03
2.121510452381254481e-03
2.121667744407186324e-03
2.121425583914049191e-03
2.121117954363245170e-03
2.120747819910711891e-03
2.120733526382259475e-03
2.120599518531306790e-03
2.120647250893427371e-03
2.120505817277102290e-03
2.120488211780833555e-03
2.120708620625747637e-03
2.120780639948427644e-03
2.120923548524648698e-03
2.121065329420691349e-03
2.120836499904633823e-03
2.120621481644207641e-03
2.120797133086589278e-03
2.120664569643646025e-03
2.120581341081538736e-03
2.120557704867522333e-03
2.120546433362597172e-03
2.120653989132810502e-03
2.120582477904942378e-03
2.120565164522377095e-03
2.120461113686965358e-03
2.120384980220648471e-03
2.120216273421557818e-03
2.120271911428385850e-03
2.120496668884233084e-03
2.120666940172028989e-03
2.120840239110109455e-03
2.121086536846277393e-03
2.121184811680315325e-03
2.121294385327224252e-03
2.121668499494156705e-03
2.122002016844472434e-03
2.122745376041429433e-03
2.123593863278166842e-03
2.124271222313178342e-03
2.124634330100661460e-03
2.124889906124337487e-03
2.124865138478938039e-03
2.124938167531347129e-03
2.125055095848385044e-03
2.125058075515561667e-03
2.125350127625707554e-03
2.125782275589668813e-03
2.126456942976526383e-03
2.127249220974554954e-03
2.128032949758371529e-03
2.128504507044756688e-03
2.129071506659445043e-03
2.129817136366475398e-03
2.130733384610613429e-03
2.131015825711860857e-03
2.131219681186308917e-03
2.131627186277024275e-03
2.131806323946740071e-03
2.131837391808415281e-03
2.131912142180339680e-03
2.131951083821563390e-03
2.132082499839302314e-03
2.132385687027958492e-03
2.132625601683394052e-03
2.132828174759865240e-03
2.133247337326575534e-03
2.133607430450216742e-03
2.134555854988240148e-03
2.135119870301093771e-03
2.135603848653876147e-03
2.136039312407943865e-03
2.136426750192864290e-03
2.136790952844283033e-03
2.137049480614573119e-03
2.137152343616211241e-03
2.137338584771161093e-03
2.137249402848677947e-03
2.137069041954706757e-03
2.136713026696643748e-03
2.136387289595429242e-03
2.136131291683871381e-03
2.136215629249199090e-03
2.136216381372364054e-03
2.136465978971609659e-03
2.136463092627284652e-03
2.136155626962232389e-03
2.136007229108904254e-03
2.135885381630929676e-03
2.135635243739972960e-03
2.135666564720191223e-03
2.135868091619127183e-03
2.136064506517366696e-03
2.136134094925210090e-03
2.136193864468173467e-03
2.136463584068901220e-03
2.136677221032894265e-03
2.136720184859895559e-03
2.136817141602864040e-03
2.136856896208848364e-03
2.136627862678892615e-03
2.136549346474502040e-03
2.136036347227760444e-03
2.135671891869860093e-03
2.135676237665708275e-03
2.135652212056186883e-03
2.135697684466000140e-03
2.135445867502435476e-03
2.135575382950746434e-03
2.135974908840976121e-03
2.136768883308971367e-03
2.137758641223451959e-03
2.138496105975840663e-03
2.139076984640016828e-03
2.139443873312497392e-03
2.140042854098709712e-03
2.140798772445035199e-03
2.141325584193840784e-03
2.141825055373060283e-03
2.142579503719090235e-03
2.143226543362212241e-03
2.143561313998620065e-03
2.143825506185994406e-03
2.144175640566824744e-03
2.144498647421725929e-03
2.144731442915697589e-03
2.145018444872519303e-03
2.145133960733935571e-03
2.145394298404125748e-03
2.145789673518293597e-03
2.146279911221965139e-03
2.146586721307431559e-03
2.146950737040105497e-03
2.147441252732552267e-03
2.147937322998173283e-03
2.148155241583201910e-03
2.147891913335794444e-03
2.147512863339835678e-03
2.147554130415808230e-03
2.147434477906809327e-03
2.147330683469101439e-03
2.147104375725171835e-03
2.146532914962340308e-03
2.145932891218454638e-03
2.145330195124003306e-03
2.144913968325531332e-03
2.144290195583774955e-03
2.143656155578547301e-03
2.143081981072498220e-03
2.142496491086572693e-03
2.142402073958126364e-03
2.142130444497597919e-03
2.141698246721281465e-03
2.141148608672311174e-03
2.140568417772321323e-03
2.140012340693268032e-03
2.139298927054192941e-03
2.138632994232705399e-03
2.137959308058985045e-03
2.137627643435954274e-03
2.137381521877795149e-03
2.137261550746052605e-03
2.137171268301491477e-03
2.137184171111217081e-03
2.137275524760144305e-03
2.137610740187604209e-03
2.138012028092967521e-03
2.138312854847049336e-03
2.138250720530573534e-03
2.138067265091915872e-03
2.137698069447219618e-03
2.137392372439747557e-03
2.137259462943973381e-03
2.137431830790993692e-03
2.137699330598649000e-03
2.137824789571598182e-03
2.138097489024791843e-03
2.138417098638698000e-03
2.138558584303316273e-03
2.138969974031867862e-03
2.139346094553984737e-03
2.139820931977819314e-03
2.140557929636137564e-03
2.141299846609269388e-03
2.142086454581570813e-03
2.142678200720678217e-03
2.143359829930492882e-03
2.143716302833197692e-03
2.143914384771372118e-03
2.144099355135623605e-03
2.143935584924265732e-03
2.143805413061956096e-03
2.143639890293598527e-03
2.143509924150026509e-03
2.143075999198905401e-03
2.142652979428509314e-03
2.142182805607537564e-03
2.142109597874952351e-03
2.142053531461757948e-03
2.142089822723460771e-03
2.142046558234514918e-03
2.142091800684246816e-03
2.142081002635715971e-03
2.141843461313070688e-03
2.141226202627851544e-03
2.140808218728920513e-03
2.140251704980110879e-03
2.139955511686061820e-03
2.139407558985295839e-03
2.138646631832874338e-03
2.137938174441033051e-03
2.137224444891452739e-03
2.136468351864245514e-03
2.135813259047684206e-03
2.135042283868331375e-03
2.134104034505073227e-03
2.133681103730198595e-03
2.133234044688759549e-03
2.132848959428654701e-03
2.132716786464762017e-03
2.132598169082809691e-03
2.132905892630103991e-03
2.133468519865239742e-03
2.134047481716127518e-03
2.134105406549605469e-03
2.134309046495411286e-03
2.134634549742839629e-03
2.134698744475010696e-03
2.135117516969713743e-03
2.135835849651260797e-03
2.136382671042239608e-03
2.136733972809402513e-03
2.136967977028954302e-03
2.137099346186132655e-03
2.137201659874514437e-03
2.136993577561605104e-03
2.137166476404801264e-03
2.137159983637843506e-03
2.137110142826236306e-03
2.136701891185051067e-03
2.136414053704841897e-03
2.136129752545266186e-03
2.136026451924412026e-03
2.135865022256184121e-03
2.135667452318709778e-03
2.135614326982217866e-03
2.135432260994889371e-03
2.135268961501670011e-03
2.135041030258937132e-03
2.134925209920263654e-03
2.134983794231587202e-03
2.135006956880944329e-03
2.134892216673565154e-03
2.135093827906994930e-03
2.135299993960931147e-03
2.135257045456028912e-03
2.135270952107953552e-03
2.135261587859098482e-03
