3.938089569531641118e-03
3.938089569531641118e-03
4.048160581467155975e-03
4.119342334065244880e-03
4.389689564808636930e-03
4.530417380071789270e-03
4.775710977385948935e-03
5.064408925238159803e-03
5.425953666883935080e-03
5.832183025616870936e-03
6.551143802095434933e-03
7.317551550425042614e-03
8.070025284598570173e-03
8.733367746608350357e-03
9.774050150125845188e-03
1.109124200917608986e-02
1.223998490569852722e-02
1.295233772195967907e-02
1.347226707211487615e-02
1.448542873135173770e-02
1.549935986532895507e-02
1.633103457769641623e-02
1.715274537253198145e-02
1.824881066375778557e-02
1.921665224557807250e-02
2.037164718367856855e-02
2.153565437972601929e-02
2.246359340420563816e-02
2.326644395705641799e-02
2.421381587040586161e-02
2.538042856805990816e-02
2.682075345536292371e-02
2.809325081688441791e-02
2.884993095320882370e-02
2.951725510663079366e-02
3.014153922376489395e-02
3.094193867200183481e-02
3.165202176208469637e-02
3.215875973736040394e-02
3.287499329113213742e-02
3.399174946698738098e-02
3.488304325458990718e-02
3.571685884850270276e-02
3.661422462176124742e-02
3.726712696689577636e-02
3.786182460065658228e-02
3.870692057047293855e-02
3.981727834739155064e-02
4.086751285606501916e-02
4.199485644063057771e-02
4.292059632171037892e-02
4.357952199481127109e-02
4.462617327284904012e-02
4.547986888872103395e-02
4.607223796865586585e-02
4.686863190888169994e-02
4.752545033554278486e-02
4.799020256838505694e-02
4.871079426516166516e-02
4.923520504380421436e-02
4.968913917200890040e-02
5.059061018155627809e-02
5.096539555526002213e-02
5.116046990404380518e-02
5.149939827123414110e-02
5.212316812101615293e-02
5.264574759614281535e-02
5.268349050197741051e-02
5.305521349364787642e-02
5.364435489731056439e-02
5.436617348249341702e-02
5.495579559437731298e-02
5.497367556482859324e-02
5.519960221108968085e-02
5.575260181026279321e-02
5.609473963917877004e-02
5.631558655272390912e-02
5.624857971932455125e-02
5.662587651118493326e-02
5.717545589608938328e-02
5.741874257961403910e-02
5.756848092294334501e-02
5.777916085060968987e-02
5.795832186659140989e-02
5.831085348271781293e-02
5.824200093336667772e-02
5.781277883150497121e-02
5.791421876049110407e-02
5.819178490444897045e-02
5.811224493481999959e-02
5.805143172098437693e-02
5.827535382909958261e-02
