3.945394954300631210e-03
3.945394954300631210e-03
3.927976396794455489e-03
3.916775552426541088e-03
3.900388984647199138e-03
3.886840659974958277e-03
3.875886487684427825e-03
3.866040750262402827e-03
3.857514328329037824e-03
3.847465628911150588e-03
3.837193150604498084e-03
3.827801650097049577e-03
3.818243422086462814e-03
3.808418577725833365e-03
3.799882743875098324e-03
3.792043073626371209e-03
3.784121321347243185e-03
3.776660264623640968e-03
3.769087886667884905e-03
3.760456067223623498e-03
3.752583120829749291e-03
3.745339819600032680e-03
3.736594620668476450e-03
3.727685259277089928e-03
3.719572033883518369e-03
3.711269246468776924e-03
3.702687130272739723e-03
3.694214362359909791e-03
3.686025764829790972e-03
3.677766340157149691e-03
3.669748641520134344e-03
3.662209325622208488e-03
3.654352466105175324e-03
3.646320093387216566e-03
3.638293361372946667e-03
3.630271893269412017e-03
3.622270523870888860e-03
3.615420974681682418e-03
3.608910117462217799e-03
3.601779599847709963e-03
3.594559860445751751e-03
3.587641097528345997e-03
3.580405032993891519e-03
3.573098887649167957e-03
3.566025652206280747e-03
3.559407482318257491e-03
3.552304734842081334e-03
3.544997595409392615e-03
3.538151108857953264e-03
3.531725454109243580e-03
3.525035026339235628e-03
3.518156348846822237e-03
3.511528477897804534e-03
3.504675034991602562e-03
3.497529466391062145e-03
3.490884262537713011e-03
3.484733154141074311e-03
3.478161425914921400e-03
3.471263917378805772e-03
3.465020684572931407e-03
3.458953893394350106e-03
3.452406769121916640e-03
3.445820743723244928e-03
3.439378848255675650e-03
3.433288115206043108e-03
3.427722964882607207e-03
3.421891840517486596e-03
3.415388570813806916e-03
3.408401427755095373e-03
3.401863501832466836e-03
3.395749769306707303e-03
3.389255102722350029e-03
3.382644249810619428e-03
3.376436711894899821e-03
3.370321158400994051e-03
3.363980963193473686e-03
3.357686625670510978e-03
3.351799824522460648e-03
3.346594210728753935e-03
3.341057198974146328e-03
3.335039486337243626e-03
3.328714892414455246e-03
3.322782141561663252e-03
3.316746055293044639e-03
3.310608209205143700e-03
3.304693463179121833e-03
3.299371576644341813e-03
3.293638477265123463e-03
3.287783795622577655e-03
3.281686396819907901e-03
3.275252451777174896e-03
3.269182895865897342e-03
3.263335153385756807e-03
3.257309842513349783e-03
3.251610840790736343e-03
3.246140430100269425e-03
3.240545958361362982e-03
3.234626502536632527e-03
3.229070467895132045e-03
3.223767151577472140e-03
3.218314935992513427e-03
3.212702538855388701e-03
3.206914526461666307e-03
3.201518681114124722e-03
3.196257237230451086e-03
3.190445840651043655e-03
3.184220953432822902e-03
3.178076657473325080e-03
3.172068015159161362e-03
3.166417667958742934e-03
3.160897519854046715e-03
3.155107028438483216e-03
3.149513569165545476e-03
3.144488263758882327e-03
3.139655151585223417e-03
3.134179929284246300e-03
3.128402480542089373e-03
3.122753260979982230e-03
3.117332831295986911e-03
3.112137910072457995e-03
3.107202558486999149e-03
3.102235037650380271e-03
3.096865343160190229e-03
3.090906197435018023e-03
3.084861933093568931e-03
3.079147322267441426e-03
3.073966631150060625e-03
3.068556224420473152e-03
3.063024134265634763e-03
3.057264817233990625e-03
3.052031776641646581e-03
3.047185822938343336e-03
3.042333398196532101e-03
3.037071440237531020e-03
3.031629793754075583e-03
3.026342218795921059e-03
3.021223796447757536e-03
3.016257683702339154e-03
3.011374100424020050e-03
3.006338207679901814e-03
3.001125424227723149e-03
2.995813154744213919e-03
2.990218851414511592e-03
2.985081819429824014e-03
2.980353193021911644e-03
2.975618656173432616e-03
2.970899177520494334e-03
2.965907531869707396e-03
2.960904343022533435e-03
2.955966632209192525e-03
2.951099613930383524e-03
2.945900936091946573e-03
2.941090824850124772e-03
2.936292457589803791e-03
2.931658261902432214e-03
2.927069975430363243e-03
2.922324705726073949e-03
2.917393830921492966e-03
2.911843600036784479e-03
2.906143219391949840e-03
2.901083683547507706e-03
2.896491711534829490e-03
2.891664697857712976e-03
2.886512108809932784e-03
2.881336178237243507e-03
2.876375055773333026e-03
2.871267185559554964e-03
2.865796956911171710e-03
2.860738993270408020e-03
2.855884921601784844e-03
2.851217165863360013e-03
2.846627148613128759e-03
2.841994091600850633e-03
2.837157648229433980e-03
2.832287335180385789e-03
2.827348797883394264e-03
2.822630464747414615e-03
2.817938630945995403e-03
2.813526870155401514e-03
2.809015266387209376e-03
2.804493840610165160e-03
2.800216306741318013e-03
2.796111419659633428e-03
2.791678152213707045e-03
2.787221755513620731e-03
2.783019052735309900e-03
2.778964004763993540e-03
2.774764235923710132e-03
2.770510531249839592e-03
2.766511421428030203e-03
2.762349002862713853e-03
2.758122624756498276e-03
2.753743846022214427e-03
2.749124474014545422e-03
2.744574471482703198e-03
2.739856957533257260e-03
2.735316144268419049e-03
2.730994304303024228e-03
2.726813965316358772e-03
2.722888030042385811e-03
2.718900490148900423e-03
2.714762572264388992e-03
2.710457885805696472e-03
2.706140687218876097e-03
2.702043483880983352e-03
2.698048854382027132e-03
2.693897587545592692e-03
2.689892510663377621e-03
2.685708312751944327e-03
2.682009738095343914e-03
2.678268307078532015e-03
2.674246990298426076e-03
2.670160781201150191e-03
2.666453302923641518e-03
2.663032504180932319e-03
2.659392265294132588e-03
2.655361196961153296e-03
2.651545055811954828e-03
2.647714970231449232e-03
2.643860353556067716e-03
2.640052134195232554e-03
2.636325221246669983e-03
2.632349119474114169e-03
2.628118564259176743e-03
2.623977487297821879e-03
2.619843519046893311e-03
2.615808690119644439e-03
2.611761154052723907e-03
2.607944933686958539e-03
2.604305576401348861e-03
2.600562021925374983e-03
2.596696443836410233e-03
2.592992384016903473e-03
2.589233259378660289e-03
2.585437488247447572e-03
2.581617166147904055e-03
2.577732348059338409e-03
2.573768448145239383e-03
2.569835423655717193e-03
2.566028593219940330e-03
2.562257510876090206e-03
2.558333921976612985e-03
2.554384939716275969e-03
2.550484744959346812e-03
2.546866234919684460e-03
2.543369841958039931e-03
2.539579517297193504e-03
2.535414375654825546e-03
2.531430025716287918e-03
2.527773792157432618e-03
2.523992744120443724e-03
2.519982319557019772e-03
2.515732728196443807e-03
2.511699539721275534e-03
2.508025184497348053e-03
2.504572416706219926e-03
2.501307860282600722e-03
2.497990497802510430e-03
2.494525223656558158e-03
2.491048571334864882e-03
2.487596322644038561e-03
2.484053979332291433e-03
2.480512522800040059e-03
2.477202122270214749e-03
2.474101482203976219e-03
2.471194900454222812e-03
2.468245697207401609e-03
2.465334415631173590e-03
2.462203812997867426e-03
2.459045320679171132e-03
2.455960620995093109e-03
2.452702553757048643e-03
2.449384887542427336e-03
2.446014818444190286e-03
2.442701155170213731e-03
2.439332965718988069e-03
2.435822691681862207e-03
2.432352903460882100e-03
2.428923812277869031e-03
2.425629543050348072e-03
2.422345330813381690e-03
2.418628357022549902e-03
2.414847749605708149e-03
2.411145244756818934e-03
2.407600624263465765e-03
2.404359586205326044e-03
2.401027506316749834e-03
2.397758504826630853e-03
2.394683737616175485e-03
2.391493435556618294e-03
2.388097257442930738e-03
2.384702717368554579e-03
2.381343010966666118e-03
2.377994563756333744e-03
2.374508970173130201e-03
2.370928710011818014e-03
2.367486380871947505e-03
2.364269467588829641e-03
2.361138450807555387e-03
2.358159181757889852e-03
2.355086634124805775e-03
2.352069678341734815e-03
2.349104118021751522e-03
2.345995849727498025e-03
2.343084828139565656e-03
2.340395265779654250e-03
2.337953629900589841e-03
2.335383651715961916e-03
2.332968499286646250e-03
2.330388979800554570e-03
2.327536494959852459e-03
2.324583851022153213e-03
2.321724062509594125e-03
2.319046539510697356e-03
2.316617852810723931e-03
2.313937503484585038e-03
2.311152500527660896e-03
2.308075551256626862e-03
2.305031488438774590e-03
2.302119133745260133e-03
2.299332583814693055e-03
2.296515663615733387e-03
2.293531518137580712e-03
2.290415402500586752e-03
2.287343261991568906e-03
2.284426685523534197e-03
2.281433100445694976e-03
2.278406345314496796e-03
2.275491350023016359e-03
2.272420691098649918e-03
2.269202626061239854e-03
2.266122938460350417e-03
2.263177223211833029e-03
2.260747558301936383e-03
2.258569886075389912e-03
2.256162390166379598e-03
2.253438741374008594e-03
2.250449997798145609e-03
2.247711371437751109e-03
2.245272004138454316e-03
2.242884967118111833e-03
2.240322837170444833e-03
2.237665349834878740e-03
2.234801064321203547e-03
2.231945135756300234e-03
2.229231494162577099e-03
2.226851079659320984e-03
2.224381483135557704e-03
2.221987895704725154e-03
2.219297343480270551e-03
2.216292819837599199e-03
2.213289860900740681e-03
2.210530870427481875e-03
2.208125329193759510e-03
2.206021661687179291e-03
2.203818625934441180e-03
2.201290665707565739e-03
2.198434292823285129e-03
2.195739030841423536e-03
2.193047250322245189e-03
2.190474581485545892e-03
2.187955947791462175e-03
2.185363537541687006e-03
2.182533401028623893e-03
2.179647792845688242e-03
2.176748885444748823e-03
2.173945405044279411e-03
2.171041158948741178e-03
2.167992860887547110e-03
2.165140011008694684e-03
2.162489957109177147e-03
2.160075757408548222e-03
2.157357635267864292e-03
2.154533053803808773e-03
2.151945977543221443e-03
2.149339118622503424e-03
2.146699016391317733e-03
2.144008830341795520e-03
2.141318062461819698e-03
2.138644327245167037e-03
2.136261869825167598e-03
2.133957866199037105e-03
2.131800171908357876e-03
2.129392217478960538e-03
2.127127193436469457e-03
2.124619498787446142e-03
2.122102883991633642e-03
2.119824586927313795e-03
2.117648777583617907e-03
2.115533985132033844e-03
2.113359345156725667e-03
2.111132853336110046e-03
2.108530439896926130e-03
2.105955304036853486e-03
2.103497731879564077e-03
2.101102800086282908e-03
2.098830232137943730e-03
2.096575617085886991e-03
2.094342519073176274e-03
2.092387701441236932e-03
2.089876222292003007e-03
2.087548286598563292e-03
2.085287400305653981e-03
2.083173870080561648e-03
2.080945284857675052e-03
2.078720589282280137e-03
2.076711369353090829e-03
2.074681097327525040e-03
2.072693844447027513e-03
2.070677600799198086e-03
2.068497018262314708e-03
2.066296625168032811e-03
2.064133523995650369e-03
2.062150920484011069e-03
2.060227082034033191e-03
2.058229477006083899e-03
2.056280967699861822e-03
2.054338339188056285e-03
2.052508447858834417e-03
2.050434640701121781e-03
2.048578383698162770e-03
2.046721082832699944e-03
2.044805265934185930e-03
2.042636189917666680e-03
2.040545707323805809e-03
2.038376639122364570e-03
2.036190272081049753e-03
2.033997114759840581e-03
2.031808472480576330e-03
2.029501535964479356e-03
2.027299626899542895e-03
2.025057425770065284e-03
2.023018203721079628e-03
2.021011446919929091e-03
2.019115830003613728e-03
2.017242160905884357e-03
2.015268829513502339e-03
2.013189809620183693e-03
2.011034150491813974e-03
2.008973938006397217e-03
2.006976073334287586e-03
2.004930802356548643e-03
2.002748710022584071e-03
2.000532305588145245e-03
1.998158171771671418e-03
1.995842333446903611e-03
1.993842305079878904e-03
1.991847720661348454e-03
1.989855867838302532e-03
1.987708467937936586e-03
1.985583504939279591e-03
1.983537086948749043e-03
1.981549908483033577e-03
1.979763645358660878e-03
1.977854382178026015e-03
1.975841418841696884e-03
1.973869054418035240e-03
1.971850716256899529e-03
1.969772642544080285e-03
1.967626720421259637e-03
1.965595978654731575e-03
1.963695599932865216e-03
1.961822546753323824e-03
1.959948824872461120e-03
1.958083161421579014e-03
1.956115928505610096e-03
1.954157551265051172e-03
1.952266458086808531e-03
1.950370606106949884e-03
1.948418873827300821e-03
1.946347799103579062e-03
1.944257347673796019e-03
1.942256832927517166e-03
1.940128057459344305e-03
1.938053273591944150e-03
1.936045312059661919e-03
1.934313822143331500e-03
1.932635121365758411e-03
1.930959553851820413e-03
1.929148589266089803e-03
1.927268085562149590e-03
1.925392739262467160e-03
1.923556909135335901e-03
1.921776952890803629e-03
1.919963240438446071e-03
1.918149104157163432e-03
1.916457578380424383e-03
1.914697509625334698e-03
1.913185936046426106e-03
1.911789961426967445e-03
1.910258546969181501e-03
1.908926166541975115e-03
1.907508128369025295e-03
1.905839026047038108e-03
1.904297724273427798e-03
1.902691730848698592e-03
1.901112545935142954e-03
1.899435857243326770e-03
1.897635167212093727e-03
1.895800255541111928e-03
1.893881133137895710e-03
1.891948609510920318e-03
1.890037276841971883e-03
1.888104767236369313e-03
1.886326702985330990e-03
1.884515706672941536e-03
1.882723892032997807e-03
1.880851879323742299e-03
1.878835928166726343e-03
1.877004949330302562e-03
1.875222329264407579e-03
1.873669504185496637e-03
1.872104977150176397e-03
1.870381155994505894e-03
1.868407287782756273e-03
1.866506223405920047e-03
1.864633873628453306e-03
1.862817756486530004e-03
1.861037658162700403e-03
1.859336308827504213e-03
1.857326500749173753e-03
1.855283264113347184e-03
1.853379821746650594e-03
1.851536954563027994e-03
1.849882374699718043e-03
1.848331225557775298e-03
1.846628250485746409e-03
1.844876229523554961e-03
1.843255871709954677e-03
1.841769222502039624e-03
1.840397796308225432e-03
1.838955601486624803e-03
1.837440832521966593e-03
1.835921187226462973e-03
1.834350949132506096e-03
1.832946624950702527e-03
1.831499998121376887e-03
1.830196136615763270e-03
1.828704263247932140e-03
1.827151201389229460e-03
1.825551561764927671e-03
1.823989493851804538e-03
1.822409517950663574e-03
1.820893845383905751e-03
1.819429083434011664e-03
1.817958975078336377e-03
1.816482421612408520e-03
1.815171115294171968e-03
1.813988310569826035e-03
1.812680659791503224e-03
1.811288396466441365e-03
1.810035669138473783e-03
1.808571524816972352e-03
1.807271883645535050e-03
1.805926856295431929e-03
1.804707589355226960e-03
1.803392258816391078e-03
1.801996541259334597e-03
1.800587823587483562e-03
1.799061918811082576e-03
1.797640258592893498e-03
1.796274702136989440e-03
1.794944811794849581e-03
1.793745667496049120e-03
1.792314407815431311e-03
1.790997801652162305e-03
1.789703690794830103e-03
1.788331598575509896e-03
1.786850157171743702e-03
1.785447149542640543e-03
1.784114457328507151e-03
1.782756968280858846e-03
1.781450014046962989e-03
1.780236812314090703e-03
1.778825865860926732e-03
1.777294028262934103e-03
1.775581886068976906e-03
1.773921931680910074e-03
1.772233140182812201e-03
1.770556510430305180e-03
1.768999094548513598e-03
1.767483913107038796e-03
1.766098739260576599e-03
1.764658742946399175e-03
1.763033480693633991e-03
1.761572801821801757e-03
1.760157952376171023e-03
1.758760908185590154e-03
1.757547822962982629e-03
1.756288696267387008e-03
1.754943163955018310e-03
1.753604470657172060e-03
1.752207642697073929e-03
1.750923783314551826e-03
1.749621951019152783e-03
1.748393010859970471e-03
1.747138155015806474e-03
1.745754891669033283e-03
1.744331189488842592e-03
1.742783798624431479e-03
1.741428044831346044e-03
1.740039736941526331e-03
1.738797134820355226e-03
1.737655746854921716e-03
1.736395721960371863e-03
1.735186077609368908e-03
1.734002577804052330e-03
1.732716906263154178e-03
1.731369003604970886e-03
1.730054541172065460e-03
1.728746550636518992e-03
1.727560342130616752e-03
1.726396276725056982e-03
1.725247058692812394e-03
1.724078117523516942e-03
1.722877079800375771e-03
1.721662588012744721e-03
1.720546153521747930e-03
1.719417436896503778e-03
1.718217475723403127e-03
1.717046766722456208e-03
1.715626602682847248e-03
1.714281110725561106e-03
1.712920580294503142e-03
1.711486654526491943e-03
1.710114088548471932e-03
1.708662990379114337e-03
1.707357700031270640e-03
1.705791779334806879e-03
1.704053974710345067e-03
1.702423811147010021e-03
1.701076106832656153e-03
1.699833249315141001e-03
1.698692913330219741e-03
1.697608637324518220e-03
1.696556319265216150e-03
1.695558965652285135e-03
1.694667926452671268e-03
1.693653232586550105e-03
1.692603336163217044e-03
1.691593571556180989e-03
1.690568505451176071e-03
1.689639765183107139e-03
1.688580318885097003e-03
1.687638727825752777e-03
1.686501626621196527e-03
1.685286575492653130e-03
1.683957857442932009e-03
1.682514028128964190e-03
1.681224855795092820e-03
1.679837289509997136e-03
1.678604634515973174e-03
1.677379766266400918e-03
1.676062585127403642e-03
1.674745056816694631e-03
1.673567630510237273e-03
1.672307780779526800e-03
1.671180911569403920e-03
1.670061538385866299e-03
1.668855643233026209e-03
1.667622030562320150e-03
1.666526156966589237e-03
1.665400842811058831e-03
1.664428604688718933e-03
1.663327639350126695e-03
1.662274757092436529e-03
1.661141214135694946e-03
1.660143205506895781e-03
1.659007035524751646e-03
1.657947802040077474e-03
1.656786855861072270e-03
1.655596172833666930e-03
1.654490820689022597e-03
1.653366604917634944e-03
1.652211410448766989e-03
1.651089428923954196e-03
1.650058093054152311e-03
1.648874469510304159e-03
1.647786244963252633e-03
1.646667804940623800e-03
1.645526673126684186e-03
1.644354785221950827e-03
1.643027584446947681e-03
1.641792328529045972e-03
1.640525255375095736e-03
1.639354311429808359e-03
1.638259033323323467e-03
1.637230014150559566e-03
1.636171497944335137e-03
1.635179031907659951e-03
1.634237562279336996e-03
1.633036301754561695e-03
1.632022332904785019e-03
1.631149687873999655e-03
1.630401244215448717e-03
1.629563358057787518e-03
1.628606664299275201e-03
1.627601926569081882e-03
1.626398132177052759e-03
1.625190816615535491e-03
1.623960814953568201e-03
1.622714687962547968e-03
1.621610074817998260e-03
1.620424523199047104e-03
1.619340798407845191e-03
1.618388386956644146e-03
1.617293300148915387e-03
1.616534172457104353e-03
1.615766053029822104e-03
1.614936473137446949e-03
1.613967754112228615e-03
1.612930587680667200e-03
1.611871370061495300e-03
1.610923132670014080e-03
1.610121562280938771e-03
1.609359223081573706e-03
1.608542800832341328e-03
1.607784568363529541e-03
1.606946915685816607e-03
1.606004857839607794e-03
1.605159763286818182e-03
1.604253817729187894e-03
1.603484726193838208e-03
1.602775564494681977e-03
1.601978143515603694e-03
1.601111284149663331e-03
1.600210241578290922e-03
1.599177403546540822e-03
1.598178196718846953e-03
1.597118218575498865e-03
1.596269307649016925e-03
1.595429439739250426e-03
1.594713153693228707e-03
1.593905743299131941e-03
1.593116828565695545e-03
1.592183174610880495e-03
1.591197608635121392e-03
1.590261402021849119e-03
1.589319995131735540e-03
1.588534690100280476e-03
1.587750940494030280e-03
1.586900385552240337e-03
1.585973412659766237e-03
1.584915889596108258e-03
1.583891159398030614e-03
1.582760900975440851e-03
1.581644524720102543e-03
1.580593437220633758e-03
1.579452477571817448e-03
1.578543691856172573e-03
1.577674756133322451e-03
1.576736449218378881e-03
1.575942229714880462e-03
1.575234148175337894e-03
1.574422325373996644e-03
1.573547134199517394e-03
1.572787948717469138e-03
1.571955938706815501e-03
1.571087850414605146e-03
1.570205393005555698e-03
1.569439645585063003e-03
1.568731270560199103e-03
1.568060751095030165e-03
1.567336579176395331e-03
1.566603163461075150e-03
1.565901282804786068e-03
1.565079804028706063e-03
1.564387275767066283e-03
1.563601428574963679e-03
1.562796278355195641e-03
1.562054503258719640e-03
1.561295887326083140e-03
1.560461813580572019e-03
1.559719790341964393e-03
1.558834812724633296e-03
1.557935692546050114e-03
1.557132882737540533e-03
1.556317678782109283e-03
1.555530979351008123e-03
1.555001125609875665e-03
1.554507270667131614e-03
1.553996817831645267e-03
1.553551420131760131e-03
1.552943435081075322e-03
1.552253437447095657e-03
1.551655805961169423e-03
1.551003166830873569e-03
1.550304939788361676e-03
1.549624964652898240e-03
1.548719168172399234e-03
1.547759311988950413e-03
1.546832742780503058e-03
1.546036106315691475e-03
1.545117856420496084e-03
1.544173903226227782e-03
1.543482752004943876e-03
1.542674448915703827e-03
1.542039059224341617e-03
1.541300223332643183e-03
1.540534978185966342e-03
1.539781373845287024e-03
1.539062450941755837e-03
1.538114624579372310e-03
1.537213403649307503e-03
1.536425817759227855e-03
1.535579981993190346e-03
1.534636432747411936e-03
1.533710558001579165e-03
1.532876636354169302e-03
1.532081527604057473e-03
1.531349466410327018e-03
1.530632620079218527e-03
1.529852483786539423e-03
1.529160778766035927e-03
1.528435254805725211e-03
1.527654523214603405e-03
1.526959969626332176e-03
1.526215328896495796e-03
1.525582379892984194e-03
1.524850122583649515e-03
1.524090048820644873e-03
1.523267281006605162e-03
1.522542196478370241e-03
1.521876285732491618e-03
1.520994450928660636e-03
1.520236956190159283e-03
1.519478755485626203e-03
1.518810052222432320e-03
1.518059611997194663e-03
1.517356340299947162e-03
1.516552630869440459e-03
1.515637781897883262e-03
1.514643338098664712e-03
1.513677988034793902e-03
1.512758878540105796e-03
1.511936954054373663e-03
1.511129129214748871e-03
1.510411079240169896e-03
1.509675801765544183e-03
1.509078881418863096e-03
1.508386479431744753e-03
1.507758544754045360e-03
1.507123861339094420e-03
1.506348425394537756e-03
1.505560414097606870e-03
1.504919595513604319e-03
1.504134621510874303e-03
1.503431728793930321e-03
1.502826482719547135e-03
1.502002349918464324e-03
1.501355352145025820e-03
1.500662373569632739e-03
1.499943915345078489e-03
1.499241587808554550e-03
1.498457270660043120e-03
1.497799471207978414e-03
1.497105645535297402e-03
1.496409686606698340e-03
1.495747953133552081e-03
1.495243435036644345e-03
1.494769066734108216e-03
1.494334724369873919e-03
1.494116416546982865e-03
1.493690234275277121e-03
1.493312940566546201e-03
1.492814172016747494e-03
1.492518478422950315e-03
1.492009856960245257e-03
1.491587520331861313e-03
1.491113331703186693e-03
1.490625476346143282e-03
1.490108943568460966e-03
1.489539884993731520e-03
1.489018632863076119e-03
1.488588500779757613e-03
1.487933639514568132e-03
1.487203474574570923e-03
1.486357821811966568e-03
1.485571055451228228e-03
1.484795789524808070e-03
1.484137881921482631e-03
1.483536273425387509e-03
1.482974527289173013e-03
1.482476777757545583e-03
1.481975321829018906e-03
1.481388563709376202e-03
1.480844065724901040e-03
1.480236496810552124e-03
1.479786850728780469e-03
1.479186302023086617e-03
1.478555381938670464e-03
1.478023603633975237e-03
1.477281396758883987e-03
1.476662223411285028e-03
1.476119200147114723e-03
1.475532767591987903e-03
1.474988757078572786e-03
1.474421564135157056e-03
1.473841918132014466e-03
1.473345472049298775e-03
1.472686301974708003e-03
1.472226867205059589e-03
1.471840085293820485e-03
1.471480169271506154e-03
1.471247115143284627e-03
1.471080200068434086e-03
1.470931991615895057e-03
1.470611488463057902e-03
1.470355157143408975e-03
1.470089465091929974e-03
1.469859473760981193e-03
1.469598820411517279e-03
1.469330599630527118e-03
1.468982498294838087e-03
1.468519849402290852e-03
1.468010274107243909e-03
1.467463792808802129e-03
1.466729482169734210e-03
1.466083340145599590e-03
1.465500717371431578e-03
1.464766068035933816e-03
1.464145561811294348e-03
1.463522966105344466e-03
1.463040932137562970e-03
1.462644191828389468e-03
1.462114853382249233e-03
1.461586273174294561e-03
1.460917271541487808e-03
1.460229407428894613e-03
1.459628845994170475e-03
1.459112608820312129e-03
1.458452801749089050e-03
1.457929534996521429e-03
1.457387765484724745e-03
1.456896873039860082e-03
1.456382646818454255e-03
1.455974631877382302e-03
1.455466480142081787e-03
1.455012765901515272e-03
1.454313543517970044e-03
1.453727729155387689e-03
1.453101284344300971e-03
1.452499099354421499e-03
1.451882440103224522e-03
1.451314506001404395e-03
1.450638115487172313e-03
1.450087110139382284e-03
1.449409614676826609e-03
1.448780194792149631e-03
1.448158588743494665e-03
1.447577108925333835e-03
1.447119616165129302e-03
1.446459558652212363e-03
1.446089818450412706e-03
1.445677083527794737e-03
1.445287721175030245e-03
1.444906705503033739e-03
1.444545272683554109e-03
1.444271074485431938e-03
1.443876813774335865e-03
1.443621696796940426e-03
1.443239903547093505e-03
1.442888370898390803e-03
1.442465299138662605e-03
1.441974212797761563e-03
1.441464119927744324e-03
1.440933089362050456e-03
1.440448944646701129e-03
1.439741423961833763e-03
1.439137676252648552e-03
1.438470726380212559e-03
1.437695030996084941e-03
1.436925912471059353e-03
1.436173307799937021e-03
1.435653821033175317e-03
1.435098623891338000e-03
1.434480376617002038e-03
1.433896955427837365e-03
1.433309176063375700e-03
1.432801707511604898e-03
1.432472658867994623e-03
1.432046145103007271e-03
1.431623053735949641e-03
1.431332353428816598e-03
1.431025888578110229e-03
1.430715257621398111e-03
1.430285690820459754e-03
1.429994495676470542e-03
1.429702234883995643e-03
1.429309881764450002e-03
1.428839112604344142e-03
1.428428947354266898e-03
1.427953736267102008e-03
1.427691167188640132e-03
1.427179240961409454e-03
1.426745466536092190e-03
1.426375716548486470e-03
1.425928804140475913e-03
1.425424365111271300e-03
1.424974303146253618e-03
1.424559593651621939e-03
1.424148629394306718e-03
1.423670724460736553e-03
1.423202386527228124e-03
1.422785060940125320e-03
1.422299343064397118e-03
1.421787315224833093e-03
1.421218947800388004e-03
1.420661990777378472e-03
1.420225732296107870e-03
1.419797384024681832e-03
1.419464739491493486e-03
1.419003695398545232e-03
1.418623614665889734e-03
1.418196097427039349e-03
1.417745087587500607e-03
1.417378342454004778e-03
1.416986626528834959e-03
1.416605263142644211e-03
1.416226237049305779e-03
1.415974081421154723e-03
1.415709346218335923e-03
1.415437161156229929e-03
1.415300486956215997e-03
1.415116326499600910e-03
1.414804664951731239e-03
1.414461285606872457e-03
1.414095533809590910e-03
1.413802317338485378e-03
1.413581114170046806e-03
1.413300142519642718e-03
1.413010709539928248e-03
1.412683648565299420e-03
1.412481918018995610e-03
1.412412403531090963e-03
1.412229486053787368e-03
1.411937238137004518e-03
1.411700364165842554e-03
1.411459408411524759e-03
1.411133762798076619e-03
1.410943716789668425e-03
1.410806146912100449e-03
1.410600712183494821e-03
1.410597801229447135e-03
1.410445995878067483e-03
1.410410178297059804e-03
1.410439150208371659e-03
1.410326868641026670e-03
1.410240227229543012e-03
1.410131179853698138e-03
1.410047304097578925e-03
1.409995134924604517e-03
1.409960842280770336e-03
1.409833341579568109e-03
1.409726072380368010e-03
1.409578226816594459e-03
1.409551350729808467e-03
1.409476323791872439e-03
1.409222950507009161e-03
1.408877191472451178e-03
1.408473037840378113e-03
1.408025719041803127e-03
1.407501661988614554e-03
1.407053011455256138e-03
1.406569437398661653e-03
1.406121514437117664e-03
1.405713252307153526e-03
1.405369154092253993e-03
1.405012083741726849e-03
1.404630008207402017e-03
1.404297540186267993e-03
1.404044645832459685e-03
1.403785779328508036e-03
1.403554659040652563e-03
1.403383440514278067e-03
1.403099205926783537e-03
1.402895612123978815e-03
1.402701678114499136e-03
1.402530495320241342e-03
1.402504699322664611e-03
1.402540247022255595e-03
1.402475643269196623e-03
1.402479725293566404e-03
1.402464718666501927e-03
1.402358822389678092e-03
1.402314168151602225e-03
1.402192787395169921e-03
1.402045029318898855e-03
1.401959510412381562e-03
1.401766058681828530e-03
1.401610083629075418e-03
1.401290493208973793e-03
1.400946896811030738e-03
1.400708386481448265e-03
1.400335440650726142e-03
1.400083294199473260e-03
1.399896966719360028e-03
1.399766435435411023e-03
1.399722378379110541e-03
1.399671944301544629e-03
1.399540126550405470e-03
1.399360177479302188e-03
1.399160556642791309e-03
1.398970475032936195e-03
1.398675110019379289e-03
1.398362697383036517e-03
1.398004292457591781e-03
1.397722941435567421e-03
1.397374095217975053e-03
1.397134446513837802e-03
1.396929164304517787e-03
1.396748921867677854e-03
1.396624015195986352e-03
1.396583773021741522e-03
1.396565579584493249e-03
1.396690179021419344e-03
1.396818145061124328e-03
1.396944665338031855e-03
1.397189923853394897e-03
1.397203617200539014e-03
1.397363632668501996e-03
1.397385977507530769e-03
1.397328893114039303e-03
1.397250312149011338e-03
1.397304126906700247e-03
1.397337034646400130e-03
1.397169159623442040e-03
1.397034152288250709e-03
1.396939297012563669e-03
1.396763196818430345e-03
1.396756542952367827e-03
1.396596005005134927e-03
1.396468835649597798e-03
1.396357748027855783e-03
1.396247187195355770e-03
1.396184792170301328e-03
1.395908854823402993e-03
1.395820219423530868e-03
1.395715906692520606e-03
1.395506321266017612e-03
1.395254400007798221e-03
1.394943621514249622e-03
1.394758279798748472e-03
1.394454390440330073e-03
1.394213134891656705e-03
1.394019181054459650e-03
1.393822244101197228e-03
1.393681380258012491e-03
1.393485245697932565e-03
1.393407941148101011e-03
1.393229132886944456e-03
1.393091823893318751e-03
1.393007910439171245e-03
1.392913207212651515e-03
1.392902349867863312e-03
1.392792257170093065e-03
1.392784123038962475e-03
1.392743065346656360e-03
1.392653473017710711e-03
1.392689843491076588e-03
1.392686810204259770e-03
1.392620766816545820e-03
1.392573910835357472e-03
1.392500365193998597e-03
1.392550854122765348e-03
1.392557448591156839e-03
1.392644191289100835e-03
1.392664572652410789e-03
1.392731395885202575e-03
1.392831783715180183e-03
1.392768200184788842e-03
1.392808651577682371e-03
1.392758402533490715e-03
1.392721577338860072e-03
1.392632143896320842e-03
1.392557549861673551e-03
1.392354060890798641e-03
1.392166022142403816e-03
1.392013037937899671e-03
1.391768884564334582e-03
1.391457377430854823e-03
1.391180978818194140e-03
1.390895332387665200e-03
1.390711605260507716e-03
1.390583139285513168e-03
1.390428170744281320e-03
1.390374254977195167e-03
1.390201207829323826e-03
1.390113291429880124e-03
1.389930280270854426e-03
1.389662334318537539e-03
1.389431598359842143e-03
1.389170843140611266e-03
1.388976519415480995e-03
1.388833975883243914e-03
1.388778232871614804e-03
1.388728088340842118e-03
1.388761348271050095e-03
1.388760899327462061e-03
1.388623622356795293e-03
1.388492986848298459e-03
1.388230802431575676e-03
1.388006616906761574e-03
1.387873262156392919e-03
1.387657416443413647e-03
1.387475181515284350e-03
1.387219832943381668e-03
1.386920888606059865e-03
1.386626374859226520e-03
1.386333609847860589e-03
1.385920356288353542e-03
1.385387854024785429e-03
1.385059087374943985e-03
1.384654262913721963e-03
1.384309562807737497e-03
1.383987059091938959e-03
1.383716761553535407e-03
1.383416996476813116e-03
1.383145206815121139e-03
1.382895583082898675e-03
1.382684433618097068e-03
1.382462086920642009e-03
1.382261011482422948e-03
1.382061454783096782e-03
1.381875996168199653e-03
1.381721695449232524e-03
1.381556598667390331e-03
1.381501036132902482e-03
1.381325473116879745e-03
1.381289946565482200e-03
1.381251537313081838e-03
1.381198169417757098e-03
1.381163215901409086e-03
1.380991675493308890e-03
1.380798474191089311e-03
1.380473597719383003e-03
1.380137434982129990e-03
1.379845929545244800e-03
1.379625703187815477e-03
1.379358068702064887e-03
1.378993237415121215e-03
1.378687470218966380e-03
1.378291804517647835e-03
1.377853798074555507e-03
1.377416358261244686e-03
1.377079885298788942e-03
1.376836648236403780e-03
1.376595763758916560e-03
1.376410839548274654e-03
1.376231768174586770e-03
1.376090845710644913e-03
1.375839545819210153e-03
1.375546315418924113e-03
1.375436652079303594e-03
1.375242377770354539e-03
1.375056796570384892e-03
1.374883652955556082e-03
1.374709631630770257e-03
1.374586566497426566e-03
1.374455803765872340e-03
1.374468533633680864e-03
1.374278797511370789e-03
1.374130673168660888e-03
1.373937907484090032e-03
1.373716161082671377e-03
1.373470443037196455e-03
1.373248975359905562e-03
1.373155127045390302e-03
1.372951912870993716e-03
1.372801677583614316e-03
1.372689162238738356e-03
1.372547060481343678e-03
1.372440130241187788e-03
1.372250527734299825e-03
1.372047387550039306e-03
1.371821678847953826e-03
1.371547932773395503e-03
1.371384251817405701e-03
1.370959884499889717e-03
1.370729423501156020e-03
1.370488283677526783e-03
1.370302519462407659e-03
1.370189396183201219e-03
1.369988881093052837e-03
1.369883676324081716e-03
1.369808566754577217e-03
1.369805373009639867e-03
1.369667144330345828e-03
1.369687812324457774e-03
1.369659474345661992e-03
1.369630911020072034e-03
1.369597163297096073e-03
1.369590089614993334e-03
1.369494083963928872e-03
1.369312710076468027e-03
1.369207945356175609e-03
1.368980975101015450e-03
1.368773738788663921e-03
1.368659292864515126e-03
1.368451219632945207e-03
1.368437360477689274e-03
1.368439155311344021e-03
1.368416994696585853e-03
1.368457067839691770e-03
1.368349718153400070e-03
1.368278475663933487e-03
1.368177064579669455e-03
1.367869454574323568e-03
1.367654248485496767e-03
1.367357532270415711e-03
1.367109007905612395e-03
1.367050474744291484e-03
1.367018327494678087e-03
1.366780534626444409e-03
1.366651411989885543e-03
1.366455205861694154e-03
1.366223412504171189e-03
1.365996708909590933e-03
1.365699310829299531e-03
1.365415633411765778e-03
1.365185434376422948e-03
1.364864552217156255e-03
1.364573456481610108e-03
1.364248648250673606e-03
1.363924311909989456e-03
1.363618130337315628e-03
1.363434564827692387e-03
1.363165860916058011e-03
1.362942322457034831e-03
1.362779839325920341e-03
1.362617567638491111e-03
1.362413269828264368e-03
1.362229887582208860e-03
1.362159175834930756e-03
1.362301372038176098e-03
1.362290620180966636e-03
1.362382213003000960e-03
1.362538000951103506e-03
1.362708335440480966e-03
1.362874527967774130e-03
1.363050493649664531e-03
1.363085224439826307e-03
1.363208052352049213e-03
1.363345134597021644e-03
1.363434819854147202e-03
1.363465301714532601e-03
1.363563552579569486e-03
1.363596556950565867e-03
1.363628889499466463e-03
1.363647435142844883e-03
1.363647605958350937e-03
1.363650721431739106e-03
1.363641688992226842e-03
1.363665768200300046e-03
1.363717965224597699e-03
1.363783499618189407e-03
1.363850581469666689e-03
1.363892860891091716e-03
1.363938256293104881e-03
1.363778546994215933e-03
1.363703376686869811e-03
1.363658525073008091e-03
1.363628112449935623e-03
1.363685835206447086e-03
1.363706508137483165e-03
1.363694821663658917e-03
1.363698234216135195e-03
1.363596195202859207e-03
1.363578198846182414e-03
1.363522432056899414e-03
1.363469659909501142e-03
1.363480490370474725e-03
1.363433925122490165e-03
1.363365075011767260e-03
1.363331088988610712e-03
1.363159997401143736e-03
1.362956176636437484e-03
1.362677756070791550e-03
1.362376312445941944e-03
1.362025370153643845e-03
1.361680611633260193e-03
1.361403361686728489e-03
1.361221555848274225e-03
1.361084672191347107e-03
1.360962766110152163e-03
1.360884472557487420e-03
1.360813188399196414e-03
1.360795074820104903e-03
1.360731218507650782e-03
1.360681914321066211e-03
1.360652470990492222e-03
1.360651113965127314e-03
1.360515744571788848e-03
1.360446370763922349e-03
1.360401984274031435e-03
1.360295441427226233e-03
1.360268629896613582e-03
1.360221221569887220e-03
1.360216857223921216e-03
1.360150557548444770e-03
1.360136841351530399e-03
1.359977452535929146e-03
1.359880466238164989e-03
1.359805862332743361e-03
1.359638828802948833e-03
1.359593635677360229e-03
1.359426728776558149e-03
1.359231265710757891e-03
1.359001669137677648e-03
1.358688154978993871e-03
1.358492878912450838e-03
1.358190679339922862e-03
1.358082589685893904e-03
1.357939187712993217e-03
1.357874414644715064e-03
1.357820916938055466e-03
1.357783539560363396e-03
1.357763396115006793e-03
1.357761764563431527e-03
1.357727352189963370e-03
1.357776295401085746e-03
1.357776477437262460e-03
1.357749209643876369e-03
1.357760111828797698e-03
1.357657835754083738e-03
1.357647645207805173e-03
1.357551329967689267e-03
1.357482060084962746e-03
1.357403431488383950e-03
1.357402091015118143e-03
1.357307710564307568e-03
1.357227736882566380e-03
1.357047049554662788e-03
1.356826515628885071e-03
1.356515318935565435e-03
1.356215960777729969e-03
1.355849131859107300e-03
1.355615965869712888e-03
1.355355190881470931e-03
1.355196630797997738e-03
1.354936773464258948e-03
1.354763823127323611e-03
1.354619382852117462e-03
1.354535575598206712e-03
1.354402923577830310e-03
1.354289634273968691e-03
1.354108325455843833e-03
1.353870432921593396e-03
1.353715665725273645e-03
1.353409221005848467e-03
1.353096185405607129e-03
1.352778804729734682e-03
1.352494889114780590e-03
1.352250339264453923e-03
1.351932624558596164e-03
1.351855530450614970e-03
1.351600612162731424e-03
1.351448326467356072e-03
1.351375564785722025e-03
1.351352339208834958e-03
1.351332974486833035e-03
1.351370644245629242e-03
1.351475056946804029e-03
1.351535953915078067e-03
1.351510000975197131e-03
1.351519213995632006e-03
1.351459007572481654e-03
1.351372380743753789e-03
1.351274211662237615e-03
1.351195304848988848e-03
1.351183497310398099e-03
1.351103171808118713e-03
1.351143492503559381e-03
1.351006303671039351e-03
1.350962629332687782e-03
1.351030691868443422e-03
1.351158837405987958e-03
1.351336536221698845e-03
1.351449078843094606e-03
1.351676085874207924e-03
1.351871539331316518e-03
1.352153140759593903e-03
1.352266472986374214e-03
1.352402669572650741e-03
1.352514570940952692e-03
1.352621728675165594e-03
1.352751768643570577e-03
1.352872535145906944e-03
1.352910909259886487e-03
1.353068648594764724e-03
1.353231022838014561e-03
1.353428270107893787e-03
1.353575329282220071e-03
1.353604353619884465e-03
1.353859771752662436e-03
1.353949773472623748e-03
1.354131736083626731e-03
1.354176574870445422e-03
1.354214295905416341e-03
1.354381332160385773e-03
1.354519897977843118e-03
1.354815764008214648e-03
1.355161452026449383e-03
1.355622764493860698e-03
1.355948406539201007e-03
1.356227790491236918e-03
1.356383709322852259e-03
1.356477954040331358e-03
1.356514407108661523e-03
1.356472146896420651e-03
1.356390725523304915e-03
1.356294852853505125e-03
1.356272014625084293e-03
1.356163851896253917e-03
1.356148228339060713e-03
1.356001320823057915e-03
1.355797388038079915e-03
1.355543674780501076e-03
1.355259352722600627e-03
1.355106940228004630e-03
1.354863362857964800e-03
1.354788366739345922e-03
1.354786905651516422e-03
1.354731682800495909e-03
1.354827294983090326e-03
1.355065125826241702e-03
1.355262943524130227e-03
1.355409558241889257e-03
1.355716232497376902e-03
1.355909850175266752e-03
1.356108143422613595e-03
1.356257279587409032e-03
1.356290241033611269e-03
1.356357368845658318e-03
1.356344989745797251e-03
1.356280333811424972e-03
1.356360684414543950e-03
1.356403402995862107e-03
1.356487335047003567e-03
1.356571661930279678e-03
1.356507575607534145e-03
1.356372229615795781e-03
1.356283281283257982e-03
1.356055958274971201e-03
1.355900232352363205e-03
1.355812841572968941e-03
1.355690798384871776e-03
1.355494249333103049e-03
1.355343912782774451e-03
1.355229656001846056e-03
1.355060848172495074e-03
1.355005180254988941e-03
1.355042648629838520e-03
1.355158089456169872e-03
1.355214171744367193e-03
1.355544649252051186e-03
1.355754948618250822e-03
1.356093665596494208e-03
1.356322682422928579e-03
1.356537742415579208e-03
1.356625797458191470e-03
1.356797076186322523e-03
1.356907373069074409e-03
1.357070441372613522e-03
1.357164369197807639e-03
1.357297685993014060e-03
1.357436461481312858e-03
1.357533305237690769e-03
1.357689433431850988e-03
1.357773709695454150e-03
1.357894276007226304e-03
1.357891061181599893e-03
1.357772097410233237e-03
1.357704909693854258e-03
1.357632571417352347e-03
1.357506382914695255e-03
1.357463966883512216e-03
1.357364000650151383e-03
1.357422860805027357e-03
1.357476641028433281e-03
1.357444203772683157e-03
1.357445046661019108e-03
1.357443507260004028e-03
1.357325010724498701e-03
1.357104661290275830e-03
1.356916388523807856e-03
1.356550799602026939e-03
1.356316002851690660e-03
1.356239087318505260e-03
1.356026645679134484e-03
1.355739596604543231e-03
1.355562088155039735e-03
1.355364379099241760e-03
1.355186529561633020e-03
1.355179159088234749e-03
1.355255965108892414e-03
1.355390190495221964e-03
1.355455236366620488e-03
1.355678478287960370e-03
1.355826121193635285e-03
1.355891637804309494e-03
1.355927529537693469e-03
1.355907667180945636e-03
1.355956003079215443e-03
1.355873533227388520e-03
1.355700945759407035e-03
1.355683807484784438e-03
1.355568032750755370e-03
1.355553106804434230e-03
1.355553946159033510e-03
1.355552862390630581e-03
1.355405460179697798e-03
1.355287641616526560e-03
1.355123665711191212e-03
1.354942235862988033e-03
1.354699680710829942e-03
1.354468041583564014e-03
1.354286700365679849e-03
1.354068800184115955e-03
1.353851712762426220e-03
1.353796119354877103e-03
1.353621901222516050e-03
1.353515211751124244e-03
1.353428368458861782e-03
1.353236338148674925e-03
1.353205523911325467e-03
1.353171173313240296e-03
1.353207714110838972e-03
1.353140727635737542e-03
1.353153305168779954e-03
1.353042783884217349e-03
1.352947646539905124e-03
1.352831972335018359e-03
1.352625188730241599e-03
1.352541255817813187e-03
1.352288035352165957e-03
1.352077799977723961e-03
1.351911350951380281e-03
1.351692034348322188e-03
1.351490879981013518e-03
1.351225521641745810e-03
1.350942181800196800e-03
1.350550994564552083e-03
1.350237223225128061e-03
1.349790900366908217e-03
1.349491566009759433e-03
1.349199852588692282e-03
1.348905380139915709e-03
1.348728578899538325e-03
1.348545829987269707e-03
1.348456228710923294e-03
1.348296799181020536e-03
1.348235076505307660e-03
1.348260737233987396e-03
1.348216657995844831e-03
1.348364957218843585e-03
1.348540080310677448e-03
1.348728433797822960e-03
1.348869325549729254e-03
1.349110580082333666e-03
1.349185040540288932e-03
1.349259224111401100e-03
1.349334919673121072e-03
1.349550333644077785e-03
1.349570912939258068e-03
1.349610082432124930e-03
1.349727469322088789e-03
1.349781599389315075e-03
1.349716275298776550e-03
1.349777487094762016e-03
1.349670893220458615e-03
1.349489352492372471e-03
1.349280542716424546e-03
1.349006203425413483e-03
1.348792927952590986e-03
1.348622591793506836e-03
1.348426318450227134e-03
1.348499953540564832e-03
1.348452898444124854e-03
1.348536633978876997e-03
1.348601523821215840e-03
1.348630487383733817e-03
1.348700783129410481e-03
1.348817965931746465e-03
1.348813505738745725e-03
1.348771428150595834e-03
1.348757310997908757e-03
1.348785281225124049e-03
1.348865112951994419e-03
1.348883939913986859e-03
1.348934579078084946e-03
1.348773472711674651e-03
1.348665021830338295e-03
1.348422738819234686e-03
1.348147232916192253e-03
1.347692284591949343e-03
1.347418529631751617e-03
1.347153805006556229e-03
1.346788449421826815e-03
1.346454675250331962e-03
1.346141333046197092e-03
1.345775980809852616e-03
1.345348585459378576e-03
1.344971135867553463e-03
1.344558041368780401e-03
1.344143956394789653e-03
1.343856784970833603e-03
1.343654105484533333e-03
1.343495702413121046e-03
1.343470469327490754e-03
1.343496636360370228e-03
1.343546027617347795e-03
1.343563017831501775e-03
1.343503963458306857e-03
1.343434025668722694e-03
1.343378726764076977e-03
1.343223070148315702e-03
1.343006641263757911e-03
1.342909215201726651e-03
1.342824093088071163e-03
1.342735289702208035e-03
1.342682074200946159e-03
1.342628830758370306e-03
1.342410240330418588e-03
1.342138204595590134e-03
1.341962513972650827e-03
1.341795754168624046e-03
1.341522274350138251e-03
1.341383719704295104e-03
1.341205131727737703e-03
1.341094776601803621e-03
1.340921235693010808e-03
1.340578321971164395e-03
1.340358908467737930e-03
1.340046959910683611e-03
1.339945018586206947e-03
1.339734840156289568e-03
1.339719177112071819e-03
1.339607187241805648e-03
1.339649042794646564e-03
1.339600197765391555e-03
1.339572456984360321e-03
1.339597989206740055e-03
1.339518429560660742e-03
1.339463676195650410e-03
1.339184363768939441e-03
1.339077064686261488e-03
1.338862121346719907e-03
1.338659765203300102e-03
1.338476756383438424e-03
1.338300574601475725e-03
1.338242498716636902e-03
1.338097149443240883e-03
1.337977998752816955e-03
1.337779322027818135e-03
1.337592502144405561e-03
1.337363390014786792e-03
1.337151111386757204e-03
1.336962785946033431e-03
1.336886338886474675e-03
1.336821528627635128e-03
1.336729038326524939e-03
1.336568233146741497e-03
1.336525671121815756e-03
1.336445225518457765e-03
1.336282528715063101e-03
1.336128767923767122e-03
1.335848345543721614e-03
1.335625455171685506e-03
1.335590663633615073e-03
1.335464076963232844e-03
1.335588862786524483e-03
1.335503602925484316e-03
1.335493829531736801e-03
1.335578187150215489e-03
1.335664475731458429e-03
1.335807454949440370e-03
1.335925461199265370e-03
1.335921228608180893e-03
1.335778823252883321e-03
1.335593396178649719e-03
1.335331178111992100e-03
1.335077649511469617e-03
1.334898177996614137e-03
1.334777325972804620e-03
1.334616119840332377e-03
1.334449850377032601e-03
1.334221543778123242e-03
1.333990686432555937e-03
1.333671143451084160e-03
1.333560377713734332e-03
1.333525325479490700e-03
1.333440020218521925e-03
1.333431327076060836e-03
1.333411853325154302e-03
1.333289563163587684e-03
1.333230875382765976e-03
1.333129404201401471e-03
1.333044086165079438e-03
1.333129255390238859e-03
1.333108355944423624e-03
1.333270536481603397e-03
1.333391131303101598e-03
1.333543834031783275e-03
1.333756392042388097e-03
1.333912148760868889e-03
1.334005942705117397e-03
1.334187155112344543e-03
1.334261147051345056e-03
1.334519146646336073e-03
1.334873206559706281e-03
1.335098921930897567e-03
1.335232622284893969e-03
1.335366794692995594e-03
1.335425346779435789e-03
1.335220555688032508e-03
1.334978529971181209e-03
1.334674514869778426e-03
1.334512566555645218e-03
1.334408027129731873e-03
1.334291702688270020e-03
1.334110425959252576e-03
1.334122308937421520e-03
1.334074823511340914e-03
1.334122405528472216e-03
1.334212642356406332e-03
1.334282759762601142e-03
1.334325815695196421e-03
1.334442658330762871e-03
1.334461505012202306e-03
1.334534262316601884e-03
1.334743189546183434e-03
1.334894500527165385e-03
1.335167203303549727e-03
1.335363677978816319e-03
1.335571232546879346e-03
1.335839930247714920e-03
1.335997152236390387e-03
1.336200329617414804e-03
1.336441853618072556e-03
1.336690240731606277e-03
1.337010940415115593e-03
1.337182715432542980e-03
1.337297886846981147e-03
1.337446440483802158e-03
1.337523537846680571e-03
1.337514108067810494e-03
1.337459434843210095e-03
1.337449012283947834e-03
1.337528136080711741e-03
1.337435218798575277e-03
1.337414703043681092e-03
1.337335033710564331e-03
1.337231076471518277e-03
1.337100010883154975e-03
1.337075959109123788e-03
1.336959240824529349e-03
1.336877042288161241e-03
1.336883209440532273e-03
1.336731502309794310e-03
1.336624736313276425e-03
1.336530058505692748e-03
1.336373907666989387e-03
1.336397088337943750e-03
1.336286260699947638e-03
1.336154036908510740e-03
1.336151743576659279e-03
1.335960329100243987e-03
1.335945714128770716e-03
1.335899718120438099e-03
1.335974491220901601e-03
1.336135232995310342e-03
1.336270358623701344e-03
1.336330219123100680e-03
1.336491553717117928e-03
1.336630006178955244e-03
1.336650461258467610e-03
1.336687311322432925e-03
1.336682238737943538e-03
1.336706903532853142e-03
1.336747001807095164e-03
1.336895933265179167e-03
1.336906157059566860e-03
1.336946506405991891e-03
1.337003005141516572e-03
1.337114739341980791e-03
1.337280109588993198e-03
1.337289118280955745e-03
1.337383073020754955e-03
1.337430044728949406e-03
1.337582318612804246e-03
1.337722274292292395e-03
1.337891302281023036e-03
1.337936024285731919e-03
1.337960594214933135e-03
1.338070220396000076e-03
1.338214879441327167e-03
1.338497600848398503e-03
1.338740501947257569e-03
1.339052075494499188e-03
1.339309348339464811e-03
1.339527407872728075e-03
1.339865158901236549e-03
1.340009226666454781e-03
1.340171741159277858e-03
1.340434943374640931e-03
1.340553597372712681e-03
1.340860288362962123e-03
1.341099797290208357e-03
1.341394808599324093e-03
1.341696376355688662e-03
1.342091407562113949e-03
1.342380361125214807e-03
1.342607384235842798e-03
1.342766366527286398e-03
1.342870776028465577e-03
1.342950965657106451e-03
1.343151356254890065e-03
1.343356942843336151e-03
1.343483207880978841e-03
1.343609304166950690e-03
1.343719740626637005e-03
1.343853773255760959e-03
1.343872936318182788e-03
1.343987948586354260e-03
1.344060905743699012e-03
1.344103255845969765e-03
1.344279458177265749e-03
1.344370424306763016e-03
1.344433633137552498e-03
1.344422437829576262e-03
1.344419804455531395e-03
1.344341574661634233e-03
1.344219931118249790e-03
1.344115297586291656e-03
1.344043636889348395e-03
1.344050371698254486e-03
1.344022322013954836e-03
1.344051681534295115e-03
1.343950652197296175e-03
1.343932446568285328e-03
1.343702791378235516e-03
1.343506419583565762e-03
1.343385111176043740e-03
1.343309081379469565e-03
1.343179341036130877e-03
1.342841899831749911e-03
1.342595406358055524e-03
1.342305054089347385e-03
1.342037899531178845e-03
1.341692289400689192e-03
1.341434620161517047e-03
1.341289129447994924e-03
1.341164014050326382e-03
1.340979553289406217e-03
1.340845310405841236e-03
1.340735416196711660e-03
1.340560892153144952e-03
1.340377019352462142e-03
1.340198165477125619e-03
1.339886361211745829e-03
1.339692785053355406e-03
1.339580976461714808e-03
1.339372205367394012e-03
1.339260958650608652e-03
1.339048751280769818e-03
1.338893353813966260e-03
1.338650866275313675e-03
1.338489735728070913e-03
1.338399712626220069e-03
1.338190852632904987e-03
1.338028014639452415e-03
1.337938694916655791e-03
1.337832002793555922e-03
1.337667111189550471e-03
1.337640843135601233e-03
1.337395168636180444e-03
1.337263546327991303e-03
1.337116279114002482e-03
1.336950260872601243e-03
1.336804172406139092e-03
1.336693049914969853e-03
1.336631320061214311e-03
1.336719530775543844e-03
1.336800048135484498e-03
1.336866061743810724e-03
1.336961251228454281e-03
1.336968116403036526e-03
1.337071517166105736e-03
1.337143547109256175e-03
1.337194369858830077e-03
1.337204325160132367e-03
1.337216914267077639e-03
1.337220601280088295e-03
1.337185632809275533e-03
1.337149727099979117e-03
1.337061596776490486e-03
1.336998778133702487e-03
1.336852371445039359e-03
1.336722495832455646e-03
1.336541043704648959e-03
1.336356022596695047e-03
1.336102348023451240e-03
1.335955968361414925e-03
1.335865457104659345e-03
1.335749128546414406e-03
1.335578398956327418e-03
1.335484174097284612e-03
1.335451929428292661e-03
1.335562636778219554e-03
1.335713153769275182e-03
1.335988183133472989e-03
1.336285538596325081e-03
1.336604072002139411e-03
1.336827656908960238e-03
1.337159832024580400e-03
1.337372612733561238e-03
1.337831393473976537e-03
1.338170284546908459e-03
1.338604451346490747e-03
1.339033999885563125e-03
1.339487163355787764e-03
1.339932347318620537e-03
1.340352329283808069e-03
1.340774934627573124e-03
1.341120143760558695e-03
1.341446674775463848e-03
1.341772502531880882e-03
1.342199198966575720e-03
1.342544793911187645e-03
1.342798350662372268e-03
1.343044397285698749e-03
1.343219532774401516e-03
1.343251381679979673e-03
1.343278771262403819e-03
1.343229967914863097e-03
1.343200599009275031e-03
1.343092038801774234e-03
1.343215927411496374e-03
1.343398604251210037e-03
1.343496932400223883e-03
1.343716183934099513e-03
1.343825487308213627e-03
1.343981666409472479e-03
1.344307807146680753e-03
1.344467855890783391e-03
1.344706670998712956e-03
1.344776615453115122e-03
1.344936912098282237e-03
1.345015119274562418e-03
1.345036341701179913e-03
1.345035133789287008e-03
1.345139866168518607e-03
1.345312907076873449e-03
1.345462027353413331e-03
1.345718620021613566e-03
1.345934921061125175e-03
1.346096824257695919e-03
1.346175709084352452e-03
1.346192019843097179e-03
1.346198321200259155e-03
1.346046394212889810e-03
1.345951678779619930e-03
1.345807949073508881e-03
1.345527651417013871e-03
1.345126447816677277e-03
1.344777273661588090e-03
1.344453560998644251e-03
1.344085725197852361e-03
1.343780763749558536e-03
1.343465437120647688e-03
1.343246589513615421e-03
1.343032949768766535e-03
1.342869660881773793e-03
1.342810285367010675e-03
1.342733934288142111e-03
1.342624571890024864e-03
1.342582189614274953e-03
1.342464718770761904e-03
1.342402382400999889e-03
1.342358337824113177e-03
1.342346993541042961e-03
1.342253353773217167e-03
1.342207904836093630e-03
1.342158163766069045e-03
1.342107476520316197e-03
1.342070342783514792e-03
1.342110248860131378e-03
1.342120307140575808e-03
1.342285315153169106e-03
1.342427763737575122e-03
1.342618014108663089e-03
1.342853185475876383e-03
1.343154757262268783e-03
1.343357832913551165e-03
1.343666725962108658e-03
1.343954626413487339e-03
1.344026971598047361e-03
1.344234129260669800e-03
1.344352970788964020e-03
1.344448361673189268e-03
1.344542691349382910e-03
1.344742801479072679e-03
1.344927126929372279e-03
1.345081667731793827e-03
1.345179349268949866e-03
1.345199588873951385e-03
1.345314747210026507e-03
1.345360750272473361e-03
1.345299081595038989e-03
1.345474666335622245e-03
1.345616209047622745e-03
1.345780882288794521e-03
1.345882635556582907e-03
1.345876114971915208e-03
1.345848679619337336e-03
1.345842129412684000e-03
1.345682917444184380e-03
1.345625995654441956e-03
1.345582843402064665e-03
1.345473253247820309e-03
1.345437423863434260e-03
1.345418565227303898e-03
1.345352901064608524e-03
1.345324833091011063e-03
1.345351943524795025e-03
1.345360852689406368e-03
1.345448974623577112e-03
1.345421800044743418e-03
1.345466452098356604e-03
1.345429724493008537e-03
1.345401461860387150e-03
1.345316201580839090e-03
1.345240850631876286e-03
1.345131827204957805e-03
1.345086640525951401e-03
1.344910293110617100e-03
1.344744137088949715e-03
1.344600427382416398e-03
1.344478412005202603e-03
1.344262230703373653e-03
1.344159054654572253e-03
1.344168548438542162e-03
1.344087097545296379e-03
1.344165573084870604e-03
1.344302096705368883e-03
1.344422050968044086e-03
1.344491600267994341e-03
1.344500651499640686e-03
1.344504682717208126e-03
1.344582089617377303e-03
1.344643107288638660e-03
1.344800603208930884e-03
1.344962995506080892e-03
1.345226123388275005e-03
1.345527691461610199e-03
1.345815850116417788e-03
1.346121428738144199e-03
1.346416087546054843e-03
1.346574126009263041e-03
1.346681735719275396e-03
1.346772155041234612e-03
1.346961978270889895e-03
1.347062596128966285e-03
1.347242785984183351e-03
1.347549135373071662e-03
1.347750183503616589e-03
1.348107802076620480e-03
1.348438789508459674e-03
1.348690271202733493e-03
1.349094673483443394e-03
1.349493976157686587e-03
1.349863480387924509e-03
1.350298622011328071e-03
1.350656353662192839e-03
1.351091019007137455e-03
1.351537205622539489e-03
1.351897143212989769e-03
1.352191203251131187e-03
1.352503556924108084e-03
1.352664526586785194e-03
1.352807738353500443e-03
1.352866091247944408e-03
1.352998612655007026e-03
1.353095512831118839e-03
1.353134572378763287e-03
1.353346924838467373e-03
1.353513218132791976e-03
1.353726728915056327e-03
1.353919702047526753e-03
1.354109043993805385e-03
1.354265700782461904e-03
1.354417418876404169e-03
1.354642321394725155e-03
1.354754647862769839e-03
1.354850340738780615e-03
1.354821728361683009e-03
1.354849031394209698e-03
1.354868424857304677e-03
1.354917073075824875e-03
1.354876538637150157e-03
1.354641339775667416e-03
1.354437636857493609e-03
1.354183558948942592e-03
1.354059756581034706e-03
1.353873810829608112e-03
1.353721710244750820e-03
1.353521717906273165e-03
1.353481840969836866e-03
1.353342421446098939e-03
1.353277123489501563e-03
1.353107183831003682e-03
1.353097363573331751e-03
1.353015319542551654e-03
1.353026942535445320e-03
1.353056131787240676e-03
1.353118472857509601e-03
1.353114027162202054e-03
1.353144947015902898e-03
1.353140232740093979e-03
1.353145172248419563e-03
1.353238839952048333e-03
1.353318676433825024e-03
1.353416460664692237e-03
1.353555329902473821e-03
1.353568957740210578e-03
1.353560582287754869e-03
1.353583091590702036e-03
1.353590675886710533e-03
1.353729556059321331e-03
1.353824754490008447e-03
1.353856293620868140e-03
1.353947215375640376e-03
1.354091560849292764e-03
1.354152184693820527e-03
1.354399024002154051e-03
1.354402448336573805e-03
1.354577430205241694e-03
1.354884830594351754e-03
1.355117312621054344e-03
1.355467201529533686e-03
1.355654031102166606e-03
1.355853352799617608e-03
1.356072170521539213e-03
1.356177746052936303e-03
1.356256643210311530e-03
1.356267830622028166e-03
1.356225939297547043e-03
1.356327365752226519e-03
1.356397169501669933e-03
1.356518727541661815e-03
1.356662609631804906e-03
1.356740095450132766e-03
1.356973247096189463e-03
1.357162515049155317e-03
1.357425589976836260e-03
1.357608282366717196e-03
1.357784022593967179e-03
1.357925511998729932e-03
1.358120811954301741e-03
1.358338664699479436e-03
1.358574599288282607e-03
1.358798452645360250e-03
1.359078408077520235e-03
1.359210581947548763e-03
1.359488719787602194e-03
1.359612177910084077e-03
1.359791063566687455e-03
1.359928140981537473e-03
1.360046148298357273e-03
1.360180200902914426e-03
1.360116738733283068e-03
1.360100174838309783e-03
1.359943361973378964e-03
1.359847753861844442e-03
1.359789034935461561e-03
1.359685670075146645e-03
1.359555067922925452e-03
1.359369213903395459e-03
1.359175357539578249e-03
1.359045157308265937e-03
1.359012779899558499e-03
1.358817845530073051e-03
1.358706078890688576e-03
1.358590447604462624e-03
1.358389662280883774e-03
1.358155030924157762e-03
1.357870288986595024e-03
1.357606375753670066e-03
1.357446459699933935e-03
1.357169238095732883e-03
1.357082398803931625e-03
1.356943299723644553e-03
1.356861146160943162e-03
1.356915746466440731e-03
1.356873706348676357e-03
1.356931580553591117e-03
1.356932700428341559e-03
1.356985275348382772e-03
1.357017654256479147e-03
1.356833748400938658e-03
1.356668086162770388e-03
1.356481519891640682e-03
1.356321430802227834e-03
1.356237358326950948e-03
1.356300769977852047e-03
1.356211820400600497e-03
1.356238685887930281e-03
1.356342860564221627e-03
1.356275308830124770e-03
1.356362087547242305e-03
1.356394932619185353e-03
1.356566973808779730e-03
1.356607066418326910e-03
1.356862581402307286e-03
1.357099966943094019e-03
1.357267447503690680e-03
1.357466649220627659e-03
1.357592413926292461e-03
1.357610605146477830e-03
1.357535576223020679e-03
1.357555974438717740e-03
1.357527355232070404e-03
1.357558120593779349e-03
1.357505677143326824e-03
1.357484927526770181e-03
1.357400248892672023e-03
1.357204121199838236e-03
1.357024300530804096e-03
1.356827898179375179e-03
1.356601837779795655e-03
1.356216485138604351e-03
1.356070573210125000e-03
1.355973243344909662e-03
1.356001852489943345e-03
1.356020087662107056e-03
1.356008308379184728e-03
1.355968646524434830e-03
1.355858734381671076e-03
1.355818423183132587e-03
1.355835671834291004e-03
1.355934035326742879e-03
1.356030626213167731e-03
1.356130385538226873e-03
1.356352190618685021e-03
1.356703307051096907e-03
1.357036736844686878e-03
1.357517499997434440e-03
1.357935868154250313e-03
1.358261961872285310e-03
1.358377338497644433e-03
1.358467527833833420e-03
1.358383842785237331e-03
1.358303405531158725e-03
1.358103470476313551e-03
1.357984064233443665e-03
1.357774547850329298e-03
1.357665481313475057e-03
1.357653294345262905e-03
1.357639229237651542e-03
1.357548404340476337e-03
1.357451633099357414e-03
1.357285574678671796e-03
1.357050584473765229e-03
1.356749165731569937e-03
1.356554115328361711e-03
1.356341943931903835e-03
1.356156290550851245e-03
1.356095488093770566e-03
1.356093870706174317e-03
1.356161055104551389e-03
1.356120023645980511e-03
1.356157710630474800e-03
1.356124530293239226e-03
1.356010419056808292e-03
1.355866536516795243e-03
1.355490977560922829e-03
1.355223857897045305e-03
1.354933916200263665e-03
1.354735452007779003e-03
1.354591021785242488e-03
1.354466721297417110e-03
1.354325097105572471e-03
1.354288909375084933e-03
1.354199859698751148e-03
1.354181671138174857e-03
1.354219077895803995e-03
1.354260072550556200e-03
1.354296363762206830e-03
1.354249951595457892e-03
1.354339557590279047e-03
1.354374039393911296e-03
1.354413720261504360e-03
1.354463044756934464e-03
1.354558468976767641e-03
1.354714482356736719e-03
1.355021070366508283e-03
1.355271723086636480e-03
1.355472738381271417e-03
1.355636033621274942e-03
1.355862057372601024e-03
1.355999627931281284e-03
1.356036450110322195e-03
1.356106933916459076e-03
1.356205007091701225e-03
1.356329323288992666e-03
1.356625510718825929e-03
1.356965404650370627e-03
1.357341309430126243e-03
1.357563708916803948e-03
1.357868354863319424e-03
1.358056516396497241e-03
1.358279069338181677e-03
1.358536130980693771e-03
1.358994232214987994e-03
1.359352179809014119e-03
1.359882003593124904e-03
1.360307903851979425e-03
1.360708698383038002e-03
1.360996989765248010e-03
1.361214860343088568e-03
1.361472972222524998e-03
1.361528724102593294e-03
1.361574217360364027e-03
1.361634920085664580e-03
1.361824874752287943e-03
1.361979437982085853e-03
1.362222835261747960e-03
1.362458772026696897e-03
1.362701382957614421e-03
1.362942817128866323e-03
1.363134414712351269e-03
1.363235452376508833e-03
1.363282444258613352e-03
1.363310569209038366e-03
1.363358360886880553e-03
1.363444637088138869e-03
1.363399588252247208e-03
1.363404559235044259e-03
1.363250892474848893e-03
1.363185878553240405e-03
1.363008925715549326e-03
1.362936224840317510e-03
1.362830105257816990e-03
1.362792469610943488e-03
1.362753532039461066e-03
1.362565051172269157e-03
1.362344596908043100e-03
1.362086060082041538e-03
1.361848143493338444e-03
1.361575041619594341e-03
1.361457381755418238e-03
1.361330862467560916e-03
1.361090435866394973e-03
1.361045231856310156e-03
1.360957603433735801e-03
1.360810196820027131e-03
1.360661003947082450e-03
1.360600596158334508e-03
1.360526960580903371e-03
1.360515593398921004e-03
1.360418812521379346e-03
1.360316387292338693e-03
1.360407401178190820e-03
1.360253533337981054e-03
1.360174356541082267e-03
1.360042399648870963e-03
1.359892456253092730e-03
1.359802861457403474e-03
1.359728978056553217e-03
1.359739925588679269e-03
1.359801976123326374e-03
1.359966322910668903e-03
1.360023278946780522e-03
1.360107771685820218e-03
1.360027749567589402e-03
1.359940353547889119e-03
1.359872493900942097e-03
1.359909737192559675e-03
1.359936821589947074e-03
1.360096787562621113e-03
1.360267193061478986e-03
1.360552375994546594e-03
1.360703445317435921e-03
1.360883632196232011e-03
1.361056887755007338e-03
1.361167482168621152e-03
1.361284046017336357e-03
1.361520302689036774e-03
1.361637487813847653e-03
1.361789371154201959e-03
1.362013417468708283e-03
1.362150989641566952e-03
1.362510069671222721e-03
1.362798023367206958e-03
1.363123845598361019e-03
1.363379337721780729e-03
1.363681985434811277e-03
1.363897307814294219e-03
1.364014869599936746e-03
1.364185154996746521e-03
1.364456845384507408e-03
1.364636985450000048e-03
1.364971823262633391e-03
1.365163171948669896e-03
1.365374833925127014e-03
1.365491440113535170e-03
1.365542742092370598e-03
1.365527576308471058e-03
1.365444711001965582e-03
1.365423764678951393e-03
1.365455494639830408e-03
1.365504492682725803e-03
1.365608187873796090e-03
1.365767458846105144e-03
1.365854713081226125e-03
1.365941615623821959e-03
1.365916223583921564e-03
1.365889356568330540e-03
1.365883407661493782e-03
1.365934391010797814e-03
1.366054574521219237e-03
1.366191569604510801e-03
1.366375708283237584e-03
1.366534562608448305e-03
1.366603857108556527e-03
1.366620688469995671e-03
1.366604855242759204e-03
1.366596936417541902e-03
1.366748333673346643e-03
1.366780910283416518e-03
1.366752006775933054e-03
1.366688915675242462e-03
1.366670799789901575e-03
1.366640681357234434e-03
1.366653800410851105e-03
1.366647942022303176e-03
1.366660288999208472e-03
1.366709045084532051e-03
1.366838254057626276e-03
1.367015653839078870e-03
1.367259736560775922e-03
1.367620482032108620e-03
1.367828510889676453e-03
1.368095652427082139e-03
1.368328071447272830e-03
1.368656125117526578e-03
1.368855219110638472e-03
1.368987101910018296e-03
1.368982472150613887e-03
1.368974278188339350e-03
1.368914535030161823e-03
1.368840621004115826e-03
1.368657678158074738e-03
1.368570085279935400e-03
1.368433689135276467e-03
1.368551051457608976e-03
1.368443389780485452e-03
1.368267559587714108e-03
1.368064413050439554e-03
1.367868961709503214e-03
1.367679858851250435e-03
1.367600852327170713e-03
1.367393895565797469e-03
1.367217645347864555e-03
1.367050573750830562e-03
1.366843206581563235e-03
1.366665241358128776e-03
1.366386333851321837e-03
1.366091967847423349e-03
1.365956448036492656e-03
1.365741435288379954e-03
1.365567266731798797e-03
1.365551203707930520e-03
1.365286999079623562e-03
1.365085954665913419e-03
1.364964824138078722e-03
1.364877526994990632e-03
1.364776560725986529e-03
1.364703645913222310e-03
1.364636830126943548e-03
1.364633984394596515e-03
1.364718516448469284e-03
1.364845512873957226e-03
1.364916589005994458e-03
1.364895177379343936e-03
1.364913631214570346e-03
1.364942300756394897e-03
1.364939574365707032e-03
1.364808406524911947e-03
1.364836732269732612e-03
1.364643604813822525e-03
1.364516801015689621e-03
1.364507151586235797e-03
1.364430406239477847e-03
1.364350654132361410e-03
1.364289865196021464e-03
1.364104285464726391e-03
1.364047894689025082e-03
1.363945371310004749e-03
1.363759066069841199e-03
1.363671473721693060e-03
1.363391373834201914e-03
1.363176906153482342e-03
1.362887737676287151e-03
1.362538414510415519e-03
1.362285628509897310e-03
1.362080323635624047e-03
1.361798230741930989e-03
1.361652318023461169e-03
1.361667003504141420e-03
1.361609917009917823e-03
1.361598007838078165e-03
1.361646455112775801e-03
1.361820020459499894e-03
1.361837633155671629e-03
1.361925879405597112e-03
1.362048558542310744e-03
1.362226528215627072e-03
1.362307348774529758e-03
1.362605474916378382e-03
1.362691074063268615e-03
1.362842683884866015e-03
1.362970299431271034e-03
1.363138941007696961e-03
1.363420727658717089e-03
1.363567436745848028e-03
1.363739443466649133e-03
1.363867123908783134e-03
1.364004246245661923e-03
1.363917395388945190e-03
1.363771851321250641e-03
1.363619551956777101e-03
1.363374819679798308e-03
1.363259322561012751e-03
1.363071645533397557e-03
1.362907276825968189e-03
1.362714969205342181e-03
1.362454221688570418e-03
1.362293329608194568e-03
1.362080803854397865e-03
1.362010064790682888e-03
1.361839880128275053e-03
1.361713417358712550e-03
1.361625833690574897e-03
1.361537793926959668e-03
1.361427211885784649e-03
1.361450639959469041e-03
1.361537095322935429e-03
1.361554981772293950e-03
1.361498206676749331e-03
1.361482447305390224e-03
1.361522187271771217e-03
1.361493231200766726e-03
1.361462831939159622e-03
1.361438077706335261e-03
1.361331365043548687e-03
1.361163260316095806e-03
1.360894955533124492e-03
1.360665724814412534e-03
1.360380520937691214e-03
1.359923134414248690e-03
1.359606046582583026e-03
1.359390439816905369e-03
1.359104072841642741e-03
1.358756267293932674e-03
1.358447204346898167e-03
1.358288425736481255e-03
1.358125470659973626e-03
1.357971453716442156e-03
1.357885694020982258e-03
1.357899657353446934e-03
1.357961371271900787e-03
1.358104506545749308e-03
1.358219045413311052e-03
1.358368779889302649e-03
1.358422395136294749e-03
1.358401442139370221e-03
1.358387246313810673e-03
1.358317313773968991e-03
1.358231450332419033e-03
1.358105378479194242e-03
1.357869966293299112e-03
1.357628292918586135e-03
1.357433790280108184e-03
1.357211509794420748e-03
1.357036207644141297e-03
1.356805660859381965e-03
1.356679926928988601e-03
1.356521389708997133e-03
1.356428249256505427e-03
1.356366131678798416e-03
1.356162531196127398e-03
1.356131349433335135e-03
1.356141233677702999e-03
1.356113253913283348e-03
1.356041693293725267e-03
1.356091828417705118e-03
1.356311838742157994e-03
1.356613095909271196e-03
1.356968968818448923e-03
1.357256110361644346e-03
1.357629478806755916e-03
1.358041465373186103e-03
1.358384868522238527e-03
1.358790890081885278e-03
1.359127497773507214e-03
1.359489468279537509e-03
1.359686308224212136e-03
1.359989956588636244e-03
1.360316739399054439e-03
1.360730045762877961e-03
1.361000143268351840e-03
1.361329517654826220e-03
1.361714509470367349e-03
1.362007682529446087e-03
1.362291368157223957e-03
1.362448986395213600e-03
1.362675193377001952e-03
1.362864981497142547e-03
1.363006596592459835e-03
1.363012045929848284e-03
1.363037152118762568e-03
1.363068868695570604e-03
1.362970940164690047e-03
1.362993606140081330e-03
1.362851543185901199e-03
1.362855143979207952e-03
1.362678437832631241e-03
1.362602810019803053e-03
1.362397893852233116e-03
1.362245605614573456e-03
1.362115833696470480e-03
1.362078586928344541e-03
1.362194347315606778e-03
1.362290001264767746e-03
1.362405894145052613e-03
1.362491783587081902e-03
1.362520124497268925e-03
1.362352361391780918e-03
1.362197362519597561e-03
1.362048263587662148e-03
1.362031852203129554e-03
1.362049974899173701e-03
1.362077817675799631e-03
1.362121645823672093e-03
1.362070640550357929e-03
1.361964810671707510e-03
1.361916612519527194e-03
1.361856586269974889e-03
1.361854605450211466e-03
1.361830430704224094e-03
1.361793075462453808e-03
1.361756263397075409e-03
1.361723327273981800e-03
1.361693878950859119e-03
1.361516864404099846e-03
1.361476657395060616e-03
1.361352726213970821e-03
1.361235537742331268e-03
1.361280101237638800e-03
1.361371301974573060e-03
1.361433312437721962e-03
1.361413089012074307e-03
1.361368161481739609e-03
1.361295710867529117e-03
1.361330019975545962e-03
1.361361835420708691e-03
1.361318517803330195e-03
1.361157459666272485e-03
1.360972896410194343e-03
1.360764299424898488e-03
1.360589973749621023e-03
1.360384467015620909e-03
1.360172953916533641e-03
1.359861774411765803e-03
1.359701846018603749e-03
1.359531773009133243e-03
1.359364552730489475e-03
1.359306306987093744e-03
1.359144386426517368e-03
1.359021112504675685e-03
1.358982190946661592e-03
1.358926144230789522e-03
1.358776568909094654e-03
1.358720138159130730e-03
1.358482230748522986e-03
1.358434998699520595e-03
1.358491159412408920e-03
1.358619219284999593e-03
1.358650730602352580e-03
1.358684065491731589e-03
1.358674941046849206e-03
1.358644851452851582e-03
1.358634140440908742e-03
1.358652288355976807e-03
1.358654408611476841e-03
1.358647404677846291e-03
1.358707072718650126e-03
1.358829801320153010e-03
1.358861383017035893e-03
1.358916528241957715e-03
1.359020821563810969e-03
1.359055410037212155e-03
1.359068723739221283e-03
1.358859474781637204e-03
1.358859565296308700e-03
1.358771868841020117e-03
1.358703310259258773e-03
1.358590980901539695e-03
1.358615591510694024e-03
1.358513066894945741e-03
1.358306247316702804e-03
1.358182900141523698e-03
1.357917089245807511e-03
1.357763779184416320e-03
1.357679662097121143e-03
1.357568456781318034e-03
1.357346683001199594e-03
1.357162323422404391e-03
1.357001278945274472e-03
1.356807322116139556e-03
1.356594994224786079e-03
1.356366205731973900e-03
1.356256319954119967e-03
1.356076516595591070e-03
1.355909220685397451e-03
1.355754825938739307e-03
1.355652856672345851e-03
1.355540659560808443e-03
1.355436450074691719e-03
1.355290297748024033e-03
1.355261509165209960e-03
1.355196219980241840e-03
1.355163512095719069e-03
1.355060406079386858e-03
1.354858038558897845e-03
1.354580924547660629e-03
1.354366070648448973e-03
1.354049790456238840e-03
1.353735481051191510e-03
1.353563888444766009e-03
1.353338756273176615e-03
1.353187707364752112e-03
1.352912171781139612e-03
1.352686665803120398e-03
1.352463864668924281e-03
1.352359573280157530e-03
1.352241979568498051e-03
1.352049194374612458e-03
1.351966640158288376e-03
1.351887369460020921e-03
1.351807149791215247e-03
1.351680629087384468e-03
1.351552591533028294e-03
1.351275554743633497e-03
1.351251265846131495e-03
1.351016491475700437e-03
1.350854921950463963e-03
1.350748066651396998e-03
1.350749420165134069e-03
1.350736228301243095e-03
1.350668719158161588e-03
1.350607505434199248e-03
1.350396499956049885e-03
1.350100130876160298e-03
1.349906164214302639e-03
1.349645479395837058e-03
1.349439834217939973e-03
1.349201567822562150e-03
1.348978239229454631e-03
1.348711317896848869e-03
1.348422627141050842e-03
1.348205821752545674e-03
1.347924949055927723e-03
1.347642332904108817e-03
1.347491622469416213e-03
1.347373244718225085e-03
1.347435033837968360e-03
1.347495043882023869e-03
1.347519941981685510e-03
1.347827578625440106e-03
1.347977646033588590e-03
1.348016212999694763e-03
1.348098126443853699e-03
1.348075995163401566e-03
1.348155660676087809e-03
1.348218355959099855e-03
1.348307764556348765e-03
1.348416260806277033e-03
1.348590516989843719e-03
1.348663931376600355e-03
1.348877845761523378e-03
1.349016820296170807e-03
1.349052891104658486e-03
1.349107202423573343e-03
1.349119136930643443e-03
1.349105632997862425e-03
1.348961475715968004e-03
1.348952044264082901e-03
1.349023784796103730e-03
1.349092842674722839e-03
1.349217240685947946e-03
1.349238923412092233e-03
1.349270357469071558e-03
1.349323677101526902e-03
1.349372246043349481e-03
1.349491087892569496e-03
1.349539196727901841e-03
1.349688026457041348e-03
1.349755562091667057e-03
1.349783446789842552e-03
1.349815911527310099e-03
1.349804191062796248e-03
1.349944357708863238e-03
1.349906471097687228e-03
1.349916247089641983e-03
1.350106177017285601e-03
1.350212571562542678e-03
1.350406371634396176e-03
1.350599833591202862e-03
1.350775907595964768e-03
1.351002199087236516e-03
1.351150479603602673e-03
1.351299133180886057e-03
1.351483401135950089e-03
1.351681207293847428e-03
1.351916585859965240e-03
1.352055238870317850e-03
1.352205159019905737e-03
1.352436258201444429e-03
1.352652600535736351e-03
1.352876945913244902e-03
1.353255240002449811e-03
1.353623292165771590e-03
1.353950781874812322e-03
1.354134514370122560e-03
1.354226675027364992e-03
1.354362451550783757e-03
1.354428323190155162e-03
1.354506813997653032e-03
1.354609475298678995e-03
1.354741866883420100e-03
1.354801396259422940e-03
1.354782623310831239e-03
1.354760006932398874e-03
1.354749592210788365e-03
1.354858979495689652e-03
1.355094943428445439e-03
1.355250955347433658e-03
1.355457299197120220e-03
1.355716178799088248e-03
1.355915996622167026e-03
1.356179012734691014e-03
1.356475310506574010e-03
1.356592175140310889e-03
1.356766387907990369e-03
1.356968747256622528e-03
1.356999791372604609e-03
1.357226683866176366e-03
1.357464293486554136e-03
1.357593135671722375e-03
1.357959262507438475e-03
1.358237851221060638e-03
1.358503335543355091e-03
1.358659752416927066e-03
1.358760830930222938e-03
1.358998009206020428e-03
1.359233495215287019e-03
1.359446032305515516e-03
1.359679069123337402e-03
1.359811669594451333e-03
1.359943063591332246e-03
1.360256318139042245e-03
1.360422696534316356e-03
1.360512288891685666e-03
1.360766709737363297e-03
1.360963022367539651e-03
1.361011075163456700e-03
1.361237130198049558e-03
1.361333596834329949e-03
1.361420951641929876e-03
1.361588290581728766e-03
1.361740561216819500e-03
1.361944642906814289e-03
1.362289406364003462e-03
1.362549560971467203e-03
1.362828658687925123e-03
1.363125047164152762e-03
1.363449749023010150e-03
1.363772876001042179e-03
1.364039518733259088e-03
1.364410877678816705e-03
1.364679268085977181e-03
1.365095507328481939e-03
1.365503122941949922e-03
1.365934995473346404e-03
1.366319543155250114e-03
1.366766898728280326e-03
1.367205818130740264e-03
1.367587435785806932e-03
1.367858788560703939e-03
1.368058715501687967e-03
