3.952215232752796445e-03
3.952215232752796445e-03
3.901059802598906296e-03
3.874705982632166163e-03
3.828749756869585016e-03
3.802883823452497987e-03
3.773001669139243366e-03
3.748236285556811546e-03
3.720075614366918221e-03
3.694155401902172314e-03
3.674280164799967763e-03
3.650906724581063321e-03
3.626552021650086572e-03
3.607688040760251465e-03
3.588318206221209877e-03
3.570227320110968151e-03
3.555122130442027809e-03
3.536730336502008631e-03
3.517917884933643036e-03
3.502637908312190504e-03
3.487081560503452193e-03
3.470788467244195850e-03
3.455311558751513780e-03
3.442800271489666018e-03
3.429612509342397537e-03
3.417975539188455349e-03
3.404891384032198137e-03
3.391417984850676574e-03
3.377952242875874832e-03
3.365515425028774675e-03
3.353105256766679854e-03
3.340957572334215479e-03
3.328468206266361855e-03
3.315864350194996230e-03
3.303099960390479262e-03
3.290059438195726792e-03
3.276810804208156024e-03
3.265449167802040187e-03
3.252408594214607675e-03
3.240733568924984796e-03
3.230224435072012561e-03
3.220005031939724045e-03
3.209731097105934360e-03
3.198375792893807731e-03
3.187249983182843371e-03
3.174827604864803067e-03
3.163132789603262905e-03
3.152025923824841418e-03
3.139944575308687390e-03
3.128168216365500784e-03
3.118539476195470242e-03
3.109617022934914234e-03
3.100188316553627310e-03
3.090722909319047751e-03
3.081684265260030853e-03
3.071945976743233140e-03
3.062051114703447357e-03
3.051189032809071590e-03
3.040988539846209513e-03
3.031842918356276746e-03
3.022390396766869592e-03
3.012428135499854113e-03
3.003438827631481345e-03
2.995888188940807381e-03
2.988734163194134257e-03
2.978157849782362473e-03
2.968368808610217287e-03
2.959630066156624436e-03
2.950592086505443145e-03
2.941705843765094874e-03
2.932395083789648797e-03
2.923750890218347956e-03
2.914972053216344141e-03
2.905170575982077459e-03
2.896082671098884273e-03
2.887795975676991315e-03
2.879244909509725767e-03
2.871410844231681980e-03
2.863416824682022462e-03
2.856340373058739029e-03
2.848388459818250625e-03
2.839480163012236651e-03
2.831395421133852189e-03
2.823539990834485550e-03
2.814772393726803438e-03
2.806683719222328316e-03
2.799314162917780190e-03
2.791656229300127929e-03
2.783605528691328324e-03
2.776694390515931348e-03
2.768477199389544029e-03
2.762636989435141629e-03
2.756930398887671042e-03
2.750409486455440700e-03
2.743132984385337255e-03
2.734986620630799371e-03
2.727237742371145003e-03
2.719707375697886457e-03
2.713660729459472544e-03
2.707034364469397894e-03
2.699735284196096326e-03
2.693242045583676362e-03
2.686608750903823548e-03
2.681202002395011424e-03
2.676581174439717804e-03
2.671199992320771530e-03
2.664398952764863646e-03
2.656920324523839340e-03
2.650025248350641131e-03
2.644484084633278581e-03
2.639449607829786812e-03
2.633484335602808736e-03
2.627014766007175657e-03
2.621159411273502743e-03
2.614459922382331505e-03
2.607566982314305816e-03
2.601179478145559942e-03
2.594679697117427929e-03
2.588921247021801555e-03
2.583576280020514343e-03
2.578808594211172596e-03
2.573174488244382545e-03
2.567008564095060123e-03
2.559815121502467383e-03
2.553510789313179208e-03
2.548443486702660441e-03
2.543888934365886104e-03
2.538943269559676766e-03
2.534635195372099067e-03
2.528679240804857647e-03
2.523286695458210570e-03
2.518675687635018538e-03
2.514305886971036214e-03
2.509710039121559357e-03
2.503949994035468626e-03
2.497679951129515470e-03
2.491364207798504350e-03
2.486247013460681811e-03
2.480783466695217921e-03
2.476751198403408412e-03
2.472979465530723061e-03
2.469125371320817809e-03
2.464846153704683667e-03
2.460791100637324796e-03
2.457145857843413914e-03
2.453715302037261063e-03
2.450728734418918149e-03
2.447091999679231085e-03
2.443947886261531744e-03
2.440445992315822682e-03
2.436287016920686294e-03
2.431730617287057410e-03
2.427101278883463283e-03
2.421965018761049020e-03
2.417740290418268680e-03
2.413930948340255178e-03
2.409325192036725419e-03
2.405161072426722016e-03
2.400638485343548414e-03
2.396572820139082106e-03
2.392153199751735713e-03
2.387517819191785611e-03
2.383383434814114604e-03
2.380110195699230210e-03
2.377329795477259224e-03
2.374892987867841324e-03
2.372702935276022398e-03
2.369429301638759696e-03
2.366290688965205259e-03
2.363158934617488622e-03
2.361300084250518658e-03
2.359329655423248080e-03
2.357027240191238247e-03
2.352954899526618106e-03
2.349212595566604542e-03
2.347278023176679711e-03
2.344032425288203325e-03
2.340369533833118465e-03
2.337626010943564831e-03
2.335125453540366682e-03
2.332423353815263247e-03
2.330301505790340066e-03
2.327580099577051566e-03
2.325138150482737413e-03
2.322775930251574136e-03
2.319567447487674763e-03
2.317297091335294209e-03
2.314017354278755448e-03
2.310728216871549105e-03
2.306972287689101724e-03
2.303715073693643652e-03
2.302335533033978907e-03
2.300785738023875589e-03
2.300002053813636049e-03
2.299537707115822862e-03
2.299311272177335420e-03
2.297735873010405255e-03
2.295882484216890933e-03
2.293441111318528410e-03
2.290214462903592679e-03
2.287451531399180542e-03
2.284845244643315346e-03
2.281451139611089494e-03
2.278560909741959937e-03
2.276087192214120043e-03
2.273341968272927886e-03
2.270405428120521752e-03
2.267998011665288763e-03
2.266147965655430224e-03
2.263559138720314806e-03
2.262866660960202898e-03
2.261372672911276388e-03
2.259376485323261619e-03
2.258134728543541216e-03
2.255556398622547871e-03
2.252654904826310433e-03
2.248770182809537669e-03
2.245124369515360836e-03
2.241207157782694297e-03
2.236971186096719556e-03
2.234037867419214063e-03
2.231347242455738056e-03
2.228409695858002502e-03
2.226882489760615216e-03
2.225957268458580215e-03
2.225542968507282244e-03
2.225572587268235224e-03
2.225683014299709855e-03
2.225668650664637711e-03
2.225231948421509988e-03
2.224155534298467244e-03
2.222725273688866323e-03
2.221100205950425708e-03
2.219094086385891944e-03
2.217336656122793556e-03
2.216681509685107781e-03
2.214317623036986520e-03
2.212503740431939932e-03
2.210689701701123479e-03
2.209643831742196234e-03
2.207849222149790760e-03
2.207117279875363963e-03
2.206515409391592714e-03
2.205458806360092831e-03
2.205077301211087921e-03
2.204390799436336222e-03
2.203125530491065794e-03
2.201973790794741620e-03
2.199908251194544750e-03
2.198072125470213779e-03
2.196416547233626115e-03
2.195478700556543605e-03
2.195073423693892981e-03
2.194653575335693118e-03
2.195168830177913338e-03
2.195227370462823294e-03
2.196006594254770738e-03
2.196128521846760131e-03
2.196799991007390446e-03
2.197073044649827580e-03
2.196406564291044153e-03
2.195837036484810795e-03
2.195106438003997275e-03
2.194800357239173796e-03
2.194337100057699302e-03
2.193717562900702588e-03
2.192638626047350037e-03
2.192296798497251654e-03
2.190707529379198101e-03
2.189397186729281821e-03
2.188566977829549398e-03
2.189065377496913958e-03
2.189838165457583773e-03
2.189725658186534359e-03
2.188879996945265402e-03
2.187843196193461296e-03
2.187806892343696803e-03
2.187652270612815576e-03
2.187443168583946568e-03
2.187892645623740542e-03
2.187508989320106206e-03
2.186827642464971976e-03
2.184271766400336639e-03
2.182543345728079308e-03
2.180680737272403663e-03
2.179368692701981816e-03
2.177940484322411774e-03
2.177027018883544683e-03
2.176318588673995403e-03
2.176269180861675236e-03
2.175769830377954905e-03
2.175546867251475051e-03
2.175579955422300271e-03
2.176396653378555833e-03
2.176648326492426188e-03
2.177944536655232639e-03
2.178118823990393433e-03
2.179392059409846448e-03
2.179865103411186746e-03
2.180349405526701891e-03
2.180872899975084839e-03
2.181047283341115955e-03
2.180656215191604120e-03
2.180975769834490353e-03
2.181023632323269949e-03
2.180899793360157983e-03
2.180656754406807424e-03
2.180304191622491842e-03
2.179598041529181608e-03
2.178822755524303673e-03
2.177845613319741649e-03
2.177225048176584764e-03
2.176736476721150698e-03
2.175930807243379745e-03
2.175777330402719340e-03
2.174982779311052973e-03
2.174548027101004706e-03
2.173463928999781660e-03
2.172560088533866899e-03
2.171492481397334449e-03
2.171142737283913212e-03
2.170672830091709138e-03
2.171253969694769519e-03
2.171628902698732703e-03
2.172477362578480609e-03
2.172409838065083622e-03
2.172853226909207333e-03
2.172838321099237763e-03
2.171548187062651535e-03
2.169710677899655289e-03
2.168081910567775782e-03
2.166646183943984113e-03
2.166021794445485704e-03
2.165941758597254678e-03
2.164923436237926879e-03
2.163785984057536946e-03
2.162092098475098308e-03
2.161442018427350755e-03
2.161278769301944180e-03
2.161220740581369822e-03
2.161765898179620910e-03
2.161975494406138867e-03
2.162511453151546009e-03
2.162949980158948311e-03
2.163384684171841977e-03
2.163501242403101463e-03
2.163776661754447314e-03
2.163867717888903579e-03
2.164014495630409672e-03
2.163576290163427528e-03
2.162679027257925768e-03
2.161884884107075945e-03
2.160560289243354699e-03
2.159379637039832676e-03
2.158485318906802793e-03
2.158557340857160823e-03
2.158381568142299280e-03
2.158253183432516306e-03
2.156681676608239191e-03
2.155388208483425671e-03
2.155382060139562992e-03
2.155971119763893263e-03
2.157683468497043761e-03
2.158112045688786312e-03
2.159359189946097064e-03
2.160521620561676581e-03
2.160665908092080680e-03
2.160498895194959672e-03
2.158911084087793489e-03
2.158449847683028156e-03
2.157431110251849769e-03
2.156037030308787135e-03
2.154482240784790642e-03
2.154042507443627158e-03
2.151605174708245711e-03
2.150595084985702874e-03
2.149518856191934627e-03
2.149191452062220505e-03
2.149226048640024041e-03
2.148906769912148698e-03
2.148592684539039552e-03
2.148865791628279658e-03
2.150421722397891956e-03
2.151355496866742389e-03
2.152374412066360067e-03
2.153514302845667850e-03
2.155048982427628518e-03
2.157017186071035538e-03
2.157855468090561727e-03
2.159358093227539514e-03
2.160581037534973787e-03
2.161537267726675298e-03
2.161750116460582974e-03
2.161866057709216447e-03
2.161643454294841313e-03
2.160526701746056516e-03
2.160022648691168647e-03
2.158483375814495946e-03
2.156833333931913732e-03
2.156304325556134948e-03
2.155779442721347458e-03
2.155920997722791076e-03
2.156792976744234362e-03
2.157921274634598194e-03
2.159208576745359504e-03
2.160873003117863393e-03
2.162319431141825152e-03
2.164427666568940686e-03
2.166174830788702033e-03
2.168334892590276491e-03
2.168735681082958888e-03
2.169452856675330599e-03
2.170575755921116175e-03
2.171319782898415048e-03
2.171945856857615455e-03
2.172745389632821898e-03
2.173549708561396069e-03
2.174254648028055726e-03
2.175714274842307800e-03
2.176196384554198414e-03
2.175652070008358627e-03
2.175403797792490289e-03
2.174735286497942247e-03
2.175723285279252545e-03
2.176873103280397865e-03
2.178842535658748105e-03
2.179680846294658296e-03
2.180469041504298679e-03
2.181144359953938062e-03
2.181521813817619265e-03
2.182331154146344154e-03
2.183550822259849433e-03
2.183400627628566577e-03
2.185319430601250206e-03
2.187275085789495976e-03
2.188660399169213566e-03
2.191848020930197392e-03
2.194175434767207944e-03
2.196785186639151760e-03
2.199256879080836030e-03
2.201958056974912155e-03
2.204779835229682752e-03
2.207557776248351370e-03
2.209264402477112248e-03
2.211213072269057559e-03
2.212885989508471627e-03
2.216415095763459887e-03
2.218496119440733268e-03
2.217135030455121350e-03
2.217206624146618281e-03
2.217467108212544270e-03
2.220014843162133617e-03
2.223542106024268151e-03
2.225610908282810770e-03
2.227946457615566280e-03
2.228854710095353343e-03
2.231829472584420659e-03
2.235657801307346267e-03
2.239272195067058911e-03
2.242077463292304132e-03
2.246750040234931321e-03
2.246185511131576669e-03
2.249391840050556785e-03
2.253450158713374632e-03
2.258771806416105463e-03
2.264870937152222569e-03
2.270324061457601808e-03
2.275944971947029168e-03
2.280961333930980710e-03
2.283836386943699330e-03
2.285403720569651343e-03
2.289011466969942399e-03
2.290655371936374442e-03
2.293747489325195441e-03
2.294548448253632984e-03
2.295439883350956431e-03
2.296565127170281662e-03
2.296516900311207712e-03
2.297586054868935683e-03
2.299979011312235609e-03
2.302312668352486571e-03
2.305247897898675402e-03
2.308445668403526219e-03
2.311637384094386571e-03
2.312894238970823833e-03
2.312686607888567603e-03
2.314927188208768059e-03
2.318500130536277782e-03
2.320080038975110871e-03
2.320666529463050100e-03
2.319573400598461208e-03
2.319717105576749386e-03
2.318906910082477180e-03
2.318292894301931563e-03
2.316550554066807745e-03
2.313781084349561187e-03
2.315342214389308137e-03
2.318103334244858097e-03
2.321451151528979885e-03
2.323493066507661617e-03
2.328177860472630933e-03
2.331351388847031133e-03
2.334112583726008234e-03
2.336448873922272740e-03
2.338111469296826148e-03
2.339398624260010350e-03
2.340674836110007238e-03
2.340656956637327934e-03
2.340973733697227204e-03
2.340353823772326272e-03
2.339841974995805068e-03
2.338788748717947081e-03
2.339085363325200517e-03
2.336690034734601254e-03
2.334388406994804353e-03
2.332214137548882862e-03
2.331494123414267882e-03
2.331159943723673609e-03
2.330354065262272342e-03
2.329477342530441881e-03
2.329098427379504548e-03
2.329846298101219491e-03
2.330818531737331376e-03
2.332866832637800567e-03
2.332790072924545693e-03
2.334774576722895532e-03
2.335975434442142968e-03
2.338731716994830838e-03
2.338849904239921271e-03
2.340210375038999976e-03
2.340121437849106058e-03
2.339444449615295067e-03
2.338975311604459331e-03
2.338323753457278130e-03
2.336503992874207521e-03
2.336050112024671329e-03
2.336586333940521808e-03
2.337332238049018990e-03
2.335693374599353504e-03
2.335081442110293823e-03
2.334300223097854083e-03
2.334729313419811603e-03
2.335814751472228921e-03
2.337042591583292882e-03
2.339248263494631431e-03
2.338414522213301278e-03
2.336947364355529931e-03
2.336184933466192628e-03
2.336354799855046033e-03
2.335958429506207901e-03
2.337024035616942601e-03
2.337222276163847343e-03
2.338082219182867610e-03
2.337198434171826062e-03
2.338197659524834677e-03
2.338685834568701976e-03
2.338903751367850566e-03
2.339288905564351068e-03
2.340261128196071110e-03
2.340692766758422933e-03
2.340684302348875964e-03
2.339196055278501812e-03
2.340231198108428442e-03
2.340137214166940205e-03
2.341691557828983004e-03
2.340989554839467256e-03
2.341057595619785384e-03
2.341742880356836864e-03
2.341508825502390794e-03
2.341470433717148577e-03
2.342195372732894937e-03
2.341984660432669570e-03
2.341391668966907435e-03
2.342481997730904830e-03
2.342729319439708618e-03
2.344736663397925611e-03
2.344901311664450254e-03
2.348269752102311904e-03
2.348519465827914737e-03
2.350990173611214231e-03
2.351506845787331400e-03
2.352611155545558316e-03
2.351137776121036034e-03
2.352456595529976192e-03
2.352899514832019340e-03
2.351710273649039971e-03
2.351208925413766481e-03
2.349241057879459648e-03
2.349539454609902555e-03
2.349949664592248470e-03
2.350403845792589218e-03
2.354150661876757995e-03
2.353678044187973266e-03
2.355344140643981805e-03
2.356532459988187455e-03
2.358401746140101080e-03
2.357151352443321093e-03
2.356832227589492502e-03
2.357016895865912676e-03
2.356261165344986520e-03
2.356071765567246696e-03
2.356560300806437216e-03
2.357071738412716035e-03
2.355957724399957657e-03
2.354884081819351438e-03
2.353557959068297047e-03
2.352439369582204256e-03
2.352112337692436033e-03
2.352788233293953354e-03
2.352877273930796629e-03
2.353849812658300768e-03
2.355410119930257187e-03
2.356260888454988177e-03
2.358385248269205276e-03
2.359434111909187743e-03
2.360346031986491292e-03
2.360176683989023260e-03
2.360581419518044486e-03
2.360324373013191097e-03
2.359181463275859206e-03
2.359370088179903440e-03
2.358977572628873521e-03
2.356700382438278295e-03
2.356166380833773187e-03
2.355993347093857798e-03
2.353466850472994351e-03
2.352898523804969853e-03
2.351757442696346487e-03
2.351529741368911779e-03
2.350572632721612508e-03
2.349225574409553267e-03
2.348628520019153346e-03
2.349486743446775518e-03
2.350077241859183184e-03
2.351280258364803807e-03
2.350789679145708251e-03
2.351714778631754967e-03
2.350486885001500624e-03
2.351425028387810201e-03
2.351654745657496583e-03
2.352201402977482491e-03
2.351815068414198073e-03
2.352912931954477972e-03
2.352826627917637727e-03
2.352328451468283649e-03
2.350552527233339996e-03
2.350610895691418976e-03
2.350805557862464638e-03
2.351313343000350185e-03
2.350915440700460796e-03
2.351488721312667250e-03
2.352584274171356203e-03
2.352452304762083293e-03
2.352099773369341514e-03
2.353386264607258693e-03
2.354357921533638091e-03
2.353729336564223257e-03
2.353695986024983283e-03
2.353260216394566576e-03
2.352801359075573379e-03
2.352112634020722595e-03
2.352611655489241557e-03
2.353012415890158061e-03
2.352405934196237849e-03
2.353794320599165470e-03
2.354117597628208394e-03
2.355301629958539509e-03
2.356352608868055292e-03
2.358099701819445226e-03
2.360024689642546691e-03
2.362689815337839193e-03
2.363866250144731375e-03
2.366595826964658627e-03
2.367661001768767062e-03
2.367572642378428308e-03
2.367240444249009597e-03
2.367152423658648933e-03
2.367322597650983219e-03
2.367141121891597200e-03
2.367916625206749510e-03
2.366288081308372607e-03
2.365849998078623385e-03
2.363052261492269712e-03
2.363191534855728880e-03
2.362465018613032347e-03
2.362661997297075493e-03
2.363025123930506417e-03
2.362013811811960150e-03
2.361749337426658022e-03
2.360795963106437651e-03
2.361446946222099923e-03
2.360456477989906696e-03
2.360708976653127719e-03
2.362173658440160431e-03
2.363111603083614502e-03
2.363217495634331675e-03
2.364586685999218053e-03
2.362737122057529185e-03
2.362650753816215171e-03
2.362718744571044339e-03
2.363300599693661519e-03
2.365828603230301589e-03
2.368215098533271723e-03
2.370649035294032300e-03
2.375776806035829244e-03
2.379326850790524587e-03
2.384383083448497580e-03
2.387083345370888052e-03
2.387255332951254694e-03
2.386977529232673940e-03
2.387145816840183839e-03
2.387093005725587393e-03
2.384336011388181985e-03
2.383263031175084697e-03
2.381743400732322293e-03
2.381086621444569555e-03
2.381099609091328392e-03
2.380142896314603289e-03
2.381329245663591637e-03
2.382038436099565698e-03
2.382744951869265274e-03
2.382978293299448103e-03
2.384229233307743213e-03
2.387476767141406310e-03
2.388648905969379104e-03
2.387991091375414512e-03
2.387368432484281416e-03
2.385446522662920156e-03
2.383192406023322725e-03
2.380284502926912661e-03
2.377749936357890278e-03
2.375487670713562725e-03
2.374056482961769791e-03
2.373387470392190283e-03
2.373702059425574374e-03
2.374319316873139008e-03
2.376510757256006245e-03
2.376469600136237991e-03
2.379614356260662845e-03
2.381111270811675160e-03
2.383554082046073028e-03
2.384279031356648614e-03
2.384896869517422972e-03
2.383932785452340820e-03
2.382969099790751156e-03
2.381960219384893305e-03
2.381147663787453947e-03
2.380023765709101801e-03
2.378510492354660860e-03
2.376009129747355762e-03
2.376928114157350613e-03
2.377571275561565084e-03
2.377558382908429458e-03
2.378128574555229968e-03
2.380264426561045157e-03
2.382392825473489580e-03
2.383662640719422764e-03
2.386565305887756745e-03
2.387058513570667825e-03
2.387040967209161282e-03
2.386686145411946215e-03
2.387142129851803438e-03
2.387797334762744965e-03
2.386688124464805740e-03
2.384806819845887525e-03
2.382543791700988609e-03
2.378444943460780378e-03
2.376090523003854607e-03
2.371489063732507181e-03
2.370336618690220380e-03
2.366929701770288403e-03
2.365505686311733958e-03
2.363766423275041103e-03
2.360707681277123774e-03
2.358349826581338567e-03
2.357803333251934190e-03
2.359934994901609177e-03
2.360166162880359287e-03
2.364420825423830738e-03
2.364413069235977299e-03
2.366254434047325352e-03
2.366344850668918379e-03
2.366887696108452375e-03
2.366960966387450516e-03
2.369598710161908983e-03
2.369524659389817076e-03
2.372704946424475901e-03
2.375452329823384001e-03
2.376005332772208271e-03
2.378596359214248373e-03
2.379350562347437407e-03
2.379056779603588769e-03
2.381819866190013676e-03
2.383943076591823942e-03
2.384933799745370293e-03
2.387449084910608314e-03
2.390822426233364488e-03
2.393075270533666365e-03
2.395520012170488516e-03
2.397837309558071769e-03
2.400482146914504657e-03
2.402169508804634715e-03
2.403491727380391817e-03
2.406306457370375063e-03
2.407316331158888129e-03
2.409314770319054277e-03
2.410927553891210884e-03
2.409795478937847447e-03
2.409543015377771207e-03
2.408152218125270225e-03
2.407423289893231930e-03
2.406915023592286467e-03
2.406026633529571163e-03
2.404756682056042802e-03
2.401489989956054772e-03
2.399417730181646960e-03
2.398980658775693494e-03
2.397973764729778925e-03
2.396633391372518171e-03
2.394967778060206991e-03
2.391591269898671324e-03
2.389910446924781336e-03
2.387730454083399588e-03
2.386132156628408170e-03
2.387270396485857531e-03
2.386164866308635151e-03
2.387937736426400896e-03
2.390027381059062640e-03
2.391261597569672125e-03
2.392720922135537290e-03
2.396282856074127398e-03
2.399039243447790085e-03
2.401105979815602951e-03
2.401804946675789414e-03
2.402221147667037843e-03
2.404290774579164163e-03
2.406661272826834518e-03
2.406491763198302051e-03
2.406648205935559351e-03
2.407895938923712391e-03
2.409375130810850925e-03
2.411878829702541593e-03
2.412226094502885505e-03
2.412072866614462397e-03
2.414211397132363327e-03
2.414667499201768146e-03
2.417506043770491827e-03
2.420620999883913577e-03
2.421383825518912385e-03
2.424335549672688127e-03
2.427886874957405766e-03
2.430420749763553302e-03
2.429180325285874159e-03
2.432710091584165853e-03
2.431291329009272872e-03
2.433016380036499750e-03
2.433962866372552276e-03
2.437646883170299823e-03
2.436289749931500916e-03
2.439453237646035944e-03
2.441262430610620544e-03
2.443495022975087499e-03
2.447089015657003420e-03
2.449464735807551762e-03
2.450808562916586674e-03
2.451624086505417750e-03
2.451566382259005774e-03
2.451875182328436698e-03
2.452268929813335337e-03
2.451675465228544439e-03
2.452276059014346123e-03
2.450719988779939077e-03
2.449048051560023722e-03
2.446331980705763066e-03
2.443234041673083244e-03
2.439524775978718554e-03
2.437151951975975728e-03
2.435767063753862139e-03
2.433218537057279304e-03
2.431722585687111967e-03
2.429202528208203402e-03
2.429976392737414129e-03
2.430348769282767839e-03
2.429666376927500527e-03
2.428838863204536066e-03
2.429988236892893436e-03
2.431550714800375344e-03
2.430787810112540644e-03
2.431733276564969001e-03
2.431642984991402596e-03
2.431030309084383344e-03
2.432282046724860980e-03
2.433076137236311887e-03
2.432010596397417204e-03
2.431016202239699633e-03
2.430017199125982658e-03
2.430317006824805892e-03
2.429265293169509832e-03
2.430020603049454740e-03
2.432669037704917898e-03
2.434614992874228456e-03
2.436410708478565709e-03
2.438060581471060244e-03
2.437755881589639614e-03
2.439620420435250400e-03
2.440556908923085643e-03
2.444209045715196957e-03
2.444295522767217944e-03
2.445188142566452182e-03
2.445096083280358205e-03
2.443955009354853523e-03
2.445594053580552908e-03
2.441015961336336429e-03
2.439130922225538848e-03
2.437836413789288507e-03
2.437856619941566362e-03
2.435501878172191288e-03
2.434075120609039203e-03
2.430936120044534937e-03
2.431288000757059978e-03
2.427405517072584937e-03
2.424825642888358678e-03
2.423965800151151647e-03
2.423349965055445702e-03
2.420607058564472249e-03
2.420262367206267844e-03
2.418690007514033048e-03
2.418290903955122150e-03
2.419266609373197947e-03
2.419115389411129538e-03
2.420192491584220642e-03
2.418912838614415382e-03
2.420135724611145300e-03
2.422632732877325751e-03
2.425217372510712725e-03
2.427466080204540577e-03
2.429128329975237689e-03
2.431524590019352398e-03
2.432442482805199403e-03
2.432267095421555749e-03
2.433265426127293601e-03
2.432690267762636655e-03
2.434135488337775197e-03
2.432286131363353872e-03
2.434157908639463311e-03
2.433530239740505814e-03
2.434033641539157678e-03
2.432534469925006979e-03
2.434692120196944431e-03
2.435788418651268529e-03
2.436386662375947948e-03
2.438408683717516613e-03
2.438917073873305124e-03
2.439712416785170743e-03
2.437186155163860533e-03
2.435374686493124198e-03
2.433140545189911314e-03
2.431956926184596773e-03
2.429373784151923812e-03
2.430096266004460725e-03
2.430368814742273238e-03
2.429467711542449351e-03
2.426593312828094484e-03
2.425855228479498107e-03
2.420531516172347557e-03
2.420327292906302406e-03
2.420453097415526528e-03
2.420346109702030315e-03
2.420096495686541779e-03
2.417964025547405214e-03
2.416622873394438584e-03
2.415873393269848349e-03
2.415523616631376751e-03
2.412783368928742532e-03
2.413593909785889322e-03
2.415635658937418696e-03
2.416650029210380430e-03
2.417133250311052396e-03
2.419453704536923388e-03
2.420824184411678442e-03
2.421745372042231979e-03
2.423575923061495156e-03
2.426162149980821536e-03
2.427571175097731782e-03
2.429273980400784450e-03
2.431431688000440863e-03
2.431365437448691855e-03
2.431344441671721979e-03
2.431123340592690214e-03
2.429464330087938422e-03
2.429423366231359474e-03
2.427663120114433633e-03
2.427528258337034901e-03
2.424552484286191401e-03
2.424839781610443282e-03
2.423750184898668548e-03
2.424159019283382132e-03
2.423816466637023371e-03
2.423782297714320837e-03
2.424980045983123316e-03
2.426879484140242928e-03
2.427434037634649319e-03
2.428134962483583480e-03
2.426141763501978368e-03
2.424537124133365092e-03
2.422531242911173718e-03
2.420643531855153768e-03
2.417573685626471080e-03
2.415357968698312891e-03
2.413196944681574117e-03
2.411983198566299610e-03
2.412058297628145564e-03
2.412607728375084411e-03
2.412226480616264188e-03
2.412557890401498695e-03
2.414302298780075448e-03
2.415833477207670558e-03
2.415524856801130969e-03
2.416859942813763193e-03
2.417944041163886965e-03
2.415958201233993612e-03
2.418389550478660874e-03
2.418492623357415983e-03
2.419347948779576683e-03
2.420786248344546174e-03
2.421175158474178028e-03
2.422840471375806767e-03
2.425857325869763912e-03
2.428446153102841072e-03
2.429234052793081272e-03
2.429098030959542850e-03
2.432093737098665713e-03
2.432861165047519193e-03
2.433497217620210658e-03
2.432568299505052239e-03
2.431154702913619712e-03
2.426644962641881509e-03
2.426017626202136949e-03
2.424815191849450258e-03
2.420811600372866149e-03
2.419275100868169531e-03
2.420163034498038455e-03
2.418857763688394159e-03
2.419563961102822770e-03
2.418795096163166899e-03
2.422126740351637775e-03
2.421969881095165089e-03
2.423730916555573000e-03
2.425555940660122957e-03
2.427050396471822861e-03
2.428816019364506400e-03
2.430972671040699997e-03
2.432699640968686954e-03
2.434425834406144049e-03
2.435805206817371477e-03
2.437399939561420235e-03
2.439809743755541778e-03
2.441932648103071167e-03
2.442873106559797364e-03
2.444725777705389260e-03
2.444111111732802811e-03
2.444414149482736307e-03
2.443265965500022400e-03
2.443117098690176549e-03
2.442062853337970216e-03
2.444009607313346773e-03
2.440388307129699643e-03
2.439704492334908957e-03
2.438618030391942471e-03
2.438018458682441117e-03
2.434639733724807634e-03
2.433055393305527409e-03
2.434814239156396498e-03
2.435680758286069315e-03
2.434922611165677049e-03
2.435981664659601052e-03
2.434080741222130039e-03
2.435282743059343207e-03
2.437053660492767906e-03
2.437717461012044347e-03
2.437989950951987509e-03
2.437357793344386084e-03
2.437220462768127562e-03
2.437671604839851576e-03
2.434525103391596383e-03
2.435092410953169743e-03
2.433437449991708926e-03
2.435814623375707512e-03
2.435318264448011350e-03
2.436294047492306835e-03
2.437091722811726875e-03
2.440541834769831449e-03
2.442429694316073686e-03
2.442556808403553974e-03
2.443711123845929058e-03
2.445706602425286053e-03
2.446940450954452912e-03
2.450904877592353232e-03
2.453602434757160434e-03
2.457166504379316302e-03
2.458122626660268466e-03
2.460641703666526479e-03
2.463078943994253481e-03
2.465050503141829729e-03
2.464937351370753184e-03
2.465978503743742212e-03
2.466123928473489685e-03
2.467024679011878795e-03
2.468276390002345673e-03
2.469679309401149464e-03
2.469781987679549144e-03
2.472735240672852084e-03
2.472220121445981109e-03
2.473154985702480987e-03
2.474287681323073841e-03
2.475542189810513508e-03
2.475674749745860638e-03
2.476285197620195760e-03
2.476488451457117563e-03
2.476115012096255074e-03
2.473755836943434053e-03
2.472281915287340495e-03
2.470194958269016864e-03
2.466932570888626542e-03
2.465497735646427109e-03
2.465448445853011487e-03
2.464272427661150840e-03
2.462024417032918772e-03
2.462043654968644121e-03
2.463533961550040501e-03
2.464557689373190509e-03
2.468457908527851765e-03
2.471532033623981446e-03
2.472190414895177654e-03
2.475860721541691279e-03
2.474900594000755630e-03
2.475256172090584735e-03
2.476620689673658150e-03
2.475371218776403325e-03
2.475451938537968303e-03
2.476126106349348967e-03
2.475239811654525446e-03
2.472922067703479769e-03
2.474253374613198143e-03
2.470434785791414661e-03
2.467392463623874644e-03
2.463146854328447655e-03
2.460502434090743647e-03
2.456560792609511004e-03
2.452976661403202981e-03
2.450794112879620210e-03
2.446110543181366677e-03
2.443646382695862686e-03
2.442198425185376515e-03
2.441849659257066749e-03
2.440343611698957312e-03
2.439763323019187094e-03
2.438190083086479772e-03
2.437063299924198487e-03
2.435937757855733462e-03
2.434833533962906405e-03
2.433742345986847702e-03
2.433942116557890212e-03
2.434497094213446816e-03
2.435566208202909026e-03
2.436006326024725121e-03
2.435022098598521936e-03
2.436826547690575627e-03
2.436352919519495404e-03
2.436920487376756112e-03
2.437506203380722294e-03
2.437734717598636757e-03
2.436276233735762756e-03
2.437165999134325439e-03
2.437664241689235008e-03
2.436737040630806029e-03
2.436319915147016051e-03
2.441100663665959729e-03
2.438477294565924696e-03
2.436062813149578177e-03
2.436570783219313505e-03
2.435135303583431995e-03
2.437305853275014301e-03
2.437421007839105178e-03
2.437654482061515308e-03
2.437087986751788893e-03
2.438009001602124779e-03
2.439112705115902956e-03
2.439419116761823263e-03
2.439340095481725736e-03
2.440959059614552801e-03
2.440288212162758374e-03
2.439330533817180534e-03
2.438832890942834418e-03
2.437869632035010760e-03
2.436197006924304201e-03
2.433796072252109900e-03
2.432470743512922615e-03
2.430705297133523100e-03
2.428254252375134162e-03
2.425037779879424173e-03
2.420962707275962651e-03
