3.938089569531641118e-03
3.938089569531641118e-03
3.337796000055280946e-03
3.198325026283745705e-03
2.872896071858948262e-03
2.766771476841529704e-03
2.646430281906422214e-03
2.600813263562442267e-03
2.566576036181402159e-03
2.483890199091312329e-03
2.557716972181165241e-03
2.491640054938231742e-03
2.616594106979593885e-03
2.616464255344312737e-03
2.847050064556975058e-03
2.935252175843016103e-03
3.122355137860372692e-03
3.520078442648766869e-03
3.779282711673178415e-03
4.318930203656575449e-03
4.548861533640217482e-03
4.751552656885464458e-03
5.139139869214819946e-03
5.338094015892369711e-03
5.543770875495989021e-03
6.001986634479893924e-03
6.292785006177394058e-03
6.712517060015874525e-03
7.165380159909733732e-03
7.388222636130798056e-03
7.606942777492523705e-03
7.759162823600130807e-03
7.936186621338076064e-03
8.195495274915816364e-03
8.548186533885842806e-03
9.233290791444213885e-03
9.430165922096141531e-03
9.933266912783001584e-03
1.014591315570760599e-02
1.054675071870025439e-02
1.077584918660146572e-02
1.111559400488078622e-02
1.119157977149728284e-02
1.182157803722582237e-02
1.224534971946844401e-02
1.247975798252016176e-02
1.300789965977850945e-02
1.339983868438792206e-02
1.385932975425871634e-02
1.426396311869440429e-02
1.494769511176674559e-02
1.594066896029271846e-02
1.650897532266786330e-02
1.718941674032625766e-02
1.792137993417791328e-02
1.827662035256578249e-02
1.871234891159824151e-02
1.929675118298280340e-02
1.967073309249989244e-02
2.016299781504514443e-02
2.069811890761576179e-02
2.156618612900997739e-02
2.222876891691847809e-02
2.287687192829566604e-02
2.301462363943270958e-02
2.388427578550268715e-02
2.475894196868348024e-02
2.557878717720280665e-02
2.614193921115443020e-02
2.667626826331270101e-02
2.713568363984322426e-02
2.768692912596508460e-02
2.806403621899286605e-02
2.917897031482984821e-02
2.970471378234542173e-02
2.997374330364224043e-02
3.083649672651768772e-02
3.123672303965909294e-02
3.238503323684977647e-02
3.310337830464613745e-02
3.389990231508682728e-02
3.470601479004632728e-02
3.531562018614974041e-02
3.586410998650461229e-02
3.668447046554096369e-02
3.699066262553604018e-02
3.772819646244305464e-02
3.851396519766186327e-02
3.900576194764920207e-02
3.993259176578300984e-02
4.073016647611923252e-02
4.159034733602780254e-02
