3.970125283118863986e-03
3.970125283118863986e-03
3.868719971632712720e-03
3.826917775883496766e-03
3.738345867965147794e-03
3.705109413991515381e-03
3.648219136456705598e-03
3.603371809344905075e-03
3.549330953199603730e-03
3.515116771576169263e-03
3.468171473648032181e-03
3.435584856672078968e-03
3.406723199167875291e-03
3.380317590521811875e-03
3.352388674199524750e-03
3.327119623155931280e-03
3.303073475096855206e-03
3.279381050842280088e-03
3.257605752524877704e-03
3.232944484387790043e-03
3.212158689378978062e-03
3.191110502021519881e-03
3.167829713601293118e-03
3.150803210721502077e-03
3.130248819711308351e-03
3.108882690647709907e-03
3.094735204925433761e-03
3.070643585178626546e-03
3.049152432105314055e-03
3.035306130440214821e-03
3.022130034331375024e-03
3.003859697616274426e-03
2.991900760935251903e-03
2.976788155601383084e-03
2.954271565209401918e-03
2.940196400307259518e-03
2.928204815273207674e-03
2.913648029379640233e-03
2.900846456832226888e-03
2.884917236754938868e-03
2.869146341103071506e-03
2.853415769099972715e-03
2.838707157252479910e-03
2.826051148700476408e-03
2.812138306665185918e-03
2.798475134082089102e-03
2.783942319240433321e-03
2.764716391754311244e-03
2.748821224375197925e-03
2.734563997949773350e-03
2.722437588821997097e-03
2.705982460371321799e-03
2.691570980996049918e-03
2.681888677257325201e-03
2.666678453317559289e-03
2.655766518078306760e-03
2.644183998416908214e-03
2.635471993957085816e-03
2.625810719905310835e-03
2.617047673143850072e-03
2.606582672191905953e-03
2.597291922489042889e-03
2.593970463333500169e-03
2.580887922320643929e-03
2.574297179433729724e-03
2.570040538537473728e-03
2.561400802526253920e-03
2.552481733755595887e-03
2.545768872372798034e-03
2.537933623473420490e-03
2.528001030610620148e-03
2.517626189887095002e-03
2.511237877866850758e-03
2.505890092591835008e-03
2.495010928234284771e-03
2.482958559883684940e-03
2.474829450891829086e-03
2.466364933140400856e-03
2.458916389135224704e-03
2.448126963262505472e-03
2.447358520820208747e-03
2.439954482012353463e-03
2.437981085993056948e-03
2.429098087591163250e-03
2.422717677545381358e-03
2.417015454887801260e-03
2.407914407588591932e-03
2.399850246669860132e-03
2.393198980453958933e-03
2.384840554874460665e-03
2.380948867858315946e-03
2.374568880223634944e-03
2.368973566091236299e-03
2.366119447328210793e-03
2.358657518520342229e-03
2.354669500157175865e-03
2.347619810569692538e-03
2.345783511481253775e-03
2.341331649202437783e-03
2.327901812213141203e-03
2.321266609809571977e-03
2.318709878281314824e-03
2.312972326819975107e-03
2.308699932151723859e-03
2.304149249674745416e-03
2.292211509986305084e-03
2.287016508539123794e-03
2.282154176152659079e-03
2.276450402102720653e-03
2.273478649015560696e-03
2.268106843784216311e-03
2.267302158149861382e-03
2.261168917740499079e-03
2.260489233716048325e-03
2.261368776006351770e-03
2.255083961425694439e-03
2.257019966810971424e-03
2.252062343318897170e-03
2.249568704859507100e-03
2.244207022038904355e-03
2.243112176749351497e-03
2.240172761432765707e-03
2.241590246288237536e-03
2.236141396976741927e-03
2.233333947790410497e-03
2.235731924481059764e-03
2.236450486237701648e-03
2.233534861544391077e-03
2.231993511453820959e-03
2.228650234769821627e-03
2.229020359862635744e-03
2.230601707366184315e-03
2.227576939607107606e-03
2.226610610153419070e-03
2.230007120661170288e-03
2.225882314728119642e-03
2.221826292508694879e-03
2.222412723188065421e-03
2.220167847938453280e-03
2.220889728096269236e-03
2.219483432484658288e-03
2.216005565446173449e-03
2.215558027181787487e-03
2.211987174418131308e-03
2.211851317491074585e-03
2.210511719570731198e-03
2.208115412531019839e-03
2.208092842509164037e-03
2.208117824943944211e-03
2.211574297290725896e-03
2.207762042125088840e-03
2.206714298170602603e-03
2.204815970485642530e-03
2.205521256980188648e-03
2.199965679894408475e-03
2.199105332833605972e-03
2.199398276140053943e-03
2.195369342616079137e-03
2.189207583455903255e-03
2.183741903830010728e-03
2.179368431835201382e-03
2.177498803616541734e-03
2.174433954460635449e-03
2.173459831291991388e-03
2.170227399124988535e-03
2.166834560017973262e-03
2.161954385472546897e-03
2.166456798158339098e-03
2.166433613351385467e-03
2.163950248726902344e-03
2.166394785329261996e-03
2.166962834384329132e-03
2.173170757820186254e-03
2.172793492785007798e-03
2.171734705824769542e-03
2.171960597819284650e-03
2.173028984740252474e-03
2.171407224077880147e-03
2.169938735166924895e-03
2.175273385553056198e-03
2.172636423913813265e-03
2.173364926440374614e-03
2.174672646583799412e-03
2.174604137420987470e-03
2.175072031362285281e-03
2.172345696064674220e-03
2.173159080652536761e-03
2.171616839263826749e-03
2.170170016020726757e-03
2.167060602026633573e-03
2.163405015146493190e-03
2.165122440110741047e-03
2.170265832170530616e-03
2.163256083576713812e-03
2.166213691291302146e-03
2.166466335181103930e-03
2.168312059303143056e-03
2.165813851057706019e-03
2.168199618148936979e-03
2.170620227109006789e-03
2.170442907201189896e-03
2.169144448409244218e-03
2.169210433944227748e-03
2.175736995712824421e-03
2.182100942484395401e-03
2.188210920316073678e-03
2.191370546725710054e-03
2.194941736665946292e-03
2.199801173372917078e-03
2.201190798090318663e-03
2.204258080232184783e-03
2.202617636502240267e-03
2.203651731403998178e-03
2.201557866993107335e-03
2.205036064189906490e-03
2.203826970183085654e-03
2.205652833614681844e-03
2.203933850254817441e-03
2.204786822597802620e-03
2.207805540408346295e-03
2.207703515868703753e-03
2.209346003790059031e-03
2.208789897211765451e-03
2.209402833159456424e-03
2.213993117628455191e-03
2.213700252503048287e-03
2.211905184246767703e-03
2.215685292816931950e-03
2.214530416767503031e-03
2.214873355320523020e-03
2.213877280791727922e-03
2.217787195633167795e-03
2.219563456687598246e-03
2.209368572601621249e-03
2.213457860419042710e-03
2.213246944181537085e-03
2.220973080800639834e-03
2.221150149926133868e-03
2.217221152567637032e-03
2.214721780920286993e-03
2.211515707411814725e-03
2.220238291220466391e-03
2.215118577053518112e-03
2.216952093682781916e-03
2.216398766050300083e-03
2.218238219570135492e-03
2.218927303997715334e-03
2.226846463431971391e-03
2.227499035030052615e-03
2.224187091709563420e-03
2.227687574182940240e-03
2.230656366170607422e-03
2.237444235239836182e-03
2.243539173500658842e-03
2.241016256907418271e-03
2.242699718963582587e-03
2.242001144821653344e-03
2.242938660977113197e-03
2.246535515960910306e-03
2.252299905154912536e-03
2.254053840694045848e-03
2.256854818020673312e-03
2.260524496811061775e-03
2.266061091262591438e-03
2.269632817836452800e-03
2.270775375399790730e-03
2.269106526633692719e-03
2.273391487152346714e-03
2.275168998742050589e-03
2.277076128925472134e-03
2.276744382400150424e-03
2.274603888659662392e-03
2.279214036462105363e-03
2.276950637551320138e-03
2.283225733111219572e-03
2.284489528548312113e-03
2.284540514843583399e-03
2.288717204690655493e-03
2.290900656657355889e-03
2.289467258330020894e-03
2.290592744288976954e-03
2.290455081301699149e-03
2.294627891378653653e-03
2.290510275648208194e-03
2.292170685489592231e-03
2.294854215406369642e-03
2.298438594979715973e-03
2.304108044610592588e-03
2.305082380717650946e-03
2.308561496966160271e-03
2.305418877919756474e-03
2.312924938890135399e-03
2.314376812887466474e-03
2.320223340274998446e-03
2.318376440933328942e-03
2.320216952580847914e-03
2.324225543695249488e-03
2.329678670401134303e-03
2.330150910601567257e-03
2.327763864844845099e-03
2.325981616958190234e-03
2.329222497335097734e-03
2.334063379902570276e-03
2.337668714947505923e-03
2.338627724053657982e-03
2.342719144962257093e-03
2.345817618263862023e-03
2.340992036100624299e-03
2.343486562753990636e-03
2.343087835756476386e-03
2.343853262071531485e-03
2.345982398585536033e-03
2.349389253965971855e-03
2.348231723717899948e-03
2.345900339881749636e-03
2.346656910778614769e-03
2.345088514651069971e-03
2.343200656742814355e-03
2.347417486225408540e-03
2.349577658927263710e-03
2.347699516992410220e-03
2.348631226982952295e-03
2.352242700037241764e-03
2.351654143929156685e-03
2.352222269294101074e-03
2.354623553332805055e-03
2.359370309724911473e-03
2.363622958525839982e-03
2.368567159393885051e-03
2.365353068563278045e-03
2.368243443461905996e-03
2.363301016919133572e-03
2.366141966327956012e-03
2.365130061281440869e-03
2.374798656517714338e-03
2.377666643317472711e-03
2.388035185719541900e-03
2.390305711226376525e-03
2.399349542124416378e-03
2.405167975977798734e-03
2.417461320326079986e-03
2.425886041906646483e-03
2.438692014425176014e-03
2.432033182934234278e-03
2.446470992911240275e-03
2.454105591772243449e-03
2.478786680409400447e-03
2.492436808395981016e-03
2.515907010432189787e-03
2.532681914003111646e-03
2.553688876333129465e-03
2.563663357171094229e-03
2.573067923774268080e-03
2.586002549642987813e-03
2.598031001482660560e-03
2.620724572442989335e-03
2.634938203595297602e-03
2.661931733428025536e-03
2.679865844238063597e-03
2.699357469415156804e-03
2.732844664946938121e-03
2.751399124869515628e-03
2.766665169086487616e-03
2.767937270130800802e-03
2.781975769873116545e-03
2.788679531941091940e-03
2.801022540803600486e-03
2.823528139671905614e-03
2.841662121898319137e-03
2.860180524825363651e-03
2.864025757466635066e-03
2.876335797560371742e-03
2.901814205959541912e-03
2.917588859172364803e-03
2.932511513638659008e-03
2.943570783368964269e-03
2.963853982026128618e-03
2.978083631109467062e-03
2.988975470347437265e-03
2.983250483045609379e-03
2.991347172449434610e-03
3.003360837764633764e-03
3.007565947122531683e-03
3.015746205624698830e-03
3.025426820088812294e-03
3.035403559334663975e-03
3.042284700736289441e-03
3.040963846777207207e-03
3.040437335226385714e-03
3.053337247763830437e-03
3.059017111839750815e-03
3.060314331378206736e-03
3.052788950348303814e-03
3.060692578946750189e-03
3.053895750129330226e-03
3.072095389562330258e-03
3.076184350652916896e-03
3.084635528873644165e-03
3.086848092049127110e-03
3.102447943851141272e-03
3.117450431948453476e-03
3.116932156548146184e-03
3.126341455449708259e-03
3.119077569353580388e-03
3.139444615782998292e-03
3.136231983849397525e-03
3.145720938280366016e-03
3.139695972750287077e-03
3.146315274683171830e-03
3.142243648936698941e-03
3.146774802613499285e-03
3.159307781631158323e-03
3.154813877599091723e-03
3.154620753046733818e-03
3.147821049221954069e-03
3.154542601233132487e-03
3.145054219810627157e-03
3.157080467948173742e-03
3.148264140101288654e-03
3.159371033443407559e-03
3.160465989704583367e-03
3.158991458443330055e-03
3.151346945879835142e-03
3.151883651786741621e-03
3.152053569676850110e-03
3.156008834086136607e-03
3.166469096403744243e-03
3.171535292576838690e-03
3.169228571461964183e-03
3.159870396027825070e-03
3.166218390225832707e-03
3.166117733522533055e-03
3.170561247868329720e-03
3.173039224508672398e-03
3.177048318741907459e-03
3.175860970547494336e-03
3.168354842841314932e-03
3.162103879730934677e-03
3.162393045016564149e-03
3.149152743504228785e-03
3.146956595921596156e-03
3.144645286952999289e-03
3.132956962727337629e-03
3.124354886260582043e-03
3.130607699876640244e-03
3.131898329038028742e-03
3.141226063665849503e-03
3.143509276812210800e-03
3.157157342692395573e-03
3.164389997444507722e-03
3.173291375254423414e-03
3.188495538244589048e-03
3.198982993655669852e-03
3.204955516091712552e-03
3.216864792945403183e-03
3.223175232473063367e-03
3.231159849522528219e-03
3.233792487149661412e-03
3.233165976480699335e-03
3.232940513048633210e-03
3.239367571984023021e-03
3.233113003526090577e-03
3.240602539532689771e-03
3.227056465381318399e-03
3.225457725011505409e-03
3.226609378543064590e-03
3.230346689183421095e-03
3.222571601378698605e-03
3.228659532045494510e-03
3.225989993001694613e-03
3.230033880102071292e-03
3.229275055328341068e-03
3.237142468282893943e-03
3.233108795715030487e-03
3.242220683628043148e-03
3.249628833418841383e-03
3.253984147484101017e-03
3.261639856124113213e-03
3.268045258846344770e-03
3.271645289868148690e-03
3.288663302123203021e-03
3.293387656405367611e-03
3.301397102566322808e-03
3.299971115425365947e-03
3.307250582457613684e-03
3.292757131844601098e-03
3.297292569530809511e-03
3.288890228017741883e-03
3.294562792511808794e-03
3.294025883760609303e-03
3.312805174688049879e-03
3.316743844809753004e-03
3.324844300591333051e-03
3.327085544651169676e-03
3.347867638998938862e-03
3.347258242694528627e-03
3.365001299536953677e-03
3.370147195451568111e-03
3.380301373047512204e-03
3.390017076407890809e-03
3.395989592810349286e-03
3.405649123216186128e-03
3.402614304500879792e-03
3.401440034900568912e-03
3.398480872713188338e-03
3.407512539089923437e-03
3.408309016323113859e-03
3.413034510361685325e-03
3.410770064094282000e-03
3.410748177372671143e-03
3.409077550761303258e-03
3.426738789152129414e-03
3.420392930443781447e-03
3.434980067148155330e-03
3.435295267751172030e-03
3.453670293514554505e-03
3.456478711595562664e-03
3.473636020348096470e-03
3.473790723849594017e-03
3.475827777314822661e-03
3.488656450418340348e-03
3.491015668914614328e-03
3.498304889104547621e-03
3.500275707271661985e-03
3.490586728368791011e-03
3.489271001779197402e-03
3.492318918533961463e-03
3.504669054459176071e-03
3.516267677303239105e-03
3.523768461217748060e-03
3.529481676082434072e-03
3.536831632358700388e-03
3.546158300013269645e-03
3.561591475626264738e-03
3.555335267693286120e-03
3.571794428088720819e-03
3.555843934439319697e-03
3.579357275641541301e-03
3.559351791828928909e-03
3.568665866434863037e-03
3.549436336368973904e-03
3.572659537289308695e-03
3.549225492199677319e-03
3.568583422774353458e-03
3.566219871304714389e-03
3.584532155643449600e-03
3.574783171455442506e-03
3.578739115146230276e-03
3.580407140423517293e-03
3.574019381764755119e-03
3.575709943075575797e-03
3.582959602285591769e-03
3.575326523375410917e-03
3.581787259483689648e-03
3.581126735723812616e-03
3.602110184528138376e-03
3.602738066904592404e-03
3.615894298603909100e-03
3.622872096289388427e-03
3.618829499427961716e-03
3.622573476155036432e-03
3.633032342406853320e-03
3.642298268063797698e-03
3.647481817945932066e-03
3.662198665196101516e-03
3.671731021431736720e-03
3.686455363731351402e-03
3.684576568871154346e-03
3.694194359975365959e-03
3.703143017800664041e-03
3.692177439710449521e-03
3.686948213502349702e-03
3.679554019675396106e-03
3.675867252928690342e-03
3.670079634544642661e-03
3.671888289947327754e-03
3.679160632241373300e-03
3.665655130153724905e-03
3.674252890284566368e-03
3.666000419435636384e-03
3.673693633189280099e-03
3.669803758392746734e-03
3.677099544839163448e-03
3.675710346231342209e-03
3.680032427074700872e-03
3.683310138019760087e-03
3.683303252554102816e-03
3.693712089306622898e-03
3.690784961164746223e-03
3.696140999192543478e-03
3.704233325164791712e-03
3.704440142311156599e-03
3.704217928798880354e-03
3.696581116950478814e-03
3.693703240153309569e-03
3.694083157263683328e-03
3.688130104017342016e-03
3.689981917732269683e-03
3.691546103826642573e-03
3.691092871635570996e-03
3.683907913502129563e-03
3.685773499290577026e-03
