3.938089569531641118e-03
3.938089569531641118e-03
3.371561089678415651e-03
3.142842586764209994e-03
2.839288370118410020e-03
2.628951942628160888e-03
2.479708868172327170e-03
2.365405330516075124e-03
2.277555176485302618e-03
2.192821218611304586e-03
2.119388098230927126e-03
2.068366403820557156e-03
2.016751365352845854e-03
1.962201883606120786e-03
1.924715271552483210e-03
1.890823932976132575e-03
1.859966665086782746e-03
1.814087062523105000e-03
1.777608901515914403e-03
1.738505787128744127e-03
1.713850804212725763e-03
1.694950642028887925e-03
1.668112357689082587e-03
1.641388254125167659e-03
1.614343946145476274e-03
1.601845946841338152e-03
1.574081006083220911e-03
1.554850777663899621e-03
1.532322595627897939e-03
1.507518673102361184e-03
1.488280201356168963e-03
1.474472865473399870e-03
1.451506625556272341e-03
1.432571478654971016e-03
1.430744818054466251e-03
1.417837476424899231e-03
1.417310923731566032e-03
1.398774639250610326e-03
1.403595633944877599e-03
1.386015022436386289e-03
1.394077927390713779e-03
1.376800906595935549e-03
1.376128421469450603e-03
1.351809640000928812e-03
1.350790371647839390e-03
1.340654090312231369e-03
1.323335326660976833e-03
1.315718478583949606e-03
1.303484006155687441e-03
1.290108380004036581e-03
1.280229236201138642e-03
1.275050825225958109e-03
1.259112764069898012e-03
1.252969542861797443e-03
1.243077180719762490e-03
1.238877725614644532e-03
1.235604197319734509e-03
1.244499470568365563e-03
1.239696953906026418e-03
1.244223156515458393e-03
1.234778717927249294e-03
1.239637086438604135e-03
1.239598111944190421e-03
1.239118898080489089e-03
1.240312369261754128e-03
1.235076902648781557e-03
1.240300395690139895e-03
1.247473899821845969e-03
1.240408992271347906e-03
1.253231638816301773e-03
1.253449200324825534e-03
1.279919039784291768e-03
1.273946767674953313e-03
1.273684814528078637e-03
1.290830269882756740e-03
1.305358888725656388e-03
1.307802260331611356e-03
1.316618144585939443e-03
1.317740553281245876e-03
1.328084496730955189e-03
1.330953788278601202e-03
1.332739278400479855e-03
1.378339231536850583e-03
1.421912611516482202e-03
1.493702798052695723e-03
1.585145253018558405e-03
1.637466665657602788e-03
1.727584470596672849e-03
1.760191923816375537e-03
1.809211565866590803e-03
1.833058549556746287e-03
1.857312171487820324e-03
