3.945394954300631210e-03
3.945394954300631210e-03
3.936714375727782232e-03
3.929611935102285056e-03
3.921523061325718484e-03
3.912865561693035579e-03
3.905439631310737326e-03
3.898953053208234834e-03
3.893091553279388450e-03
3.886858371898171526e-03
3.879822013129873275e-03
3.872835218995750606e-03
3.866127668573532059e-03
3.859186266376568065e-03
3.852749885570620238e-03
3.847110819150350355e-03
3.841253917911428058e-03
3.835462792832591665e-03
3.830155042058096607e-03
3.824511020574796263e-03
3.818457612436905804e-03
3.812841537698010656e-03
3.807411275939662741e-03
3.801413784039830903e-03
3.795287404411304844e-03
3.789649097186776391e-03
3.783525918822851393e-03
3.777052948230214327e-03
3.771268102017321169e-03
3.765708866604334289e-03
3.759471043871562539e-03
3.753244581210350012e-03
3.747400542245573653e-03
3.741104358927032931e-03
3.734493622626590664e-03
3.728493335588501257e-03
3.722847539039355301e-03
3.716840201107296515e-03
3.710752698354954915e-03
3.704761841444076734e-03
3.699142020148697262e-03
3.693602585298543829e-03
3.687724304191008617e-03
3.681880944516549830e-03
3.676227247661682188e-03
3.670415290439934045e-03
3.664273910660820633e-03
3.657982855551523884e-03
3.651476634769449531e-03
3.645247945907106012e-03
3.639344498278210879e-03
3.633322727728793486e-03
3.627381876619591421e-03
3.621537918012769294e-03
3.615879159231574335e-03
3.610351936086458706e-03
3.604394517479972415e-03
3.598160370355707027e-03
3.592116280928494675e-03
3.586668524207588683e-03
3.581345521403361560e-03
3.575348205423372217e-03
3.569076233813892312e-03
3.563337883460243952e-03
3.557849016938290695e-03
3.552219368358575970e-03
3.546442612675224700e-03
3.540759729245699077e-03
3.535460838477639135e-03
3.530217529678474249e-03
3.524717812299392808e-03
3.519554307917297387e-03
3.514473870174843369e-03
3.509098842046614285e-03
3.503732459852013092e-03
3.498507302986631536e-03
3.493487452621474570e-03
3.488442532979841269e-03
3.483322953291976241e-03
3.478328882985603620e-03
3.473220640892250247e-03
3.468081396754801784e-03
3.463099673433988127e-03
3.458113661966946174e-03
3.452892440092744739e-03
3.447396754769417680e-03
3.441567681763835901e-03
3.435945241248748987e-03
3.430735626709695285e-03
3.425600746601678050e-03
3.420184327160912668e-03
3.414698034527186531e-03
3.409531232104813167e-03
3.404547417264844160e-03
3.399312657930224878e-03
3.394008640674701666e-03
3.389072955250428155e-03
3.384148871745468797e-03
3.379270124833575091e-03
3.374424091185625890e-03
3.369171004211271320e-03
3.363933175501919795e-03
3.358963572477036228e-03
3.354215454707931265e-03
3.349518419712402967e-03
3.344696190203115711e-03
3.339782966829418949e-03
3.334692993050204345e-03
3.329280350701028981e-03
3.323827763692538580e-03
3.318800263032600263e-03
3.314019686088711097e-03
3.309013432206195718e-03
3.303939881087322120e-03
3.299205033618135986e-03
3.294454175400805904e-03
3.289502892942049433e-03
3.284529120118534484e-03
3.279756025694606589e-03
3.274768347804265806e-03
3.269791363372934797e-03
3.265096401743580127e-03
3.260627842887654521e-03
3.256141783253631815e-03
3.251625623449036495e-03
3.246852195519610209e-03
3.241859253745936302e-03
3.236911165512579638e-03
3.232147602802028230e-03
3.227398085604444352e-03
3.222615348468326965e-03
3.217873907795763041e-03
3.213036053523995843e-03
3.208028748787517589e-03
3.203188408495392936e-03
3.198486738260475706e-03
3.193913255627278940e-03
3.189727544236646908e-03
3.185626954041438728e-03
3.181105015869901791e-03
3.176209480398510619e-03
3.171254908934041401e-03
3.166597414359308311e-03
3.162117589539609284e-03
3.157699705866483242e-03
3.153447699657058179e-03
3.149211545365099285e-03
3.144860185957238947e-03
3.140067017466330324e-03
3.135261604035012844e-03
3.130681582446422431e-03
3.126421681861644292e-03
3.122078133156998801e-03
3.117381839234800809e-03
3.112557458884719023e-03
3.107929099146528821e-03
3.103505900769641928e-03
3.099146351905063788e-03
3.094841835705782005e-03
3.090299902324873151e-03
3.085683429847433778e-03
3.081108925910866145e-03
3.076696231808871435e-03
3.072298178402505658e-03
3.067569779931209918e-03
3.062596968215145973e-03
3.057673828240009897e-03
3.053120214091483136e-03
3.048849417137135774e-03
3.044762928605800230e-03
3.040817710463860398e-03
3.036719287924756309e-03
3.032463175925917496e-03
3.028323944092842831e-03
3.024478917471333430e-03
3.020453750311918699e-03
3.016246339584184762e-03
3.011788272760889014e-03
3.007343713285906463e-03
3.003027775092374091e-03
2.998848238785074751e-03
2.994759385486313492e-03
2.990427649861110166e-03
2.985940686930540523e-03
2.981273812958236315e-03
2.976819424917176871e-03
2.972663523172402924e-03
2.968727765593256757e-03
2.964700663354780628e-03
2.960362169801517701e-03
2.955802168310189566e-03
2.951259367910053465e-03
2.946848430880587028e-03
2.942666441433986618e-03
2.938560902495304834e-03
2.934455109913435868e-03
2.930243332979359707e-03
2.926146345833673893e-03
2.922263756031651810e-03
2.918437992134297315e-03
2.914388770566341165e-03
2.910106311196028125e-03
2.905876092564066166e-03
2.902077217415708135e-03
2.898335878787588853e-03
2.894629617964901164e-03
2.890729582021489465e-03
2.886696413538100258e-03
2.882612192901757610e-03
2.878611890010243559e-03
2.874668592421663737e-03
2.870555318793266853e-03
2.866455475129618766e-03
2.862538056388061729e-03
2.858959359490245624e-03
2.855303006059960701e-03
2.851554798767396044e-03
2.847820984081408848e-03
2.844127330764917305e-03
2.840462918444690722e-03
2.836510185496628894e-03
2.832403167459277178e-03
2.828246840080213698e-03
2.824406612940064381e-03
2.820668327418247162e-03
2.817025473530284339e-03
2.813084097820669951e-03
2.808941323642324007e-03
2.804860699549066409e-03
2.800698775887109672e-03
2.796472599967867421e-03
2.792416147111159881e-03
2.788498445603988535e-03
2.784610390179704815e-03
2.780775317641984417e-03
2.776877541802141424e-03
2.772996222624093433e-03
2.769041088645409886e-03
2.765001240261478685e-03
2.760912515014916479e-03
2.756803255024658887e-03
2.752718995657424048e-03
2.748778965445640866e-03
2.744950128313091396e-03
2.741263416491042035e-03
2.737780953046762156e-03
2.734230823049601817e-03
2.730466371350554443e-03
2.726612846212507404e-03
2.722902594994398937e-03
2.719183994345289283e-03
2.715645706653575103e-03
2.711930129345463143e-03
2.708066748679275985e-03
2.703989224805082060e-03
2.699975713235842640e-03
2.696089377488448090e-03
2.692301803855592143e-03
2.688338959460369413e-03
2.684230477023721861e-03
2.680155311072270410e-03
2.676131829239234566e-03
2.672068229619687946e-03
2.667910296963809345e-03
2.663998434777878517e-03
2.660182772748903145e-03
2.656416323539152486e-03
2.652760878131947032e-03
2.649234897006022289e-03
2.645766530972943481e-03
2.642386302838065863e-03
2.638971757509678620e-03
2.635694509743159632e-03
2.632553975573213509e-03
2.629129192074121379e-03
2.625767771827666654e-03
2.622380640686268471e-03
2.618916070557517940e-03
2.615494626288215191e-03
2.612241780043195356e-03
2.609095927216383178e-03
2.605859262441497220e-03
2.602564090679816006e-03
2.599242270943116773e-03
2.595923376402828157e-03
2.592533630044534070e-03
2.589216928772250601e-03
2.585768565245898272e-03
2.582309553105759624e-03
2.578734474570926454e-03
2.575080639862444704e-03
2.571364025744523295e-03
2.567703954396390216e-03
2.564200335772685684e-03
2.560896306604550782e-03
2.557496607937578565e-03
2.554036895697405114e-03
2.550582841441747899e-03
2.547214085341053137e-03
2.543829171618842890e-03
2.540442265559960267e-03
2.537177261022580121e-03
2.534005990353456125e-03
2.530820919668331972e-03
2.527543896966089661e-03
2.524242243246828821e-03
2.521031700518437928e-03
2.517853454668821274e-03
2.514766147150315680e-03
2.511810403723144496e-03
2.508888277546833089e-03
2.505992708758848341e-03
2.502813954007503203e-03
2.499538065977080070e-03
2.496253740601770809e-03
2.493146011335583851e-03
2.490207662919323960e-03
2.487298999460678482e-03
2.484299300316266789e-03
2.481118826676969105e-03
2.477887032673541622e-03
2.474599546466969401e-03
2.471436868578983075e-03
2.468443591243014035e-03
2.465417058850395172e-03
2.462287888616712835e-03
2.458965304797505400e-03
2.455696207889391299e-03
2.452578037578603820e-03
2.449712303041092377e-03
2.446829432121375332e-03
2.443700437402173981e-03
2.440342955148628017e-03
2.437072398472476999e-03
2.433779996677281569e-03
2.430484179072755005e-03
2.427248898663973437e-03
2.423958748555395983e-03
2.420756609407786423e-03
2.417643019552513390e-03
2.414610261647791734e-03
2.411469347357016266e-03
2.408440643666998580e-03
2.405400801397610845e-03
2.402486243610279636e-03
2.399654987106907694e-03
2.396977314006636019e-03
2.394199080715678132e-03
2.391265512316783238e-03
2.388221114152261262e-03
2.385109731722032198e-03
2.381992430939307553e-03
2.378818254312213640e-03
2.375519423761137706e-03
2.372297523285179718e-03
2.368931738820857259e-03
2.365825577507991734e-03
2.362726938922021618e-03
2.359632477651234066e-03
2.356473032162458448e-03
2.353408383249125119e-03
2.350321789593394842e-03
2.347171053557435723e-03
2.343949229217333168e-03
2.340866449036299937e-03
2.337851929240744413e-03
2.334997078232805764e-03
2.332066346603307513e-03
2.329060360695669497e-03
2.326014475981270403e-03
2.322941338730041220e-03
2.319980937259422116e-03
2.317109219034827958e-03
2.314226865465940190e-03
2.311163473932671946e-03
2.307928450880488650e-03
2.304572009185062824e-03
2.301266492453988340e-03
2.298077643487660224e-03
2.295143669797253174e-03
2.292283236445852475e-03
2.289412772254286778e-03
2.286545104492168461e-03
2.283629617279355362e-03
2.280760057849477978e-03
2.277898725290511666e-03
2.275120234636078195e-03
2.272376581374987211e-03
2.269529002811297366e-03
2.266630738722887495e-03
2.263675754369511017e-03
2.260726292046185207e-03
2.257792368476905023e-03
2.254919089900902889e-03
2.252030525962841773e-03
2.249184452955611379e-03
2.246339541239721852e-03
2.243511965055537769e-03
2.240682857944662279e-03
2.237963193436564441e-03
2.235131736686514319e-03
2.232255870770825067e-03
2.229416744170896036e-03
2.226553519513185114e-03
2.223788962181523672e-03
2.221110234109687897e-03
2.218462523756284041e-03
2.215860856946716331e-03
2.213289939496417957e-03
2.210738753269830912e-03
2.208143661042348983e-03
2.205590554923250041e-03
2.203039290441539694e-03
2.200473480292810396e-03
2.197937996618337837e-03
2.195439450343291288e-03
2.192806538156504004e-03
2.189948392305352421e-03
2.187050933945073466e-03
2.184288990170074347e-03
2.181700774766875614e-03
2.179127242291014396e-03
2.176499032614343226e-03
2.173901951545038728e-03
2.171312075795496510e-03
2.168711872367543037e-03
2.166220525416726137e-03
2.163643573188512529e-03
2.161181467566896525e-03
2.158660604927015777e-03
2.156194862300442588e-03
2.153772906524118336e-03
2.151383855420134234e-03
2.148982357967666162e-03
2.146562303472196453e-03
2.144088603895343611e-03
2.141596998306185932e-03
2.138943906040416225e-03
2.136238762601141896e-03
2.133574503358993436e-03
2.131086790279966385e-03
2.128576345562153624e-03
2.126079238479680351e-03
2.123585886796927873e-03
2.121066494553467633e-03
2.118489823584510361e-03
2.115861586800537979e-03
2.113254003981195322e-03
2.110742630732426010e-03
2.108265137059240919e-03
2.105864332623137627e-03
2.103383237745143353e-03
2.100942362707442813e-03
2.098396331824995201e-03
2.095860008167829431e-03
2.093350710169288292e-03
2.090801124404622225e-03
2.088335465317683447e-03
2.085848210025863844e-03
2.083418357901097723e-03
2.080946241820660035e-03
2.078425962391509431e-03
2.075901664610833169e-03
2.073527301632714821e-03
2.071136990559039204e-03
2.068828409495884237e-03
2.066383297276995316e-03
2.063920006897775657e-03
2.061473379689837595e-03
2.058880544998848480e-03
2.056332979397343733e-03
2.053776086394842448e-03
2.051245574330382015e-03
2.048820003094275512e-03
2.046371355236654282e-03
2.044054927867293425e-03
2.041651577487638234e-03
2.039152675212606118e-03
2.036504817914430374e-03
2.033863759723974606e-03
2.031299057291401523e-03
2.028905206350787704e-03
2.026646296408728728e-03
2.024391443467834020e-03
2.022049464111910951e-03
2.019632981057625700e-03
2.017253030325475305e-03
2.014918597140896717e-03
2.012480854534601151e-03
2.010046891272523374e-03
2.007517212414401502e-03
2.005015269459006072e-03
2.002562209975384568e-03
2.000136219383391242e-03
1.997675381860242617e-03
1.995336860462827624e-03
1.993005832615997366e-03
1.990661820636568154e-03
1.988217422748081355e-03
1.985646416617964285e-03
1.983160244072181607e-03
1.980653881803697523e-03
1.978108645679376408e-03
1.975570002122506875e-03
1.973009117079203498e-03
1.970358649677166410e-03
1.967792768823977464e-03
1.965310703450652390e-03
1.962974203523855463e-03
1.960703884956016725e-03
1.958448277567450147e-03
1.956185684196184559e-03
1.953897480928916928e-03
1.951681777890560158e-03
1.949493547730817792e-03
1.947338729179448223e-03
1.945301795533084912e-03
1.943279650694299887e-03
1.941251793885939150e-03
1.939216345966374372e-03
1.937086267660343081e-03
1.934985630705759281e-03
1.932972286918060957e-03
1.930968550376280929e-03
1.928962780397823831e-03
1.926991748655295386e-03
1.924959463904915092e-03
1.922888208274773497e-03
1.920752255845339452e-03
1.918688067687197418e-03
1.916678796287712419e-03
1.914607419701554354e-03
1.912477421928530409e-03
1.910268882286247872e-03
1.908050556781153628e-03
1.905882356732212365e-03
1.903752346596731442e-03
1.901550043696580540e-03
1.899355269162880926e-03
1.897193654971265301e-03
1.895147148865314844e-03
1.893105412909873572e-03
1.891101846382348822e-03
1.888957776236370890e-03
1.886734123842286840e-03
1.884435011582602992e-03
1.882235837346383535e-03
1.880035690116257712e-03
1.877937591911436844e-03
1.875926181914437923e-03
1.874043396849486365e-03
1.872146145940784944e-03
1.870184363141172293e-03
1.868149734704034311e-03
1.866054473423790425e-03
1.863767940221561312e-03
1.861486191752759591e-03
1.859155524740849653e-03
1.856922526802649463e-03
1.854846070053180977e-03
1.852916833102775376e-03
1.851001367992972805e-03
1.849139969088195836e-03
1.847231946003462157e-03
1.845282575949577699e-03
1.843402446277804052e-03
1.841419540990177307e-03
1.839476399083112739e-03
1.837483236320688711e-03
1.835532431077879735e-03
1.833627294810392895e-03
1.831705862650227605e-03
1.829800591133149724e-03
1.827851962896033435e-03
1.825916955472667910e-03
1.823971827693928339e-03
1.822056219045836006e-03
1.820115963106574064e-03
1.818094219005837470e-03
1.816018104651412075e-03
1.813850598609889403e-03
1.811748381292715027e-03
1.809627592183048325e-03
1.807667701763537686e-03
1.805742253194202738e-03
1.803827995630996302e-03
1.801981969838835785e-03
1.800067913579564893e-03
1.798107492867503715e-03
1.796067528197983765e-03
1.794020091521617878e-03
1.792016401053478196e-03
1.790080557722441680e-03
1.788184231556155281e-03
1.786312473431667536e-03
1.784405937927837802e-03
1.782439216184197308e-03
1.780497811502251490e-03
1.778477747238953535e-03
1.776442354856030015e-03
1.774361854999015504e-03
1.772443629822493052e-03
1.770509382270475445e-03
1.768628101629397559e-03
1.766793746342788579e-03
1.764870306847661410e-03
1.762975755932455913e-03
1.761056691065990233e-03
1.759220877092873949e-03
1.757386820912263834e-03
1.755595274037880264e-03
1.753767017231990834e-03
1.752021441506888865e-03
1.750294715647559771e-03
1.748618449940259273e-03
1.746854998037384015e-03
1.745081934113735687e-03
1.743250080680035794e-03
1.741423949864152583e-03
1.739587892864073813e-03
1.737734345964011455e-03
1.735941487059166830e-03
1.734053529772415329e-03
1.732244681600218512e-03
1.730469253890470384e-03
1.728583138884390432e-03
1.726784095889785349e-03
1.725035930200493868e-03
1.723291528571279253e-03
1.721564619349077964e-03
1.719764309039997731e-03
1.717991634996347263e-03
1.716238690019149813e-03
1.714547242703224565e-03
1.712863608231079233e-03
1.711138733965635733e-03
1.709427229642175843e-03
1.707758030028378197e-03
1.706079210001873198e-03
1.704441858525272907e-03
1.702745937135950955e-03
1.700978237421789602e-03
1.699157538529637952e-03
1.697294688543080641e-03
1.695336867153680437e-03
1.693392354140580954e-03
1.691559581404188930e-03
1.689668992943561213e-03
1.687932889075957881e-03
1.686211244002684120e-03
1.684509729523653992e-03
1.682902309740205715e-03
1.681252677596556605e-03
1.679593001589090246e-03
1.677873414314376291e-03
1.676077482689587294e-03
1.674302116583107226e-03
1.672563971269683779e-03
1.670870026206438576e-03
1.669190892396210830e-03
1.667609267707083516e-03
1.666137664363619066e-03
1.664661657011210633e-03
1.663074895479337012e-03
1.661481170210021450e-03
1.659856277999274560e-03
1.658196221855188319e-03
1.656611159525206304e-03
1.655013615056596899e-03
1.653419403776904863e-03
1.651770873616960561e-03
1.650139882063353467e-03
1.648484452558445553e-03
1.646810271954933904e-03
1.645199916040353998e-03
1.643568325257213289e-03
1.642015507184410280e-03
1.640403254277261486e-03
1.638769165847099064e-03
1.637046177325408337e-03
1.635415916309307599e-03
1.633817323421148668e-03
1.632239105678468536e-03
1.630658002002686536e-03
1.629032342179869601e-03
1.627432335071831880e-03
1.625733509227405551e-03
1.624021399106028406e-03
1.622406790105619017e-03
1.620809366524173173e-03
1.619262191101049700e-03
1.617728187218618130e-03
1.616184428784886180e-03
1.614574406722627496e-03
1.612963874495396913e-03
1.611317145980954236e-03
1.609711442955997617e-03
1.608087752053343877e-03
1.606480577169842709e-03
1.604955735764558794e-03
1.603415131324826192e-03
1.601908051894216116e-03
1.600266313028953381e-03
1.598642253026251805e-03
1.596927056198092776e-03
1.595291381042219028e-03
1.593636451616646261e-03
1.592000844916152983e-03
1.590415529621601971e-03
1.588999604286962710e-03
1.587530565721606687e-03
1.586060009474581306e-03
1.584634978767837524e-03
1.583159313663737994e-03
1.581707530530052303e-03
1.580247225756653724e-03
1.578857694337211124e-03
1.577427935141524499e-03
1.576036493912945109e-03
1.574572261824031634e-03
1.573199933165908646e-03
1.571833191377989321e-03
1.570495419583865793e-03
1.569207516538282830e-03
1.567902730207865669e-03
1.566565794826554631e-03
1.565248776084088907e-03
1.563826421826268942e-03
1.562427948806077238e-03
1.560956455384263563e-03
1.559455715825000793e-03
1.557965245106457397e-03
1.556493282213189822e-03
1.555058050173991268e-03
1.553654524790129120e-03
1.552243144325856630e-03
1.550838538906362156e-03
1.549443369740997542e-03
1.548061133683659944e-03
1.546702266888925949e-03
1.545288026345714586e-03
1.543770900711406149e-03
1.542301126357582862e-03
1.540844685340191046e-03
1.539380469003506086e-03
1.537990833154972460e-03
1.536652928874410661e-03
1.535228004896569288e-03
1.533824385971184739e-03
1.532322622017023416e-03
1.530831093753774567e-03
1.529329336248716649e-03
1.527754927024127041e-03
1.526250002297307139e-03
1.524707863257004437e-03
1.523248179710513231e-03
1.521728175507694502e-03
1.520208587513451406e-03
1.518731672576142944e-03
1.517273923948968522e-03
1.515840188585201561e-03
1.514454179125107689e-03
1.513038039546703338e-03
1.511640124362636367e-03
1.510282916793169320e-03
1.508942106557330763e-03
1.507529519712349185e-03
1.506125054188781585e-03
1.504709733350549465e-03
1.503348475948681779e-03
1.502006371015635272e-03
1.500649202831010618e-03
1.499279742253471857e-03
1.497907170472895060e-03
1.496439657484608873e-03
1.494912479764155203e-03
1.493424181059140477e-03
1.491872506685144569e-03
1.490259389572601463e-03
1.488690492044484129e-03
1.487209130396242602e-03
1.485652516846875477e-03
1.484199344500434104e-03
1.482660263073876930e-03
1.481246938002623355e-03
1.479886573733369759e-03
1.478588989260943426e-03
1.477348257244899500e-03
1.476172165395677610e-03
1.474901263375178254e-03
1.473581061454186207e-03
1.472244291984978453e-03
1.470856242624348333e-03
1.469508809403009255e-03
1.468162096716237085e-03
1.466738008117115253e-03
1.465375535535143672e-03
1.463990011790320322e-03
1.462621012729119294e-03
1.461262706640749018e-03
1.459887608407645651e-03
1.458557708052461146e-03
1.457231497190913027e-03
1.455901911309626182e-03
1.454529843244003464e-03
1.453210896590463033e-03
1.451884056862196666e-03
1.450540738199597533e-03
1.449199635657629371e-03
1.447832013788671402e-03
1.446426648711202599e-03
1.445065556088091742e-03
1.443700084501769966e-03
1.442309234293221451e-03
1.440947923234750299e-03
1.439531068711630757e-03
1.438145413643379363e-03
1.436779556810725139e-03
1.435450144380801592e-03
1.434073427966204477e-03
1.432727272324231700e-03
1.431393636877541144e-03
1.430118167381472152e-03
1.428790732747628077e-03
1.427597006012915493e-03
1.426374516805504642e-03
1.425159751443780959e-03
1.423934235622968366e-03
1.422606484560986042e-03
1.421270998587592259e-03
1.419914340583184687e-03
1.418614898627904844e-03
1.417344938262543467e-03
1.416124044310173745e-03
1.414922575955269470e-03
1.413748908622451195e-03
1.412555872763180537e-03
1.411299418338682245e-03
1.410068811652787080e-03
1.408778078202872416e-03
1.407539241211062811e-03
1.406271177152033664e-03
1.405035064867568573e-03
1.403858068440735516e-03
1.402718319230905663e-03
1.401637395517254430e-03
1.400551941621787149e-03
1.399414809873506232e-03
1.398262823193514599e-03
1.397083341915139566e-03
1.395929804276558727e-03
1.394793218265429893e-03
1.393673114091568011e-03
1.392551999562470239e-03
1.391448347062672428e-03
1.390349161776915574e-03
1.389252262123152502e-03
1.388200319197575080e-03
1.387132078457943389e-03
1.386096683973550830e-03
1.385112509650484984e-03
1.384108526693451869e-03
1.383119281427909334e-03
1.382036296485372826e-03
1.380976021806384728e-03
1.379829302192608345e-03
1.378702268958529806e-03
1.377508620370215429e-03
1.376382837658460387e-03
1.375248879952412507e-03
1.374144704508864110e-03
1.373091080664864223e-03
1.372014695087181348e-03
1.370981155202623605e-03
1.369910581863741442e-03
1.368816814431811834e-03
1.367659289472114049e-03
1.366498146630339876e-03
1.365292957325428070e-03
1.364094219755242372e-03
1.362826270204072800e-03
1.361622904059638399e-03
1.360488380030486439e-03
1.359392009488561695e-03
1.358331617644783357e-03
1.357296499727758546e-03
1.356294303332950630e-03
1.355212308450723466e-03
1.354070390927334527e-03
1.352867912023515955e-03
1.351613827197558704e-03
1.350266829597429521e-03
1.348955194404270449e-03
1.347682949020816796e-03
1.346403296341255494e-03
1.345194125577579662e-03
1.344013027460558589e-03
1.342801200260137053e-03
1.341609860286027429e-03
1.340407646047726874e-03
1.339157158631947529e-03
1.337904456564746949e-03
1.336741722011833148e-03
1.335561391847922682e-03
1.334367065345388754e-03
1.333262635811099722e-03
1.332154639430668027e-03
1.331073969585222115e-03
1.330005721233568300e-03
1.328975299645821211e-03
1.327894003466289141e-03
1.326833763702222040e-03
1.325809072546089203e-03
1.324772293628764417e-03
1.323771013085351658e-03
1.322772764455003910e-03
1.321851753943532578e-03
1.320853172401994461e-03
1.319914750945426441e-03
1.318881127603406403e-03
1.317908705980813102e-03
1.316893544507580487e-03
1.315760982075005756e-03
1.314693857065968351e-03
1.313573943150530068e-03
1.312461067031424474e-03
1.311298046443635634e-03
1.310180190790548056e-03
1.309055863143321948e-03
1.307976321431185678e-03
1.306966926238794548e-03
1.305921533852016448e-03
1.304913952573454137e-03
1.303902157254306594e-03
1.302915513736778788e-03
1.301961182773223773e-03
1.300981278498392632e-03
1.299915776877620622e-03
1.298918403907985868e-03
1.297831217355583343e-03
1.296803170874785260e-03
1.295661221075074948e-03
1.294606120560567184e-03
1.293528385426718705e-03
1.292491583782743930e-03
1.291385819764241443e-03
1.290278184647263146e-03
1.289228491908264457e-03
1.288175682140049435e-03
1.287163150928458122e-03
1.286150060971581960e-03
1.285100441882582566e-03
1.284144993546385439e-03
1.283139661996590556e-03
1.282131555532767513e-03
1.281030000297909976e-03
1.280004500250207745e-03
1.278918077787534425e-03
1.277868077541888638e-03
1.276802230870520026e-03
1.275779702940794654e-03
1.274726537660195776e-03
1.273728445144618662e-03
1.272674321202680236e-03
1.271655172715974559e-03
1.270615938183964006e-03
1.269545264100048216e-03
1.268529848518100411e-03
1.267538040423568484e-03
1.266531950957619718e-03
1.265545714017268569e-03
1.264598458163721613e-03
1.263622911634143444e-03
1.262679348012913250e-03
1.261751721219405570e-03
1.260774726734628084e-03
1.259843577112181468e-03
1.258893221892901917e-03
1.257902337298583790e-03
1.256896511564903904e-03
1.255928932606278350e-03
1.254989844977851985e-03
1.254034465559641411e-03
1.253127784109249465e-03
1.252231370580281222e-03
1.251297523646306394e-03
1.250317248033573419e-03
1.249332794126167736e-03
1.248384353522187821e-03
1.247385129961493984e-03
1.246403031882303098e-03
1.245447930965461409e-03
1.244502831353330773e-03
1.243612949859484529e-03
1.242720745642880015e-03
1.241858494332812729e-03
1.240990336165266605e-03
1.240081092028008777e-03
1.239203501242408826e-03
1.238360645648218681e-03
1.237484514934869551e-03
1.236576650927619179e-03
1.235660420527615521e-03
1.234750095566689281e-03
1.233782964388629826e-03
1.232883622490420260e-03
1.231965395735395638e-03
1.231101274974848300e-03
1.230247313061810267e-03
1.229351503611452725e-03
1.228494516677074502e-03
1.227591543314567914e-03
1.226662514550952736e-03
1.225726672696259923e-03
1.224741886702391961e-03
1.223779129974475986e-03
1.222814790044883916e-03
1.221864848769269301e-03
1.220921241181398666e-03
1.220093964105446087e-03
1.219176362758790438e-03
1.218280889325285693e-03
1.217407463487291076e-03
1.216481036905777205e-03
1.215580133858596259e-03
1.214610519846241006e-03
1.213650798666220110e-03
1.212668027239200124e-03
1.211714481714449383e-03
1.210765485153087340e-03
1.209770493168125464e-03
1.208872291521158717e-03
1.207989638627859604e-03
1.207128703358377204e-03
1.206215734272654896e-03
1.205318044484679106e-03
1.204415336930547611e-03
1.203440436398610890e-03
1.202528407315978272e-03
1.201619563451508449e-03
1.200690874085158554e-03
1.199784595563037218e-03
1.198919786481523033e-03
1.198044017836017924e-03
1.197213176873351825e-03
1.196393312474572281e-03
1.195597769710784325e-03
1.194762819136647872e-03
1.193963144181954279e-03
1.193169074603317231e-03
1.192321703886257966e-03
1.191561577700250320e-03
1.190771001968107508e-03
1.190000176382031895e-03
1.189147157221455029e-03
1.188314885571719682e-03
1.187520572496846873e-03
1.186668994665830918e-03
1.185863016328313809e-03
1.184997897500718192e-03
1.184174074514726498e-03
1.183322526298754250e-03
1.182529639737839615e-03
1.181658032533985199e-03
1.180784981959583785e-03
1.179942420072446893e-03
1.179100219791094813e-03
1.178222486290400129e-03
1.177398955862458919e-03
1.176529480895991591e-03
1.175639146723952240e-03
1.174752744360431844e-03
1.173844182051793405e-03
1.172965269827916726e-03
1.172121031030467619e-03
1.171235807056336111e-03
1.170379351812785322e-03
1.169485682228893443e-03
1.168614281247892924e-03
1.167810179113988643e-03
1.166969873947279902e-03
1.166110847750790724e-03
1.165329437467402252e-03
1.164536574369589086e-03
1.163755921777478606e-03
1.162907641750361102e-03
1.162098520990588425e-03
1.161233106839061700e-03
1.160420519793657667e-03
1.159556683660634135e-03
1.158665469923293332e-03
1.157825533754238637e-03
1.156929441697198248e-03
1.156071164791434239e-03
1.155209515557853060e-03
1.154411507114612824e-03
1.153605731185151527e-03
1.152809097641032494e-03
1.152021933844291860e-03
1.151272034081302943e-03
1.150491567039852586e-03
1.149759741978522007e-03
1.148981804226735645e-03
1.148254792072353047e-03
1.147510841220482185e-03
1.146700767120751750e-03
1.145948317148538049e-03
1.145113498776742901e-03
1.144257183796867786e-03
1.143417323582820349e-03
1.142616145746125616e-03
1.141758446949761368e-03
1.141006633644640628e-03
1.140244701641818324e-03
1.139482483360799775e-03
1.138764946918582833e-03
1.138052109709120551e-03
1.137336577886693435e-03
1.136675805736228140e-03
1.135947710250270271e-03
1.135250828957886900e-03
1.134498208619335842e-03
1.133786243710043808e-03
1.133035820486964513e-03
1.132276325836223223e-03
1.131485639148760826e-03
1.130663703499961261e-03
1.129888992077956794e-03
1.129093685028227136e-03
1.128311524342975620e-03
1.127544156721039647e-03
1.126769823389582549e-03
1.126074893961838928e-03
1.125357743673715497e-03
1.124652828333278561e-03
1.123976058127659858e-03
1.123247788498909138e-03
1.122571776377992653e-03
1.121875555845838150e-03
1.121184900124069577e-03
1.120496220963761516e-03
1.119816715647257424e-03
1.119077497468794896e-03
1.118374079859841717e-03
1.117637392800214331e-03
1.116911618803328402e-03
1.116211976419837328e-03
1.115498132644843817e-03
1.114796448194003108e-03
1.114090041124793547e-03
1.113400212385566882e-03
1.112743126169568738e-03
1.112065190534676767e-03
1.111363266716266889e-03
1.110671395929569653e-03
1.109987638141511634e-03
1.109232518389561238e-03
1.108550771624183633e-03
1.107886460723402989e-03
1.107141317505290793e-03
1.106481009099433751e-03
1.105790534415910771e-03
1.105086318795328809e-03
1.104401283019161139e-03
1.103729352387917365e-03
1.103009030049156803e-03
1.102321610436987924e-03
1.101625395186415233e-03
1.100860906403488453e-03
1.100169716974213740e-03
1.099432702253394989e-03
1.098707773410890001e-03
1.098019731558789232e-03
1.097270163614815722e-03
1.096586740284536668e-03
1.095864659136176408e-03
1.095126051197129521e-03
1.094398784088402394e-03
1.093689324466197736e-03
1.092949029915779016e-03
1.092242313926531684e-03
1.091520901259513104e-03
1.090796794655257175e-03
1.090060759442348102e-03
1.089274361377070297e-03
1.088518019459941161e-03
1.087735354787470066e-03
1.087053430940481367e-03
1.086382387116288130e-03
1.085709648023453280e-03
1.085025858433388488e-03
1.084415230780725941e-03
1.083781739639004147e-03
1.083107752248666173e-03
1.082447306652855289e-03
1.081788948081214424e-03
1.081083050753059351e-03
1.080389131238402483e-03
1.079710180663888148e-03
1.079061757480069637e-03
1.078409533465651870e-03
1.077705678086243821e-03
1.077053810385317136e-03
1.076374302784255518e-03
1.075649698149387613e-03
1.074950958151310761e-03
1.074238944662799086e-03
1.073481426982306544e-03
1.072802422186393571e-03
1.072149316849867846e-03
1.071461549177962769e-03
1.070809221462639717e-03
1.070196873456359579e-03
1.069527759539924466e-03
1.068897242451754279e-03
1.068264313947983688e-03
1.067575700075750486e-03
1.066888402473481186e-03
1.066208416399795633e-03
1.065503962989645687e-03
1.064826741304431305e-03
1.064072807500469810e-03
1.063351213335782556e-03
1.062588640226555742e-03
1.061876357748301261e-03
1.061164217479581076e-03
1.060452590007404401e-03
1.059747510769350415e-03
1.059061054644106327e-03
1.058391046617058193e-03
1.057739150371495018e-03
1.057065617359475651e-03
1.056403908253284027e-03
1.055740235499598228e-03
1.055039649490289045e-03
1.054296219207460483e-03
1.053619534538751150e-03
1.052947907514376622e-03
1.052236061632139076e-03
1.051549130378554887e-03
1.050871021816736448e-03
1.050157262298992986e-03
1.049476934810561132e-03
1.048821783006802537e-03
1.048138454909718076e-03
1.047490877320913713e-03
1.046840511855380833e-03
1.046151282348329985e-03
1.045443394373397504e-03
1.044714189304023384e-03
1.044011893009701196e-03
1.043254651411390727e-03
1.042483487307754126e-03
1.041727985008628803e-03
1.040920394800635843e-03
1.040154210619862211e-03
1.039415695512212407e-03
1.038687510740096210e-03
1.037973135785353641e-03
1.037271902399718301e-03
1.036615719590413143e-03
1.035969308450131621e-03
1.035331776685807694e-03
1.034692982544748938e-03
1.034077177953641406e-03
1.033431539952980351e-03
1.032774137205470051e-03
1.032143632247638698e-03
1.031512876943275212e-03
1.030846224446258213e-03
1.030153918827442314e-03
1.029547078910406218e-03
1.028827046069448773e-03
1.028234794943335816e-03
1.027651318809744748e-03
1.027022438636046586e-03
1.026412515933361773e-03
1.025844203582449441e-03
1.025252712652424420e-03
1.024644654877079333e-03
1.024013977979554377e-03
1.023406105940623820e-03
1.022808642341837757e-03
1.022240185027875831e-03
1.021679339652421586e-03
1.021097440483140738e-03
1.020557008088560699e-03
1.019997630261080222e-03
1.019458547802929100e-03
1.018902770223198721e-03
1.018332740947675442e-03
1.017722734999727515e-03
1.017127564518041302e-03
1.016518634678990462e-03
1.015904330424487884e-03
1.015320124099813003e-03
1.014712075284004804e-03
1.014114382797224462e-03
1.013488225233927752e-03
1.012886919196491009e-03
1.012266383535027469e-03
1.011694495630015159e-03
1.011091762115950195e-03
1.010504253634641678e-03
1.009887970914694023e-03
1.009287404619645502e-03
1.008699358348181477e-03
1.008091260193369476e-03
1.007492464487954849e-03
1.006910874255260166e-03
1.006284083044883338e-03
1.005731392148329377e-03
1.005163140063285295e-03
1.004557971550878483e-03
1.003943607259347170e-03
1.003362114805687573e-03
1.002753698186145291e-03
1.002136415675847301e-03
1.001542990509365514e-03
1.000931952103523235e-03
1.000337566488321978e-03
9.997485292425906805e-04
9.991088936211771267e-04
9.985445336608618928e-04
9.979676356947826156e-04
9.973960289199625649e-04
9.968536627961576031e-04
9.963367150998469687e-04
9.958363790370620972e-04
9.952591202121903197e-04
9.947543363929573640e-04
9.942050942662403884e-04
9.936542083543191059e-04
9.930987736926286114e-04
9.925235638885425600e-04
9.919922428290376109e-04
9.914349373493426976e-04
9.908703731495794101e-04
9.903589604309188162e-04
9.898372383544910141e-04
9.893371766071072659e-04
9.888584854680821951e-04
9.883715269538449668e-04
9.878808913108656168e-04
9.873566012289626635e-04
9.867959502430714586e-04
9.862691314542438789e-04
9.857088560138729198e-04
9.851671149149498520e-04
9.846472476718953152e-04
9.841045361968301774e-04
9.836015530724445764e-04
9.830685838387275000e-04
9.825879554423780360e-04
9.820222216013910297e-04
9.814991824462293915e-04
9.809519374059645722e-04
9.803877030939661761e-04
9.798508626503198756e-04
9.792912566699374464e-04
9.787035826764457595e-04
9.781050235664352083e-04
9.775440445197666750e-04
9.769724084665630873e-04
9.763736213679909126e-04
9.757846164201861017e-04
9.752012643132461790e-04
9.746545123586319035e-04
9.740402411730959440e-04
9.734402354345567283e-04
9.728441961438865585e-04
9.722680080423276366e-04
9.716887679098925321e-04
9.710675780340413590e-04
9.704881626081652505e-04
9.699396007512963228e-04
9.693843288465491675e-04
9.688494014780731512e-04
9.683613081171092403e-04
9.678107588679966998e-04
9.672880719658816717e-04
9.667835454088000765e-04
9.662479657209981174e-04
9.657180580210294541e-04
9.652029927654260386e-04
9.646107165651627516e-04
9.641110228239990103e-04
9.635614949273536975e-04
9.629926986019776702e-04
9.624552844584934085e-04
9.619522229577422969e-04
9.613947095500315412e-04
9.608461163098040280e-04
9.603244605742626777e-04
9.597614871028366376e-04
9.592249196459083117e-04
9.586552849673935298e-04
9.581223091463290324e-04
9.575749792810893694e-04
9.570871397293831406e-04
9.565729721107931642e-04
9.561185177986868990e-04
9.556401221960136210e-04
9.551842062394689517e-04
9.547555358645526576e-04
9.543435550900103816e-04
9.538813358247319116e-04
9.534695850879689339e-04
9.530634679371934211e-04
9.526028222148311434e-04
9.521151234525504969e-04
9.517027195943308622e-04
9.511930885654747495e-04
9.506949735331848145e-04
9.502090228960621441e-04
9.496925806453434659e-04
9.491957092554746721e-04
9.486789904289239872e-04
9.481698927602011688e-04
9.476996722573784344e-04
9.472334525177973381e-04
9.467869804423096128e-04
9.463399777973237207e-04
9.458928406220204954e-04
9.454565180421758974e-04
9.450175390758485576e-04
9.445200752828990720e-04
9.440436611881438279e-04
9.435625867925106353e-04
9.430715109263882985e-04
9.425173620261974609e-04
9.420299246999264825e-04
9.415431625959294311e-04
9.410571338395811542e-04
9.405684216955904724e-04
9.400949278277470752e-04
9.396307740510855986e-04
9.391527832911943400e-04
9.387039878607431184e-04
9.382332851322440015e-04
9.377753668080375700e-04
9.372906829882382508e-04
9.368069509513751421e-04
9.363232431767343645e-04
9.358591737207484383e-04
9.354018620439822967e-04
9.349039861234014186e-04
9.344409072122301756e-04
9.339619048238766022e-04
9.334636393249612883e-04
9.329258074794548588e-04
9.324245823627676580e-04
9.319266133689928797e-04
9.313188168560374448e-04
9.307999745296597184e-04
9.302717781751808530e-04
9.297272635612460539e-04
9.292405007042171426e-04
9.287161044383804732e-04
9.282379469296460741e-04
9.277151169006707474e-04
9.272725092443882301e-04
9.268288400258315385e-04
9.263619772930826177e-04
9.259244249734223994e-04
9.254772477954695438e-04
9.250457140356758458e-04
9.246393942286033158e-04
9.242311398772182825e-04
9.237727096051178343e-04
9.233364413763067843e-04
9.228700467603114486e-04
9.224009776635936145e-04
9.219320993754305006e-04
9.214319518546814540e-04
9.209085814605824953e-04
9.204501809388540264e-04
9.199674821012287802e-04
9.194502014235510570e-04
9.189482138844357138e-04
9.184672197003557409e-04
9.179669954374008968e-04
9.175109757241040141e-04
9.170049304114310769e-04
9.165335189328963029e-04
9.160711096066805753e-04
9.156063353922383029e-04
9.151308905245131818e-04
9.146514221469081909e-04
9.141570897262883254e-04
9.136722075079679786e-04
9.131749482989253829e-04
9.126634348209176342e-04
9.122233592572372238e-04
9.117633155880180713e-04
9.112797221107057314e-04
9.107868784791160743e-04
9.103858911369175052e-04
9.099076477261704978e-04
9.094784939982083561e-04
9.090723453167595886e-04
9.086283202572000743e-04
9.082089372190308742e-04
9.078278997610863231e-04
9.073752767113876143e-04
9.070040803108540958e-04
9.065513192150921997e-04
9.061383724277212752e-04
9.057290455885577511e-04
9.053081351096135604e-04
9.048368827131382693e-04
9.043832077526710008e-04
9.039299470919667399e-04
9.034587443940960555e-04
9.030510026298845753e-04
9.025713069669204312e-04
9.021444335123977604e-04
9.017225661260171426e-04
9.012771079776580891e-04
9.008802991556708918e-04
9.004229080143115330e-04
8.999928534113149897e-04
8.995832740042440136e-04
8.991508661628082886e-04
8.987488992310628706e-04
8.982741644813730872e-04
8.978581481576750067e-04
8.973927307541172682e-04
8.969397838247368049e-04
8.965009648493480398e-04
8.960343328479572923e-04
8.955822621796767505e-04
8.951172339626806791e-04
8.946329947733689530e-04
8.941117855617223935e-04
8.936877526619975030e-04
8.932312572738375150e-04
8.928010690319348238e-04
8.923907669731171366e-04
8.919426308946538538e-04
8.915141308256058173e-04
8.910468107504940227e-04
8.906361730036242187e-04
8.902169731704000482e-04
8.897674517562349263e-04
8.893372878526460430e-04
8.888610872691290023e-04
8.883432966042220744e-04
8.878730347831999357e-04
8.874143004619011255e-04
8.869096581465667206e-04
8.864373267144044560e-04
8.859465203195355902e-04
8.854414162586589929e-04
8.849896620283510644e-04
8.845707726405665399e-04
8.841315893924662789e-04
8.837156297396379099e-04
8.833017772067240734e-04
8.828452845543385830e-04
8.824471494307121241e-04
8.819770907396911946e-04
8.815550666623310494e-04
8.811211726365631488e-04
8.806297681101947668e-04
8.801987816463753425e-04
8.797543203782778962e-04
8.793306686120296728e-04
8.789015914675361559e-04
8.784793325685967286e-04
8.780265899098258072e-04
8.776130055802329596e-04
8.772057170250913615e-04
8.767627890986267247e-04
8.763675049318212559e-04
8.759757446790502776e-04
8.755842637152068961e-04
8.751761252268431884e-04
8.747737044253145423e-04
8.743739671228219429e-04
8.739688214722620991e-04
8.735549980273550055e-04
8.731335339211268240e-04
8.727013631286084866e-04
8.722575720795215388e-04
8.718600616610480301e-04
8.713814908063768341e-04
8.709834882651433562e-04
8.705577227080328433e-04
8.701103637512489592e-04
8.697336008062060307e-04
8.693511889467886401e-04
8.689094356264050233e-04
8.684817604647130599e-04
8.680590036156527172e-04
8.676644739136814971e-04
8.672760571384845315e-04
8.668707599880857550e-04
8.664863014337131387e-04
8.660474752401037778e-04
8.656388486625762576e-04
8.652334987358183517e-04
8.648384188856147146e-04
8.644157265330008584e-04
8.640454934202330831e-04
8.636321378650783226e-04
8.632373440553909368e-04
8.628422233988460293e-04
8.624223729921858071e-04
8.620386050342092321e-04
8.616161952616592165e-04
8.612285712278846704e-04
8.608323996805794997e-04
8.604297168697479280e-04
8.600447440745638116e-04
8.596483897246934552e-04
8.592824192779887965e-04
8.589361905792346078e-04
8.585645555630975079e-04
8.581895596984496751e-04
8.578331734659794391e-04
8.574908714056194608e-04
8.571413641694429313e-04
8.567750683904922122e-04
8.564118421442508833e-04
8.560403757226352651e-04
8.556526942007473824e-04
8.552439339869239310e-04
8.548527755128910131e-04
8.544474215198130185e-04
8.540319084461041451e-04
8.536333582363206168e-04
8.532439473873487494e-04
8.528169176836547082e-04
8.524475715928939937e-04
8.520533117040672566e-04
8.517039867403560774e-04
8.513300896968431291e-04
8.509724386063945547e-04
8.506132608621293787e-04
8.502516148190131934e-04
8.498233803577438751e-04
8.494663385356828866e-04
8.490795690162080463e-04
8.486999994132331205e-04
8.483227315519463940e-04
8.479515377417311348e-04
8.475625452960625908e-04
8.471963607678580088e-04
8.467824626093759617e-04
8.464155799488211644e-04
8.460169851562518223e-04
8.456568181923066266e-04
8.452988078146248408e-04
8.449206432348406980e-04
8.445454114952500235e-04
8.441754311807360411e-04
8.438192636162989216e-04
8.434365556333038322e-04
8.430878779531069843e-04
8.427560498790638305e-04
8.423930589043172792e-04
8.420175495562810418e-04
8.416821704720923438e-04
8.413092948901321070e-04
8.409726868644494839e-04
8.406201488450865773e-04
8.403016516436527788e-04
8.399532491860460916e-04
8.396086854930150415e-04
8.392775692868206273e-04
8.389279250132631975e-04
8.385644950586466136e-04
8.382086842111883662e-04
8.378616520519676161e-04
8.374775566888977701e-04
8.371269746514574091e-04
8.367728115838164856e-04
8.364313226655368692e-04
8.360773101299378554e-04
8.357142515561520905e-04
8.353890512358730413e-04
8.350216410619647157e-04
8.346977513845192957e-04
8.343872163341683719e-04
8.340423872767674125e-04
8.337288006866249096e-04
8.333808656809265671e-04
8.330516803245093102e-04
8.326983375932218122e-04
8.323799372773531225e-04
8.320119762903542375e-04
8.316104444540272809e-04
8.312556756604973143e-04
8.308579513889264656e-04
8.305096103062393565e-04
8.301042626622725943e-04
8.297530124963903384e-04
8.293802631028361801e-04
8.289881715974996767e-04
8.286664389287269530e-04
8.283412053444397108e-04
8.280499795801749777e-04
8.277515238888446831e-04
8.274747155609094885e-04
8.271645075686904439e-04
8.268677145905194712e-04
8.265695513915711622e-04
8.262763120986023075e-04
8.259692262092187482e-04
8.256311723194425254e-04
8.252960620242287375e-04
8.249304948501151808e-04
8.245668413505726456e-04
8.242263807705245459e-04
8.238499353381539131e-04
8.235142841413771106e-04
8.231617826839118107e-04
8.228302795809542885e-04
8.224865455122124273e-04
8.221855569296917252e-04
8.218759006166550521e-04
8.215763730189195408e-04
8.212609356990114174e-04
8.209128544966021960e-04
8.206073794776785543e-04
8.202700225607821322e-04
8.199118459595010084e-04
8.195775004349536118e-04
8.192392661655307313e-04
8.188550807981649854e-04
8.185010544483228194e-04
8.181608265522595383e-04
8.177892941961139488e-04
8.174213524980710214e-04
8.170465945657968618e-04
8.166976675771616453e-04
8.163199648833429582e-04
8.159197147284277200e-04
8.155613082319184163e-04
8.152046172784055108e-04
8.148104884427066503e-04
8.144611860741111367e-04
8.140576841529423898e-04
8.136788729850584533e-04
8.132926244955412899e-04
8.129080165948054893e-04
8.125292946639859053e-04
8.121528820554919188e-04
8.117808061159046155e-04
8.114671692559462420e-04
8.111128506673956915e-04
8.107828984842946861e-04
8.104781020403631396e-04
8.101668758701661846e-04
8.098386461200482054e-04
8.095242912355162229e-04
8.092419013118840000e-04
8.089383616742213193e-04
8.086087326397579369e-04
8.082836229251428098e-04
8.079671320615867481e-04
8.076605834030745230e-04
8.073376372552175471e-04
8.070397787577273134e-04
8.067253459332248810e-04
8.064231031268108158e-04
8.060923494124811600e-04
8.057960176703596496e-04
8.054338776120048083e-04
8.051182008826067308e-04
8.047973787113625078e-04
8.044345608127397018e-04
8.041036959872131969e-04
8.037517105872811918e-04
8.034488923068784606e-04
8.031165473872538913e-04
8.028095110456824742e-04
8.024580767649811246e-04
8.021876241165929291e-04
8.018788333943287086e-04
8.015616107350531389e-04
8.012980979123207051e-04
8.009763438013257431e-04
8.006335082237255041e-04
8.003138216055307678e-04
7.999748617814274234e-04
7.996222229628013748e-04
7.992569423617478051e-04
7.988523267289318478e-04
7.984659735918335022e-04
7.980386406430403992e-04
7.976483249196230849e-04
7.972720918345257892e-04
7.968715949944437911e-04
7.965091782685963231e-04
7.961326163199851326e-04
7.958005161755917888e-04
7.954499815316013779e-04
7.951456495849787203e-04
7.948078621546561745e-04
7.945378032668938637e-04
7.942294713216062297e-04
7.939513554382829612e-04
7.936436474248883492e-04
7.933525845162334731e-04
7.930539746513542510e-04
7.927568480447610803e-04
7.924294310654166366e-04
7.920826927002870468e-04
7.917712652279960657e-04
7.914578576164113402e-04
7.911021530491162568e-04
7.908016895251798392e-04
7.904595484381547830e-04
7.901488138231665828e-04
7.898484846748677355e-04
7.895275205792288585e-04
7.892132900049485299e-04
7.889055423071410439e-04
7.886114476993686144e-04
7.882858792887527085e-04
7.880197636667642027e-04
7.877211704822548481e-04
7.874152060018454330e-04
7.871387637395165600e-04
7.868833145156574902e-04
7.865722063970028181e-04
7.863287982927492708e-04
7.860370760250196768e-04
7.857530589286608165e-04
7.854270905489199248e-04
7.851544709571385604e-04
7.848573453217548308e-04
7.845413504301063014e-04
7.842287534585085703e-04
7.838739498271783158e-04
7.836112445238336112e-04
7.832595037358477561e-04
7.829461294033971449e-04
7.825847318835880365e-04
7.822693264838896611e-04
7.819802659291041945e-04
7.816535946259862457e-04
7.813431609097833174e-04
7.810661713577400286e-04
7.807701779095308240e-04
7.805001126526047448e-04
7.801922216802231963e-04
7.799194160053797868e-04
7.796013176768834887e-04
7.793279038073449520e-04
7.790173556937215592e-04
7.787048576004681425e-04
7.783736727164041304e-04
7.780178978700729841e-04
7.777288252330672022e-04
7.773682361240985333e-04
7.770348189591562557e-04
7.767448377181023541e-04
7.763923207222225321e-04
7.760803173907450435e-04
7.757550312389047348e-04
7.754322578135171154e-04
7.751005100447892022e-04
7.747666146633680299e-04
7.744795745641038778e-04
7.741273841075519682e-04
7.738268517124131897e-04
7.735125719663900118e-04
7.732282043565604727e-04
7.729251921824919699e-04
7.726346319277512453e-04
7.723818989884570713e-04
7.721120055716229526e-04
7.718291875589829111e-04
7.715547865873384828e-04
7.712870441910880210e-04
7.710305322422391283e-04
7.707260970866017854e-04
7.704673257717192195e-04
7.702162428813452439e-04
7.699103831741903542e-04
7.696476566409362176e-04
7.693820930265939020e-04
7.691200042845031809e-04
7.688469520563190936e-04
7.686041585658212692e-04
7.683497876906805702e-04
7.680723609557736946e-04
7.678210671447215519e-04
7.675471222153949650e-04
7.672679805607527910e-04
7.669212651705451878e-04
7.666602382845158796e-04
7.663392949190698470e-04
7.660183441501153441e-04
7.657205242543585737e-04
7.654217494711046052e-04
7.651325000252384104e-04
7.648161515247646090e-04
7.644979798393864356e-04
7.642359339961677777e-04
7.639679326271006004e-04
7.636614397228815932e-04
7.634396918624378713e-04
7.632302859254053639e-04
7.629584612493353797e-04
7.627114071855633799e-04
7.624968829806579767e-04
7.622446066168236424e-04
7.620175322506288033e-04
7.617695901425918350e-04
7.615317009066304484e-04
7.612696863145850977e-04
7.610393218151739313e-04
7.607494029691866822e-04
7.604800507889693945e-04
7.601926870527851363e-04
7.599147801357098190e-04
7.596225069437971067e-04
7.593451514843755279e-04
7.590618259811622668e-04
7.588034050753187255e-04
7.585101888554669639e-04
7.582227288494954249e-04
7.579356642193054794e-04
7.576960217341549260e-04
7.573885227679086124e-04
7.571196345463191346e-04
7.568378772768647638e-04
7.565622781647016789e-04
7.562523230551517579e-04
7.559984628302540699e-04
7.556983397614967833e-04
7.554133054945155615e-04
7.551518004453563939e-04
7.548509702629570533e-04
7.545602392425444348e-04
7.542810294443525387e-04
7.540248412220290500e-04
7.537232122717724050e-04
7.535013777941269907e-04
7.532331215489869837e-04
7.529502701607765141e-04
7.526897644188030667e-04
7.524224383854778622e-04
7.521707092539192977e-04
7.518944874299445186e-04
7.516379860803012753e-04
7.513830405580151700e-04
7.511323717279292040e-04
7.508768309911114649e-04
7.506415798512712989e-04
7.504042242470151426e-04
7.502017961839480172e-04
7.499766186283982538e-04
7.498001214412428148e-04
7.495870369340048092e-04
7.493761437298382009e-04
7.491393525255164937e-04
7.489261609665353670e-04
7.487171018187718189e-04
7.485041801719783446e-04
7.482880229146787830e-04
7.481002333451929097e-04
7.478683694142639928e-04
7.476250771757170146e-04
7.473877383813444216e-04
7.471313887938564298e-04
7.468779513031653227e-04
7.465932394043987971e-04
7.463482960059068284e-04
7.460068208555104214e-04
7.457292049926501215e-04
7.454458561149731460e-04
7.451251999454097490e-04
7.448739976074993845e-04
7.445519504864972146e-04
7.442785023699693189e-04
7.440082956519712166e-04
7.437331440234793431e-04
7.434686958851834115e-04
7.431952537848788426e-04
7.429624775676993680e-04
7.427189435540297894e-04
7.424551593571041648e-04
7.421954824548171632e-04
7.419517942035560275e-04
7.416780620122079325e-04
7.414184887766847977e-04
7.411504392707922570e-04
7.408481229461359166e-04
7.405553683324069469e-04
7.402755407085019352e-04
7.399473655634087764e-04
7.396798032709044676e-04
7.394288221564994379e-04
7.391321430839050593e-04
7.388258576999477689e-04
7.385598232329294854e-04
7.382746489872836449e-04
7.380089102728244147e-04
7.377515873583968689e-04
7.375081836632729586e-04
7.372767272065056587e-04
7.370734597627715641e-04
7.368111053974534365e-04
7.366347946710480495e-04
7.364168322080530578e-04
7.362354997671567095e-04
7.360485510407399450e-04
7.358609028921162887e-04
7.356583586661894500e-04
7.354563833168163310e-04
7.352834328847546131e-04
7.351060777932749875e-04
7.348905255073598288e-04
7.347006863388127378e-04
7.344993117578575963e-04
7.343203099470322357e-04
7.341235588711829928e-04
7.339639126027758123e-04
7.337407122403940283e-04
7.335089335396988977e-04
7.333035199504959979e-04
7.331043261883476471e-04
7.329066297638744780e-04
7.326796866004730603e-04
7.324568474723062344e-04
7.322087564660364383e-04
7.319823207663947277e-04
7.317653542937128551e-04
7.315358465207712950e-04
7.313145206632547506e-04
7.310954410578144767e-04
7.308730691957562690e-04
7.306515977247369153e-04
7.304184227313333761e-04
7.302069460035677528e-04
7.299961791924089666e-04
7.297270243103138546e-04
7.295034379103513709e-04
7.292827706796417824e-04
7.290428882174092946e-04
7.288034456116175737e-04
7.285788075567008887e-04
7.283211315985907300e-04
7.281273892269489196e-04
7.278513624097698994e-04
7.275823886097629138e-04
7.273416566227045065e-04
7.270906411846212456e-04
7.268021618862837005e-04
7.265598033318292201e-04
7.263063588821944919e-04
7.260891131490398000e-04
7.258273083686288783e-04
7.255635469902902259e-04
7.253162080557529028e-04
7.250838022253419928e-04
7.248510782913679526e-04
7.246081560122390013e-04
7.243635246675322967e-04
7.241449912743384626e-04
7.239054844777412928e-04
7.236706177295256686e-04
7.234317042257589446e-04
7.232448470435013689e-04
7.229587820332624738e-04
7.227433191342080756e-04
7.225120323692420764e-04
7.223192927144699797e-04
7.221078799511783733e-04
7.218913674532061045e-04
7.217122545834016734e-04
7.215173550031481588e-04
7.213190146414411594e-04
7.210802664029753372e-04
7.208699351442466111e-04
7.206806100931638327e-04
7.204649862345015960e-04
7.202131509026933739e-04
7.199750927508174201e-04
7.197494055648570848e-04
7.195126368233716561e-04
7.192951730541000252e-04
7.190736050285421099e-04
7.188540321041174321e-04
7.186369584217471669e-04
7.184302991903430101e-04
7.182123873573246836e-04
7.180134382775084541e-04
7.178187769228134684e-04
7.176178336747479798e-04
7.174210791622442386e-04
7.171747906378464271e-04
7.169669297566977177e-04
7.167314510822653641e-04
7.165267791700532293e-04
7.162906197296396368e-04
7.160280155861668610e-04
7.157743208928877502e-04
7.155299433938495978e-04
7.153158920201553366e-04
7.150801747631364618e-04
7.148275793978141422e-04
7.146060920556175861e-04
7.143756892853963961e-04
7.141723625550776538e-04
7.139663186551907905e-04
7.137558057741286805e-04
7.135332504825878238e-04
7.133353616287952141e-04
7.131373129608441696e-04
7.129260909074210334e-04
7.127372604582651611e-04
7.125088366145116521e-04
7.122861779549359606e-04
7.120727474472253243e-04
7.118487342661234405e-04
7.115977660635168858e-04
7.114161994821548412e-04
7.111720609867880349e-04
7.109482955320541074e-04
7.107244801299434332e-04
7.105439886665663703e-04
7.103194646564628834e-04
7.101248555420874983e-04
7.099015812675809212e-04
7.097347611914605085e-04
7.095100697307597966e-04
7.092649186696604489e-04
7.090428155174296337e-04
7.088143055272472671e-04
7.085581495843010832e-04
7.082973297593554403e-04
7.080630702410497255e-04
7.078164285519198632e-04
7.075742490099537008e-04
7.073477117191803243e-04
7.071649047629284578e-04
7.069356601704704889e-04
7.067674897097011395e-04
7.065722699161574964e-04
7.063985550609891504e-04
7.061999891518701321e-04
7.060199358147455778e-04
7.058323672839951967e-04
7.056379855063784961e-04
7.054247885536737072e-04
7.052321424572283864e-04
7.050236258867110997e-04
7.048065466783671670e-04
7.045851541686240244e-04
7.043648415897349338e-04
7.041068839294836691e-04
7.038734505371576451e-04
7.036352478026267065e-04
7.034069809533190698e-04
7.031538499896588254e-04
7.029492697692320399e-04
7.026994434335461642e-04
7.024883226935893250e-04
7.023025951811523275e-04
7.020363710351921116e-04
7.018434390039718015e-04
7.016151028446046285e-04
7.013790715502209562e-04
7.011289198049607940e-04
7.009096546374943802e-04
7.006863060605415545e-04
7.004804254572480609e-04
7.002422900225331245e-04
6.999996570581900604e-04
6.997698040339739908e-04
6.995528331979409663e-04
6.993501438478215166e-04
6.991115307957502167e-04
6.989139714201170975e-04
6.987276987864080849e-04
6.985001711860791031e-04
6.982539634186595446e-04
6.979961229004709314e-04
6.977609132733426532e-04
6.975635513093851907e-04
6.973064816966646198e-04
6.970901090711247809e-04
6.968317625201726241e-04
6.966383342048441040e-04
6.964297126482414538e-04
6.962367218482730293e-04
6.960149589257043660e-04
6.958411365788015395e-04
6.956384230256998065e-04
6.954168834395369359e-04
6.951823029133044922e-04
6.950251803189514419e-04
6.948176731350408971e-04
6.946322178422951327e-04
6.944480274796117555e-04
6.942651162366067193e-04
6.940900730341104065e-04
6.939262832984894680e-04
6.937937446177749401e-04
6.936407627095962517e-04
6.934897264945271214e-04
6.933474065342917726e-04
6.932068602226823962e-04
6.930787653258872662e-04
6.929716323045107419e-04
6.928379079379614345e-04
6.926960722219251869e-04
6.925736758801983098e-04
6.924394842373633036e-04
6.922939263053611578e-04
6.921257143271420656e-04
6.919586411502804410e-04
6.918168872969285765e-04
6.916566265862577256e-04
6.914943087565489366e-04
6.913302158629303779e-04
6.911371785020243392e-04
6.909659698313284004e-04
6.908087397279787448e-04
6.905926490640787061e-04
6.904139282761897123e-04
6.902318124921919332e-04
6.900350541821164514e-04
6.898281722872037867e-04
6.896265065235691145e-04
6.894168934607297584e-04
6.892015095425267331e-04
6.889735869758945985e-04
6.887656134335840225e-04
6.885644914681471199e-04
6.883608693350730607e-04
6.881507524285091501e-04
6.879262163493323834e-04
6.877246513854174109e-04
6.875050543797974704e-04
6.872862413592357176e-04
6.870690796376344904e-04
6.868687861554481243e-04
6.867032236145853867e-04
6.865313699941578062e-04
6.863400725277375236e-04
6.861677438957475240e-04
6.860068787300028972e-04
6.858382192444240771e-04
6.856634249976689861e-04
6.854778709493143879e-04
6.853173336996236636e-04
6.851086370782742772e-04
6.849172552234016054e-04
6.847175539430937034e-04
6.845544249701249325e-04
6.843613760662921233e-04
6.841678695667314028e-04
6.840060862217062308e-04
6.837892107137006877e-04
6.836555248999061189e-04
6.835124915594005491e-04
6.833286012744085999e-04
6.831581285936217610e-04
6.830094553361103346e-04
6.828506828002935559e-04
6.826924904360617049e-04
6.825096570456661189e-04
6.823485597743741450e-04
6.821905071086142684e-04
6.820084837632150402e-04
6.818126983888764172e-04
6.816298452784690749e-04
6.814555195131822294e-04
6.812605939487530746e-04
6.810832187961706049e-04
6.809035167601811510e-04
6.806811703722459713e-04
6.805199734565581813e-04
6.803194051127952821e-04
6.801215941758762549e-04
6.799145649886429972e-04
6.797082419789871998e-04
6.795055939751055984e-04
6.792746939646309877e-04
6.790741914813366430e-04
6.788753033840538896e-04
6.786712312878583802e-04
6.784420765781203847e-04
6.782597284314833847e-04
6.780779228250869827e-04
6.778757303176054195e-04
6.776822773359392421e-04
6.775086006522483767e-04
6.773024750186259569e-04
6.771053829753251752e-04
6.769177693819993782e-04
6.767301002045763604e-04
6.765228234320855771e-04
6.763179332260166017e-04
6.761080098583736918e-04
6.758906350938724116e-04
6.756805013271048382e-04
6.754861204969944254e-04
6.753014001169293937e-04
6.751136908642936963e-04
6.749131758693363136e-04
6.747450918601024562e-04
6.745790862052656028e-04
6.744429822691435511e-04
6.742787676404854089e-04
6.741216694851069656e-04
6.739542110764281920e-04
6.738149324918212913e-04
6.736515346768369222e-04
6.734997083909282029e-04
6.733431277553104206e-04
6.732109140697722796e-04
6.730515824771444566e-04
6.729096925518842937e-04
6.727546457004483131e-04
6.726249291331847001e-04
6.724706389188057649e-04
6.722783024280461510e-04
6.721435134360207418e-04
6.719907035242477780e-04
6.718358991159636149e-04
6.716798963284998161e-04
6.715091411205202556e-04
6.713072475274298699e-04
6.711391905728728707e-04
6.710027955280810971e-04
6.708060931127122302e-04
6.706452625251377916e-04
6.704935264530798933e-04
6.703163144729037829e-04
6.701681972832636844e-04
6.700198192339331836e-04
6.698355710252715820e-04
6.696710722014798675e-04
6.695404317677885585e-04
6.693594554330065333e-04
6.692150176943434088e-04
6.690443949806056632e-04
6.688832150717940322e-04
6.687277361317605110e-04
6.685247005757854110e-04
6.683612011838402237e-04
6.681622994444255583e-04
6.679711561054257375e-04
6.677760871666684394e-04
6.676081786348774883e-04
6.674073925288737325e-04
6.672698554473334778e-04
6.670726918710545876e-04
6.668918573018122993e-04
6.667265473563079286e-04
6.665549696418216711e-04
6.663870586547609000e-04
6.662283310060418493e-04
6.660300817987703037e-04
6.658696424287705853e-04
6.656936371240981332e-04
6.655335719565562804e-04
6.653599338122323167e-04
6.651679530517873740e-04
6.650165993145158109e-04
6.648688463953802063e-04
6.647074111966713890e-04
6.645524595004159100e-04
6.644029303081453244e-04
6.642457257807373155e-04
6.640856607290534152e-04
6.639793205131984269e-04
6.638061999587002802e-04
6.637031872488604852e-04
6.635617760036940406e-04
6.634398511383497298e-04
6.632973377785989031e-04
6.631517551956663719e-04
6.630221574991458687e-04
6.628932744671813069e-04
6.627536439902519420e-04
6.625951265613968686e-04
6.624853812414001949e-04
6.623511299277215101e-04
6.622289414634402504e-04
6.621229682016278265e-04
6.619944791119141553e-04
6.618543520619128489e-04
6.617535291805081744e-04
6.616163946501405456e-04
6.614723281974378396e-04
6.613335201292712016e-04
6.612200251098619046e-04
6.610934490678904794e-04
6.609453891288661958e-04
6.608154509292307310e-04
6.606535741185580110e-04
6.605166181780394545e-04
6.603399557631977734e-04
6.601980790900239962e-04
6.600412003260736462e-04
6.598906053678594641e-04
6.597186999181980536e-04
6.595118223581588864e-04
6.593306540804607643e-04
6.591649639953460656e-04
6.590000423128320297e-04
6.588016845360683289e-04
6.585921091370655405e-04
6.583824340392866077e-04
6.581987424000554148e-04
6.579942374318444379e-04
6.578131436385766580e-04
6.576448002313089319e-04
6.574883746245815909e-04
6.573080737643487983e-04
6.571382582569161059e-04
6.569936287183175639e-04
6.568276954731426358e-04
6.566416057807048044e-04
6.564636083954615391e-04
6.562917563139890114e-04
6.560986945100405476e-04
6.559317867421873534e-04
6.557264320022446625e-04
6.555361856076825098e-04
6.553569316298241262e-04
6.551776737927451823e-04
6.549966338503564536e-04
6.548363252653249854e-04
6.546324319699943235e-04
6.545004973312613765e-04
6.542954722004533765e-04
6.541257961631859186e-04
6.539357645291225384e-04
6.537699144085050863e-04
6.535767043451492673e-04
6.533816422447687308e-04
6.531802402490970421e-04
6.530406187934125828e-04
6.528817816093243675e-04
6.527122560916526119e-04
6.525550355827590453e-04
6.523903521690628798e-04
6.522532912756178738e-04
6.521075390681394879e-04
6.519705165536895594e-04
6.518039253484115636e-04
6.516475448384805285e-04
6.515221370814857846e-04
6.513337205167101310e-04
6.511798662503003260e-04
6.510331171023724757e-04
6.508400386665164636e-04
6.506779239414615381e-04
6.505193256989888397e-04
6.503017742519630459e-04
6.501105138386279727e-04
6.499162050090447366e-04
6.497466437307825287e-04
6.495433301921319218e-04
6.493713665009205821e-04
6.491733901116949687e-04
6.489700709700237102e-04
6.487893739732463437e-04
6.486042859349284029e-04
6.484136786628377606e-04
6.482314561517119782e-04
6.480739374411573477e-04
6.478861974667855144e-04
6.477117024571023935e-04
6.475810564409719512e-04
6.474075321297377518e-04
6.472516208639394163e-04
6.471265533416949850e-04
6.469764799995703173e-04
6.468409330129604911e-04
6.466822104434691689e-04
6.465205499902575842e-04
6.463888624423257991e-04
6.462538479324455654e-04
6.460790940180764514e-04
6.459334019978108096e-04
6.457829299614422898e-04
6.456007239018258246e-04
6.454166173961137275e-04
6.452627879272018535e-04
6.450889341598673409e-04
6.449409005818916010e-04
6.447608977052948385e-04
6.446012900334344067e-04
6.444416444634099841e-04
6.442902857695322234e-04
6.441332582651593339e-04
6.439719387478004325e-04
6.438116270605454081e-04
6.436632571851154828e-04
6.434768395498932864e-04
6.433713096650186744e-04
6.432152587215868387e-04
6.430834091866819563e-04
6.429111344658581780e-04
6.427515313955764129e-04
6.425827194325624010e-04
6.424286910415123253e-04
6.422988918429413168e-04
6.421744155299640832e-04
6.420164112642005655e-04
6.418746248923825910e-04
6.417077991525884382e-04
6.415802723094209906e-04
6.414171053680789826e-04
6.412866367297717987e-04
6.411281107832992330e-04
6.409821036592977354e-04
6.408732322921300044e-04
6.407166082841802375e-04
6.405670888902078924e-04
6.404264258069732691e-04
6.402755350185537027e-04
6.401397425312761215e-04
6.399723185962752749e-04
6.398318507665719853e-04
6.396686637270835229e-04
6.395335233447809950e-04
6.393609051851374073e-04
6.392027780388856613e-04
6.390706479361591991e-04
6.389018313782513859e-04
6.387521029293314256e-04
6.386066206324039806e-04
6.384618731783234810e-04
6.383369974712549888e-04
6.381706658650734441e-04
6.380576628752710920e-04
6.379142905494557562e-04
6.377565677534754833e-04
6.376163098780953265e-04
6.374858239823458141e-04
6.373684269652430279e-04
6.372368984279481487e-04
6.370815800759340721e-04
6.369547098460629116e-04
6.367978507689279989e-04
6.366638708929172295e-04
6.365332306504107706e-04
6.364052806146213185e-04
6.362597290297207281e-04
6.361228112953257663e-04
6.360041800945737123e-04
6.358777033417852822e-04
6.357738281877171492e-04
6.356231309444618531e-04
6.354851473115420658e-04
6.353313476954682753e-04
6.352011245849190470e-04
6.350615532163198917e-04
6.348880042978575448e-04
6.347333229694881312e-04
6.345832266380147576e-04
6.344148825638232670e-04
6.342327265949276524e-04
6.340995631452059789e-04
6.338924089407804848e-04
6.337385799960640982e-04
6.335528250871675423e-04
6.334075173089155414e-04
6.332519983654926387e-04
6.330726938248043990e-04
6.328950470396284495e-04
6.327444240336101708e-04
6.325524102350263802e-04
6.324224784293444243e-04
6.322647531270468406e-04
6.321150161548088698e-04
6.319612188000073034e-04
6.318213102919210305e-04
6.316801268795760966e-04
6.315256148051850288e-04
6.313811076515594110e-04
6.312756201750173955e-04
6.311275091015096372e-04
6.310139245912033340e-04
6.308898902279862003e-04
6.307913489990096085e-04
6.306455727876589821e-04
6.305543507313026916e-04
6.304576576557745227e-04
6.303528072533099184e-04
6.302385956202385476e-04
6.300972289835148022e-04
6.299865758984178436e-04
6.298669609642053215e-04
6.297501785153542930e-04
6.296625334520141327e-04
6.295667960680307457e-04
6.294564211652908196e-04
6.293640694803304386e-04
6.292790616329110723e-04
6.292040306013733930e-04
6.291099774215089474e-04
6.290232949187265230e-04
6.289661920151599656e-04
6.288391010548904361e-04
6.287708714243353189e-04
6.286891427940251775e-04
6.285864651621266876e-04
6.284946529193892939e-04
6.283844720589060228e-04
6.282679487252210582e-04
6.281216798904821694e-04
6.280203939072169245e-04
6.278770568929759998e-04
6.277587095567903471e-04
6.276398402035237656e-04
6.274926871259545527e-04
6.273640265019015229e-04
6.272395355578735780e-04
6.271347912638087097e-04
6.270035939451128193e-04
6.269053652302554111e-04
6.268155479753499595e-04
6.267153860946652645e-04
6.266248542381856095e-04
6.265155925398448959e-04
6.264079820002093875e-04
6.263143557892382344e-04
6.262063799797172071e-04
6.261085219925719998e-04
6.259993856774084342e-04
6.258727440136769215e-04
6.257724151862142101e-04
6.256534196612396730e-04
6.255224835527186918e-04
6.254001497939670751e-04
6.252751834175540461e-04
6.251356661631352583e-04
6.250051578073305544e-04
6.248782011049495771e-04
6.247830519711432750e-04
6.246707595729707315e-04
6.245423604113075266e-04
6.244503176075747071e-04
6.243516695161210233e-04
6.242365811531171843e-04
6.241478461091003443e-04
6.240653077617406078e-04
6.239700884847501844e-04
6.238922216593808688e-04
6.237899356913486487e-04
6.237005727447632189e-04
6.236056570234590254e-04
6.235004174838864677e-04
6.234295180716763760e-04
6.233198291112749699e-04
6.231961942230309021e-04
6.230971938819736006e-04
6.229851645283595229e-04
6.229133008296299824e-04
6.228037272772746517e-04
6.227102274224875864e-04
6.225873908292655105e-04
6.224591356899872524e-04
6.223306824120099700e-04
6.222276402622978686e-04
6.221306954144403692e-04
6.219884918192402495e-04
6.218653792152493542e-04
6.217673974400363514e-04
6.216271926678356005e-04
6.214971920377894681e-04
6.213860024056850565e-04
6.212229938235753514e-04
6.211056052233014310e-04
6.209591252555562817e-04
6.208097523786146495e-04
6.206670507677925159e-04
6.205385013615719557e-04
6.203893672508479498e-04
6.202821900161464754e-04
6.201140326198375553e-04
6.199771520279475940e-04
6.198219581174485527e-04
6.196901986552525105e-04
6.195283175391572356e-04
6.193802049944310394e-04
6.192241046765058861e-04
6.190612548330755001e-04
6.189150314741362780e-04
6.187637714512287833e-04
6.185810700254931000e-04
6.184466345092635249e-04
6.182717740797118861e-04
6.181517263820599135e-04
6.180025947680011086e-04
6.178444012886050900e-04
6.177473126071572618e-04
6.176027830427035679e-04
6.174686208102405944e-04
6.173369534947193912e-04
6.172363852549676410e-04
6.171086880183027047e-04
6.169905666530837085e-04
6.168797230596202892e-04
6.167669681108132324e-04
6.166081157212754873e-04
6.164812461648823102e-04
6.163144857194117077e-04
6.161689353045453474e-04
6.160537111996310664e-04
6.159096093678114066e-04
6.157782933081751503e-04
6.156263398066953458e-04
6.155203090418254848e-04
6.154118866111508773e-04
6.152799822152459205e-04
6.151410996506597242e-04
6.150037280727273584e-04
6.148682029175216212e-04
6.147424958176988998e-04
6.146244251537184670e-04
6.144727054992662335e-04
6.143431849898667915e-04
6.142226470913687581e-04
6.140694121866520708e-04
6.139241244658525136e-04
6.138054678697372384e-04
6.136481641345274251e-04
6.135125063869499270e-04
6.133534731088178225e-04
6.132040899332358861e-04
6.130755208019968323e-04
6.129279417865082444e-04
6.128260297118512693e-04
6.127013537431301666e-04
6.125632554180613721e-04
6.124222633438456981e-04
6.123086921266384383e-04
6.121660316997372701e-04
6.120304677724416106e-04
6.118721200109378863e-04
6.117931991953014367e-04
6.116428147190906090e-04
6.115207229096417075e-04
6.113907249314159617e-04
6.112763376433274750e-04
6.111450630628719859e-04
6.110362847137360085e-04
6.109292176557726013e-04
6.108206620261814705e-04
6.107068515872766381e-04
6.105848239178087149e-04
6.104885901798320479e-04
6.103621639828288705e-04
6.102708017547844128e-04
6.101455526006560777e-04
6.100165914064686196e-04
6.099060511757359694e-04
6.097973927808110527e-04
6.096752199473117265e-04
6.095661382474757209e-04
6.094550977303571848e-04
6.093817351525010343e-04
6.092686898277635370e-04
6.092048082445905219e-04
6.091123161078406192e-04
6.090000957036600070e-04
6.089214001668902991e-04
6.088320211068916398e-04
6.087316397704019624e-04
6.086709893520514131e-04
6.085884502475374632e-04
6.084992324837570476e-04
6.083983443105169583e-04
6.083154230945666575e-04
6.082414885590349497e-04
6.081781711533273136e-04
6.080892763695451130e-04
6.080073002868980302e-04
6.079484797528737945e-04
6.078501898882009234e-04
6.077467831876452080e-04
6.076656194811403929e-04
6.075808453932964167e-04
6.075303930081233381e-04
6.074634355456433148e-04
6.073852524093944919e-04
6.073243512854386867e-04
6.072399583256450541e-04
6.071868244589325586e-04
6.071495963284884037e-04
6.070655059731841973e-04
6.070120742250210760e-04
6.069534243801040030e-04
6.069208924076109667e-04
6.068522480582768915e-04
6.067843267068766906e-04
6.067433042623058626e-04
6.066808625167665172e-04
6.066284499117628000e-04
6.065782950086207005e-04
6.065242219205559289e-04
6.064538784424764904e-04
6.063839783569982241e-04
6.063113814230839836e-04
6.062641815323204474e-04
6.062029018877193674e-04
6.061501602084145299e-04
6.061025947450420252e-04
6.060213079795613317e-04
6.059720908498081229e-04
6.059148083839943329e-04
6.058520201105660301e-04
6.057844814883193204e-04
6.057263349840908209e-04
6.056824403553946919e-04
6.056200067540839106e-04
6.055648649359258919e-04
6.055003987966216207e-04
6.054570057281206692e-04
6.054159558432191260e-04
6.053515678203207767e-04
6.053255722018457833e-04
6.052535185743090776e-04
6.052227602374676916e-04
6.051556481583974124e-04
6.050818860940794476e-04
6.050138284631760479e-04
6.049269223981002712e-04
6.048331680716459435e-04
6.047642431111434520e-04
6.046410735507224245e-04
6.045440889864703640e-04
6.044429001843487853e-04
6.043565090819861055e-04
6.042254518865885961e-04
6.041512499129703465e-04
6.040293590793788204e-04
6.039403340293603454e-04
6.038605544313636756e-04
6.037638247953018263e-04
6.036989725839424789e-04
6.036123073353047820e-04
6.035352572865173822e-04
6.034765719518442100e-04
6.034126640399468380e-04
6.033579801238110000e-04
6.032973577356837754e-04
6.032500687267334507e-04
6.032064028368256487e-04
6.031623738155125845e-04
6.031117606462332078e-04
6.030862865550277183e-04
6.030331636415257835e-04
6.030181997024048734e-04
6.029440133905380333e-04
6.028842878961377392e-04
6.028415242123804372e-04
6.027904036815539711e-04
6.027089518682280950e-04
6.026287448974664267e-04
6.025413575624993063e-04
6.024372042451284518e-04
6.023336256422112504e-04
6.022510441787089133e-04
6.021232216526615924e-04
6.019809278924318418e-04
6.018811029633072251e-04
6.017512816580470160e-04
6.016601802439702036e-04
6.015021815491954516e-04
6.013819343953118917e-04
6.012852850191736410e-04
6.011547725533650417e-04
6.010307391052137826e-04
6.008928110584428519e-04
6.007936698270454658e-04
6.006809233087612903e-04
6.005175378232108360e-04
6.004163364106233089e-04
6.002696479171172649e-04
6.001309141709092621e-04
5.999621868825775551e-04
5.998183179118820501e-04
5.997142455124914113e-04
5.995551968486720080e-04
5.994422489660020548e-04
5.992836718359674346e-04
5.991460263756833750e-04
5.990423801071952190e-04
5.989138948417603320e-04
5.988154417648536938e-04
5.986929101090363720e-04
5.986029867931005194e-04
5.985169541163628485e-04
5.984125257126447382e-04
5.983377034830810338e-04
5.982449244979464592e-04
5.981622557732105099e-04
5.980796251084426066e-04
5.980343429441282825e-04
5.979845608792940448e-04
5.979404105338019786e-04
5.978652910167995757e-04
5.978152875000834407e-04
5.977729088799777846e-04
5.977077060424248849e-04
5.976672998889713713e-04
5.975936581369614828e-04
5.975569553722585815e-04
5.975265756496191431e-04
5.974814680145588237e-04
5.974326088857345382e-04
5.973786358157063712e-04
5.973261235298406736e-04
5.972318303241522502e-04
5.971933541909292846e-04
5.971402245117454766e-04
5.970819222242401822e-04
5.969864641762218527e-04
5.969019356688763048e-04
5.968483197534348592e-04
5.968035930353820032e-04
5.967133435601919235e-04
5.966535361113422175e-04
5.965799041897357474e-04
5.964921155090096997e-04
5.964189328804678962e-04
5.963261143850554597e-04
5.962850220486564127e-04
5.962200641754550508e-04
5.961641378335314195e-04
5.961154671856330961e-04
5.960814737699768502e-04
5.960377620007316097e-04
5.959986183681355949e-04
5.959563241889818909e-04
5.959294289228078949e-04
5.958679475846971564e-04
5.958465672277584975e-04
5.958203053893429890e-04
5.957217188778690274e-04
5.956696242861418298e-04
5.956107566281992199e-04
5.955089068031399740e-04
5.954362194840472251e-04
5.953250353325159486e-04
5.952378775537709495e-04
5.951349805185256235e-04
5.950366304588784218e-04
5.949552959106983816e-04
5.948667798489126529e-04
5.947866943717469842e-04
5.947152860520164928e-04
5.946362265996542459e-04
5.945680193511439140e-04
5.944881222516708134e-04
5.944515406391317341e-04
5.943452876219154635e-04
5.943225292128848786e-04
5.942571463799303658e-04
5.941841669105590385e-04
5.941164552266874023e-04
5.940545800049593182e-04
5.939944419956454114e-04
5.939282760041184007e-04
5.938755693270326768e-04
5.938104309005028418e-04
5.937428570745030250e-04
5.936969497076474873e-04
5.936299606349570296e-04
5.935519692582287956e-04
5.934585743642185624e-04
5.933845030541166693e-04
5.933266610263703911e-04
5.932446219695392811e-04
5.931710544419909305e-04
5.930870455109949922e-04
5.929538629761321906e-04
5.928688322193376896e-04
5.927397095583589052e-04
5.926462618230695766e-04
5.925488063463161398e-04
5.924773444540806008e-04
5.923768931119705906e-04
5.922845416195584439e-04
5.921943591591600836e-04
5.921004219730386774e-04
5.920147777987453059e-04
5.919658976539125339e-04
5.919110162453147502e-04
5.918259689026075928e-04
5.917613584418239666e-04
5.916790341472054739e-04
5.916274430116859892e-04
5.915525411193650997e-04
5.914530335830342793e-04
5.914006963181235588e-04
5.913175470859267490e-04
5.912527026037126335e-04
