3.952215232752796445e-03
3.952215232752796445e-03
4.062349127082905652e-03
4.053380462560679520e-03
4.078338743630532080e-03
4.056687051445184711e-03
4.094924084298357143e-03
4.086937243794703731e-03
4.103868825800506201e-03
4.102123258530534708e-03
4.099122297603727434e-03
4.105293404628599166e-03
4.116163753440760242e-03
4.108832549125225955e-03
4.105290652975958181e-03
4.108006700980101206e-03
4.104595418927397925e-03
4.122575211581780592e-03
4.141146551923523440e-03
4.164381036718380925e-03
4.184999013997037047e-03
4.175155654792039872e-03
4.200441112571876370e-03
4.216062216185267192e-03
4.227929777895318535e-03
4.239668293788880632e-03
4.257434411947269744e-03
4.257230765224837357e-03
4.283766678450065708e-03
4.292408032558064912e-03
4.301300562416736535e-03
4.332372594467360886e-03
4.334194696276771029e-03
4.358381112267255102e-03
4.377012875358694821e-03
4.408968189918182831e-03
4.421601416241027586e-03
4.453114126756097142e-03
4.464579845560088731e-03
4.507506687002341833e-03
4.507950487272451706e-03
4.538710195863351199e-03
4.553035558572960870e-03
4.573137057302646691e-03
4.597758125512310147e-03
4.637038031469838464e-03
4.651314608790605744e-03
4.672518117908202803e-03
4.705671090224869922e-03
4.737749626171895885e-03
4.763310798926354526e-03
4.797374525344156281e-03
4.808018561844525605e-03
4.846122818642368754e-03
4.873020352132947410e-03
4.920066565308782273e-03
4.956976011882770899e-03
5.000935708162171887e-03
5.026602147694748599e-03
5.064106451923468775e-03
5.098811198376864383e-03
5.125802094057959821e-03
5.143193817847842297e-03
5.156947655227954626e-03
5.193311519219116421e-03
5.200964572032932935e-03
5.220087129665238607e-03
5.244019820821738641e-03
5.270974112409889008e-03
5.302223400931862368e-03
5.331133801906172594e-03
5.364553858823617460e-03
5.406176548828740651e-03
5.439320626042501786e-03
5.460479285505166237e-03
5.485694411196341026e-03
5.518910757511821634e-03
5.555914569031596487e-03
5.555132309631118440e-03
5.583289046163817521e-03
5.615550765779860065e-03
5.645043312347618886e-03
5.681590576505610862e-03
5.695706534806244462e-03
5.736780679473939271e-03
5.783135069528612046e-03
5.824439626257340956e-03
5.849729437411564127e-03
5.891876398849599065e-03
5.937965291211899990e-03
5.957296712220443158e-03
5.993960500154549287e-03
6.032703449395611373e-03
6.058991556085219221e-03
6.103672887970962475e-03
6.121581801548054563e-03
6.140667013625117354e-03
6.167482167864059631e-03
6.201764130895038099e-03
6.244099587278031244e-03
6.302307188205252646e-03
6.337830384172153317e-03
6.400621633465977157e-03
6.423054113904420707e-03
6.450930756798172426e-03
6.481940377183281407e-03
6.502376075359160568e-03
6.538115414197138119e-03
6.570158901427572765e-03
6.593908831977087805e-03
6.619048069786307581e-03
6.655352576622601025e-03
6.690447984161363056e-03
6.714677363862703481e-03
6.744961266440157970e-03
6.779310412144098560e-03
6.823384151178522872e-03
6.847003298453791138e-03
6.878536108828442117e-03
6.902367434770653037e-03
6.924274132100012580e-03
6.944980608876938355e-03
6.968939176456693391e-03
7.003877089681378142e-03
7.036046827752447975e-03
7.072345717608720557e-03
7.108234733694536282e-03
7.130879160239716151e-03
7.142829068627465534e-03
7.172049288300505650e-03
7.199961888570695703e-03
7.236960164230220316e-03
7.250350375614169132e-03
7.271039635740051722e-03
7.294394493024270766e-03
7.320606333115031554e-03
7.345642782805725940e-03
7.371088036959976345e-03
7.378291159971170354e-03
7.408317351829445986e-03
7.439819195807004584e-03
7.471351378939060893e-03
7.494899169479559906e-03
7.520926574607939182e-03
7.553762349869773234e-03
7.550954514767411335e-03
7.591688720727397116e-03
7.617154840402515052e-03
7.624274446826338411e-03
7.671003231585354215e-03
7.697358505708490339e-03
7.726748623156733976e-03
7.744200575623142596e-03
7.762707755836542427e-03
7.790374600502768254e-03
7.821397408923064579e-03
7.856579213991859642e-03
7.874576139066519903e-03
7.902944621905506548e-03
7.945997037556074352e-03
7.974002189170076305e-03
8.005440153334606249e-03
8.029850969385420728e-03
8.033415102698103841e-03
8.057892547213911863e-03
8.077811082346649310e-03
8.089370636949361551e-03
8.103095781642288484e-03
8.139518496112111562e-03
8.157438727027982450e-03
8.192030819200116915e-03
8.209273547901423454e-03
8.211358620434826977e-03
8.244681837161827939e-03
8.245759448739448452e-03
8.262273486858666763e-03
8.277624613423153338e-03
8.288926074311524228e-03
8.321653595072189477e-03
8.337207562519504192e-03
8.367101658125236652e-03
8.380696631004403221e-03
8.406226088742035571e-03
8.406401575430738626e-03
8.435287412348418945e-03
8.455199401375462429e-03
8.461272975035558086e-03
8.471118895475103494e-03
8.483671410199136731e-03
8.501771518676743897e-03
8.502354529647572490e-03
8.534216674265187805e-03
8.557652255088470106e-03
8.581086023043051764e-03
8.599159417834161684e-03
8.610830563677868144e-03
8.646433317143419409e-03
8.682732017646400263e-03
8.692832393287533779e-03
8.717670696667973590e-03
8.732642845811810009e-03
8.759207829552846311e-03
8.767139320055711282e-03
8.795596509604597379e-03
8.779972430835263769e-03
8.789930880856196629e-03
8.774374538918501554e-03
8.793095493571458782e-03
8.807099199972898140e-03
8.835702665756801216e-03
8.838250088222886214e-03
8.851511317407349810e-03
8.890255874204328404e-03
8.891325659559022251e-03
8.907112169921023448e-03
8.921961068318984972e-03
8.953935684927713176e-03
8.968033357544582737e-03
8.974085330985195549e-03
8.992017342916418937e-03
9.001409011335115284e-03
9.020874519876759604e-03
9.041319182472940322e-03
9.058671137351271760e-03
9.071581879635644274e-03
9.081105131634929425e-03
9.107719917202883320e-03
9.125035172435342137e-03
9.137150436608783982e-03
9.158595573290687769e-03
9.170310305446040949e-03
9.186130272039211286e-03
9.210714723534385237e-03
9.239961937987145948e-03
9.268377555928594344e-03
9.269652514551562569e-03
9.272391503584682254e-03
9.263703212514276877e-03
9.276743532516338805e-03
9.305809955251377955e-03
9.313161308600281102e-03
9.321045412012778086e-03
9.345410508930758822e-03
9.362928222254367217e-03
9.371970606360389283e-03
9.382558383734678625e-03
9.397833009841104895e-03
9.408233064190486480e-03
9.415190031102707580e-03
9.427479834246476481e-03
9.452189816896008900e-03
9.474824952814937806e-03
9.487907547191139906e-03
9.487334408224560103e-03
9.488932973641265103e-03
9.512862974728598583e-03
9.526591644081847804e-03
9.531879158822285231e-03
9.518100307670401133e-03
9.547413389157535443e-03
9.555173528109655104e-03
9.569045057267182297e-03
9.593655488131253711e-03
9.612946575344356176e-03
9.618075017738692695e-03
9.626712409281094202e-03
9.620153011860400893e-03
9.634237004154402872e-03
9.646435805613170003e-03
9.668780062335161421e-03
9.665534123392126309e-03
9.680747809537794402e-03
9.691918656064906282e-03
9.710911895643948785e-03
9.719298623747025731e-03
9.738303487247515142e-03
9.748578617935916776e-03
9.766164825080459605e-03
9.772880273076945887e-03
9.791515108208300594e-03
9.802173748224007888e-03
9.802694276267202508e-03
9.801208896761266429e-03
9.807196807600920829e-03
9.819665612231423535e-03
9.825688231328951611e-03
9.842322203623736498e-03
9.834536740745825414e-03
9.844802767854108141e-03
9.850753710297574517e-03
9.864788339274586926e-03
9.865328918902569952e-03
9.873938195424697764e-03
9.881480645172174143e-03
9.916842634642712012e-03
9.935158422204408077e-03
9.945117879860439561e-03
9.931401630226566538e-03
9.951798986813507192e-03
9.978368632075929404e-03
9.983751163993833180e-03
9.983201252947132565e-03
1.001158682105954961e-02
1.002293215826472079e-02
1.002304758880836685e-02
1.001875158727973114e-02
1.002642637006150722e-02
1.003957394692370046e-02
1.004225299709041522e-02
1.006020861954907454e-02
1.005641207238610994e-02
1.008252309395190130e-02
1.011111828102013131e-02
1.012066637616828441e-02
1.014168541851622786e-02
1.014430092969050880e-02
1.016663491059736045e-02
1.016952831587944819e-02
1.019443312730153317e-02
1.020203704130000048e-02
1.024325048641796035e-02
1.025886722226691805e-02
1.026183800014653265e-02
1.024959955384877400e-02
1.024882004910426629e-02
1.026701010091465339e-02
1.028289013879180556e-02
1.029354546269427989e-02
1.028727246555877738e-02
1.027729282099470488e-02
1.029509957702853806e-02
1.028952184710188976e-02
1.031586698608553780e-02
1.034259448285253929e-02
1.036262589151164780e-02
1.037058970429142156e-02
1.038414145593246490e-02
1.038166295811252318e-02
1.041266248318982283e-02
1.041898176129119752e-02
1.040384235696849118e-02
1.041868412548221413e-02
1.044125162678663510e-02
1.044851054137269260e-02
1.046556571616586058e-02
1.046782971756896746e-02
1.047789353692311735e-02
1.049147834586973416e-02
1.050628445762921692e-02
1.050767998334252093e-02
1.054448525424749560e-02
1.056245912423151197e-02
1.054815105940153444e-02
1.056376818210128139e-02
1.057499919296748386e-02
1.058099336064953662e-02
1.059065673427106620e-02
1.059316211481663682e-02
1.060521599235011991e-02
1.060460306215767722e-02
1.061242621005667811e-02
1.059910574054589646e-02
1.059625280881698953e-02
1.060527223890371865e-02
1.061937476466012775e-02
1.064436670111740951e-02
1.065064861030505516e-02
1.065718975434538050e-02
1.069048054160470600e-02
1.069435853294405797e-02
1.070452887236895100e-02
1.071963504468689647e-02
1.070484972245767767e-02
1.070580883237895638e-02
1.071198445426628336e-02
1.073165588984870134e-02
1.073967501584204530e-02
1.075128340046257146e-02
1.076073845885978236e-02
1.077657781072853885e-02
1.076437274557995663e-02
1.078053946917812388e-02
1.079258949813433413e-02
1.080059226402670450e-02
1.081519763079356010e-02
1.083353401314278604e-02
1.082931840324687957e-02
1.083645539868816760e-02
1.084250959915775830e-02
1.085581432926407963e-02
1.085922336563436251e-02
1.087746019583475145e-02
1.086634211709686798e-02
1.086498123368646006e-02
1.086804464579111708e-02
1.087692133663093440e-02
1.088535645835815406e-02
1.091048832244097613e-02
1.093025663650419588e-02
1.093994558496099237e-02
1.093911696266843155e-02
1.095030328922917164e-02
1.095153705280760628e-02
1.095654772300930918e-02
1.096656819011460580e-02
1.096435657742199539e-02
1.096589461034076091e-02
1.098377086346921661e-02
1.099293682091938631e-02
1.100325932437889315e-02
1.101257010123663470e-02
1.103156415681580578e-02
1.104621804416379242e-02
1.106235567827801997e-02
1.104471664461923949e-02
1.105646945049420377e-02
1.104596076600540544e-02
1.105857876075127220e-02
1.106163850460301079e-02
1.105936433571134622e-02
1.105573412396636430e-02
1.105266760800051838e-02
1.106290203140462489e-02
1.107220016786568569e-02
1.107942603600059993e-02
1.108070670766054915e-02
1.106228282067160326e-02
1.107028794746829116e-02
1.106040630314578631e-02
1.106399779799738248e-02
1.107314761459397313e-02
1.108937098865180049e-02
1.109210996251356815e-02
1.109326316354602819e-02
1.110809644765856259e-02
1.111894124548857242e-02
1.114437906949406094e-02
1.115257350768481329e-02
1.116871840294560506e-02
1.115199916706028672e-02
1.116947988852744732e-02
1.117816535683920434e-02
1.119230576897191874e-02
1.119980802323613904e-02
1.120579101651478053e-02
1.121803810161246806e-02
1.121421097198564872e-02
1.121792878177225311e-02
1.121947493351628869e-02
1.123421767775086184e-02
1.123309075212183469e-02
1.122984244742666719e-02
1.123012240753211259e-02
1.123450348842113325e-02
1.124344319438064579e-02
1.124291489564556955e-02
1.124659937255426123e-02
1.126977376339455099e-02
1.127711551055984342e-02
1.128140540794280583e-02
1.129873461185241200e-02
1.130738273418788707e-02
1.130422484014110066e-02
1.131451457609639229e-02
1.131818915648044772e-02
1.131386501034441217e-02
1.132353087052852085e-02
1.133152526983508511e-02
1.133792557539673763e-02
1.136775891720263366e-02
1.137433200224708361e-02
1.137953954766795193e-02
1.138489607992238146e-02
1.137636259880805793e-02
1.139356856789598867e-02
1.139802960680661240e-02
1.140158472498296015e-02
1.142338838057950154e-02
1.143573449718681377e-02
1.144774604596353156e-02
1.145585330988656281e-02
1.146357284696134134e-02
1.145953730256005741e-02
1.148262965755109284e-02
1.148889299008894020e-02
1.147881441711945047e-02
1.147292054497270515e-02
1.148929613048230679e-02
1.148911339704304299e-02
1.149939396181047339e-02
1.151901496427230887e-02
1.152616498374092226e-02
1.152885255890973883e-02
1.153811741549595413e-02
1.154415626132819506e-02
1.152807696138632119e-02
1.152497324461728562e-02
1.154543196324401243e-02
1.153847952154637806e-02
1.156295232454698438e-02
1.154757844278278718e-02
1.155761941387026259e-02
1.155172247777956629e-02
1.156303464182231559e-02
1.156979691063473280e-02
1.157253808064485218e-02
1.156630562268090058e-02
1.158599361762849625e-02
1.158826667292377037e-02
1.160688086184708326e-02
1.161199967634845079e-02
1.161588347683727498e-02
1.162678302215414128e-02
1.161850538916433390e-02
1.164389201827005157e-02
1.165523485905823296e-02
1.167615885699426100e-02
1.168367654283920809e-02
1.169022609761085837e-02
1.167648891719533753e-02
1.170492876203732026e-02
1.169503156518559954e-02
1.169345873448621870e-02
1.168839991670035314e-02
1.169640941373928031e-02
1.169750183587240679e-02
1.170262264332348409e-02
1.172982661936144803e-02
1.174837821063989297e-02
1.174251399424644342e-02
1.174603941155514218e-02
1.175043280760788324e-02
1.176211573621284597e-02
1.176797411702941096e-02
1.177756962700777198e-02
1.179259569888608389e-02
1.179358647338909181e-02
1.180236779634807019e-02
1.178846079572343566e-02
1.180011945722911348e-02
1.180964704251739709e-02
1.181633452295295823e-02
1.182452252024272614e-02
1.182853418889404963e-02
1.183609503263463938e-02
1.184560939573613830e-02
1.185381397179358781e-02
1.184249105083217714e-02
1.185509631104485206e-02
1.186228276368556100e-02
1.186768781449565671e-02
1.185686773216706319e-02
1.185446531824457979e-02
1.184657689966290769e-02
1.186863973310734767e-02
1.188473366630683585e-02
1.189626813648427331e-02
1.191349332972893756e-02
1.194312715563821195e-02
1.194283220689710059e-02
1.194966152074345908e-02
1.197186955241020916e-02
1.198138669427775867e-02
1.198577758124314170e-02
1.199616133121792459e-02
1.199567973720555569e-02
1.201581000781601696e-02
1.202559362823927419e-02
1.203512377464380050e-02
1.202662438477432490e-02
1.203570407349427093e-02
1.205086231804265370e-02
1.205485293066062800e-02
1.205816181539722844e-02
1.205937286600738088e-02
1.206321176002497428e-02
1.207805977662464864e-02
1.208290722940557303e-02
1.210248061408008939e-02
1.210463590760323463e-02
1.210907540413310411e-02
1.212490979431788372e-02
1.213617838210923061e-02
1.213646697760240555e-02
1.214622356127952919e-02
1.215653135784926925e-02
1.215397407337909068e-02
1.215525778522568399e-02
1.216907054790155804e-02
1.216827486171710541e-02
1.216741588784804769e-02
1.218092204452045010e-02
1.220399682659057371e-02
1.220119657390674947e-02
1.221639163067833600e-02
1.221797067799430467e-02
1.223037278406399926e-02
1.222749653538601766e-02
1.224063052798588132e-02
1.225349154635721471e-02
1.225471073424149425e-02
1.225866410905629769e-02
1.224273675449209439e-02
1.224481774129620830e-02
1.224732982672800327e-02
1.225708505302133648e-02
1.225806642025081654e-02
1.226470561786079626e-02
1.225815351313371514e-02
1.227091786693256491e-02
1.227039275666861988e-02
1.225697744334111952e-02
1.226952842795291793e-02
1.226881649409056370e-02
1.227851713148612675e-02
1.228835280807998899e-02
1.231597557375022772e-02
1.230649161323857897e-02
1.230219069023609849e-02
1.229492012722281126e-02
1.229412552523418724e-02
1.230252650114874169e-02
1.233008674760903423e-02
1.233624948249300961e-02
1.234487776899708018e-02
1.234780583185880222e-02
1.235667739989526961e-02
1.236873954166682957e-02
1.237214561800182092e-02
1.237033101508477548e-02
1.235231486543999883e-02
1.235306709781994021e-02
1.235158164461637974e-02
1.234930469966050506e-02
1.235051088572279229e-02
1.234685201676325415e-02
1.234974256781647128e-02
1.235270323842605281e-02
1.233517633020433761e-02
1.232080018298843498e-02
1.233957279355367941e-02
1.234624606601432070e-02
1.234297314904000097e-02
1.234306708547516264e-02
1.235679812637117438e-02
1.235624232133877842e-02
1.236256050626117521e-02
1.235325430497356998e-02
1.236559524899297734e-02
1.238071421931669774e-02
1.238235759607081432e-02
1.239642735854042978e-02
1.238790837362655460e-02
1.238280407292684758e-02
1.238854302422156065e-02
1.238816098891182271e-02
1.238939413503864322e-02
1.237708791784225375e-02
1.239032795368199755e-02
1.238342536635901082e-02
1.238826529116093464e-02
1.239423180240423021e-02
1.241804936663675613e-02
1.241719318826665398e-02
1.241404220711564421e-02
1.240649722516852689e-02
1.242149307217707381e-02
1.242014852120808081e-02
1.242263919839158015e-02
1.243297852770216746e-02
1.243288093943485141e-02
1.243224329865045760e-02
1.244012418330989016e-02
1.244655439676692690e-02
1.244421318163001916e-02
1.245114773034584205e-02
1.245495221639751106e-02
1.246948035552031091e-02
1.247448928784881429e-02
1.247906978443511818e-02
1.247837435458693314e-02
1.248602259557522222e-02
1.249682644586738896e-02
1.250353487714914689e-02
1.251647270633542489e-02
1.252648614149886111e-02
1.252984488755485258e-02
1.255226418030341851e-02
1.255635341587247808e-02
1.256185678230542849e-02
1.257357985657862019e-02
1.256093575000610460e-02
1.257284364961404680e-02
1.258115471992090478e-02
1.257285044810143790e-02
1.258236128803017460e-02
1.258035039328371518e-02
1.259637025060191332e-02
1.260218572282891664e-02
1.259377997618147532e-02
1.261286789078007800e-02
1.259215316406543488e-02
1.259916332679190433e-02
1.260389386899517933e-02
1.259413868555574710e-02
1.259780738393681543e-02
1.260089557946102688e-02
1.261795252263708637e-02
1.262435161873299606e-02
1.263126535867736822e-02
1.261762622005266864e-02
1.261637550793538731e-02
1.262220763198106631e-02
1.262760758152267800e-02
1.263612773128238928e-02
1.265153163032533938e-02
1.264471301638078922e-02
1.265121179897628172e-02
1.264985115490804488e-02
1.266038055561078193e-02
1.265938712423137630e-02
1.265955741915486717e-02
1.267635342541236290e-02
1.268911269464885645e-02
1.268490015718582060e-02
1.269189087005092795e-02
1.269706554435842856e-02
1.270398764360961864e-02
1.271834584913071609e-02
1.270987642688442901e-02
1.273399423553950999e-02
1.273983263231450412e-02
1.274277289467612775e-02
1.274971972172613335e-02
1.277251903541084394e-02
1.277843121132596522e-02
1.280508120963684722e-02
1.281152868833148120e-02
1.280545104408637065e-02
1.280794879668293446e-02
1.280891487609913879e-02
1.281479596341988589e-02
1.280974839676438104e-02
1.281276690304008169e-02
1.282564220072555591e-02
1.281970242244463362e-02
1.281324438526851989e-02
1.283165776507964352e-02
1.283449614358595815e-02
1.282225716061790276e-02
1.281814247553399871e-02
1.282432419460274864e-02
1.283985571867933204e-02
1.285899926300738960e-02
1.288402930156062713e-02
1.287540786920573534e-02
1.286550265768126450e-02
1.285855219022552683e-02
1.287559821551938384e-02
1.286383156631781474e-02
1.287168471519545970e-02
1.288518855734887593e-02
1.287016597748527093e-02
1.288173170847362395e-02
1.289673967446234790e-02
1.290672409737862042e-02
1.291014262656191985e-02
1.290280093867988802e-02
1.290868483375494022e-02
1.289831805284361900e-02
1.289838672491715882e-02
1.291907211150946679e-02
1.291931454015754661e-02
1.293359284917259232e-02
1.293244770728988434e-02
1.294324603786350600e-02
1.293823385067190482e-02
1.294256494664706297e-02
1.293340685954653610e-02
1.294720308943010829e-02
1.293936872074488535e-02
1.294628863318381291e-02
1.295137861514262037e-02
1.296574699588959323e-02
1.296372206855972257e-02
1.296454248637824228e-02
1.296199638700383516e-02
1.298185766684403601e-02
1.298457106292552794e-02
1.297428829925699814e-02
1.297179696393357777e-02
1.298436434883486375e-02
1.301082446709454256e-02
1.299920356591757059e-02
1.300584253369269430e-02
1.299459976850153228e-02
1.299298229747380268e-02
1.299011501506698758e-02
1.298415378822833852e-02
1.299848702216718777e-02
1.301887234220026369e-02
1.302790784832177397e-02
1.300994013735671563e-02
1.301298206026051986e-02
1.300848316325351958e-02
1.301780957839547039e-02
1.302200468675225771e-02
1.302895759576167337e-02
1.302510602445900757e-02
1.303313533521498029e-02
1.304154919793770045e-02
1.308922967882305069e-02
1.308782281605831363e-02
1.308213130367941006e-02
1.310336095588384223e-02
1.309547337909322713e-02
1.310715350936100462e-02
1.312283458205820534e-02
1.312334460202751671e-02
1.314429765989681177e-02
1.315562923271551381e-02
1.317903092424732581e-02
1.317691939170869027e-02
1.317364356820131636e-02
1.320192212420732460e-02
1.322054493241830476e-02
1.322783472927983178e-02
1.323674677722522924e-02
1.321625747578806902e-02
1.321605980945775478e-02
1.321107429143706172e-02
1.321062067509670007e-02
1.320833596194275796e-02
1.320642918011430411e-02
1.321341551211624790e-02
1.322080288378351884e-02
1.324145391640222866e-02
1.324040227506784878e-02
1.327591067308229490e-02
1.329423288101355509e-02
1.329235687713264426e-02
1.330224257004659037e-02
1.330841754956961845e-02
1.331587176566520134e-02
1.332745192702070904e-02
1.334457494250756646e-02
1.335279164393420037e-02
1.337152121137247761e-02
1.337561105085422961e-02
1.339159476866733089e-02
1.340126338957324005e-02
1.340639525737766583e-02
1.339763325102088717e-02
1.341097578151344109e-02
1.341327725253373647e-02
1.341825860227308098e-02
1.343429567958673125e-02
1.344553427481844435e-02
1.346742278847851831e-02
1.344742708176274205e-02
1.346195445424574859e-02
1.347671391051471351e-02
1.346941494087463588e-02
1.346985403089646753e-02
1.347420483979223406e-02
1.349945653829755059e-02
1.350303655543213383e-02
1.350557025468413115e-02
1.350510433119824633e-02
1.352213860390165563e-02
1.352594373652988777e-02
1.354044015047846036e-02
1.354619455046145171e-02
1.353727571144351834e-02
1.354910048695585727e-02
1.355149480257056109e-02
1.355916593213519518e-02
1.356252443239910552e-02
1.357391571042934793e-02
1.357577007848933572e-02
1.357574674394089985e-02
1.356921018239409457e-02
1.356405236742242761e-02
1.358268432998413315e-02
1.357795819064433473e-02
1.358260028644553592e-02
1.357530891873476829e-02
1.357264344348430886e-02
1.358587536837054834e-02
1.359996116587251433e-02
1.360670826962308115e-02
1.361804769689528398e-02
1.360651063996553764e-02
1.360596260158138636e-02
1.360007355451911364e-02
1.360799327641080102e-02
1.359544143028373724e-02
1.359643535072392606e-02
1.358917214149817088e-02
1.358732629378070836e-02
1.357917991143484104e-02
1.359616143183062231e-02
1.360638631315205446e-02
1.360879894915417894e-02
1.362322667566965954e-02
1.363533811362975176e-02
1.363364398401255805e-02
1.361636757234917575e-02
1.363148006984754058e-02
1.362308024249981979e-02
1.364177958027552005e-02
1.365548246315289802e-02
1.365585412958811133e-02
1.365638435318114116e-02
1.366007743206616373e-02
1.366509575551140554e-02
1.366513404191292171e-02
1.367829149931297159e-02
1.366066726407564116e-02
1.367872023456663706e-02
1.367156251104099073e-02
1.368038002538581911e-02
1.368536094117929480e-02
1.369357112211542181e-02
1.369805905623374710e-02
1.370933877846097076e-02
1.374257161294970518e-02
1.372912380245106499e-02
1.372804084706357765e-02
1.372530898581809759e-02
1.371842691218760728e-02
1.372039549840708798e-02
1.373495756412746772e-02
1.373970778702114301e-02
1.375555270878159493e-02
1.374929496427795654e-02
1.374640872578632156e-02
1.374238881982237266e-02
1.376773947253876439e-02
1.375525169947282994e-02
1.375881088178905649e-02
1.373134609821330225e-02
1.373937760522108906e-02
1.375889174812011326e-02
1.373716918388323896e-02
1.375210346639493472e-02
1.375667398301077399e-02
1.375936009545847792e-02
1.378882058752912108e-02
1.379273290248981404e-02
1.378141482859570818e-02
1.377527375835989852e-02
1.378258975969595332e-02
1.378143638085065417e-02
1.378838108815048924e-02
1.379218477107524606e-02
1.380239513942410623e-02
1.380358982035482206e-02
1.380269890682799330e-02
1.380563149753861497e-02
1.380343405921889526e-02
1.378448546208517825e-02
1.379200470443126339e-02
1.379088782300450823e-02
1.381318747551621255e-02
1.383642186996072304e-02
1.383133059148991539e-02
1.384103776967112592e-02
1.385286985512003931e-02
1.386203932679709420e-02
1.387248154937741756e-02
1.389164484910877968e-02
1.387714749120426590e-02
1.390498845402441883e-02
1.391652896581233728e-02
1.391610147938775535e-02
1.393866889200244541e-02
1.394325193648678594e-02
1.394318297436574101e-02
1.395382223448005457e-02
1.394532111791909820e-02
1.396093538682265101e-02
1.396811200259595424e-02
1.398328017127548756e-02
1.398839149038373121e-02
1.399197218827198663e-02
1.399592020765341727e-02
1.399160041868331705e-02
1.398923688052734586e-02
1.399882278020553317e-02
1.398861331039048111e-02
1.400495160819073895e-02
1.399547673828976067e-02
1.401429714023500785e-02
1.403357460237310457e-02
1.402678295069867062e-02
1.403629953589848565e-02
1.405407922564956211e-02
1.405240676654363405e-02
1.404914598361765160e-02
1.405684357613982104e-02
1.406641701675470472e-02
1.406847704273449934e-02
1.406792381402435267e-02
1.406111759943821059e-02
1.407323879675926454e-02
1.407870610913750271e-02
1.407471253622736423e-02
1.409531176146422080e-02
1.409830323561803503e-02
1.408003682160945298e-02
1.409611984348165675e-02
1.409467694240131193e-02
1.409131981816389920e-02
1.409132728019330850e-02
1.409114813592581526e-02
1.409179603488046849e-02
1.409626154181435782e-02
1.410910842428719086e-02
1.410678105922385378e-02
1.410153147815793734e-02
1.410476419916738972e-02
1.410992404105239698e-02
1.410096161476344541e-02
1.410299251503838516e-02
1.410989538386361528e-02
1.411292165837683792e-02
1.412344740639916510e-02
1.414237920436257900e-02
1.415757124959401807e-02
1.414628394283254376e-02
1.417471878368356183e-02
1.418147549147406872e-02
1.420022689150539884e-02
1.421315322632680893e-02
1.418579204048574759e-02
1.418743252315624384e-02
1.418997407632447208e-02
1.419172807048537689e-02
1.420663240290672216e-02
1.420111382824963860e-02
1.422298041506794668e-02
1.423380619521367671e-02
1.424061192725094294e-02
1.424876245378182103e-02
1.425519244037204598e-02
1.424286885109388688e-02
1.424587240925559786e-02
1.424118538294263936e-02
1.425293812597430362e-02
1.425834795617211478e-02
1.425768199528271336e-02
1.425783910726778278e-02
1.426082590025727972e-02
1.426273360498348311e-02
1.428301381834154969e-02
1.428741674237687248e-02
1.430046081574001121e-02
1.430529412126017343e-02
1.431163811251698684e-02
1.432738464379581730e-02
1.435486365637991292e-02
1.436596283115419877e-02
1.437348455991167666e-02
1.435417683067746232e-02
1.436672230498371380e-02
1.436528165904087107e-02
1.436921236908719930e-02
1.437767125036019250e-02
1.438137163644211645e-02
1.438063532246015505e-02
1.439412312091101036e-02
1.440603871220957032e-02
1.442022626242036969e-02
1.442292378075177295e-02
1.444256029063045559e-02
1.444156413269581489e-02
1.445684443383262255e-02
1.443284300967225507e-02
1.443959470505196477e-02
1.444097021548841099e-02
1.445058214939180102e-02
1.445231030303948012e-02
1.444459531955938521e-02
1.446226782954732927e-02
1.447424391201110327e-02
1.446947478567037378e-02
1.448251951765828181e-02
1.446385300479226428e-02
1.445872768501224939e-02
1.446520475678091978e-02
1.446739845963572295e-02
1.447754741166765689e-02
1.446165595850344189e-02
1.446989994248464376e-02
1.447428838756361844e-02
1.448798619615669983e-02
1.450240177184080638e-02
1.451161815227308000e-02
1.450252258766967714e-02
1.452200635204491108e-02
1.451153105128569210e-02
1.452241835990866065e-02
1.453630548633885917e-02
1.454230800514182652e-02
1.453355812381430627e-02
1.454302652301284887e-02
1.456310068777747803e-02
1.456617423366144901e-02
1.459998323196012512e-02
1.460265912170305783e-02
1.461599477264057846e-02
1.460481242639850505e-02
1.462224220900298563e-02
1.462363623525079342e-02
1.460976632363624253e-02
1.460988147918334049e-02
1.461542171965355547e-02
1.460605340884233924e-02
1.462023833848017512e-02
1.460377158621721690e-02
1.460632824502873517e-02
1.461915774069398946e-02
1.462571458393868186e-02
1.463911807371564427e-02
1.464560988497229550e-02
1.465732944611886079e-02
1.464756685244240214e-02
1.465391439325330718e-02
1.465876483759658531e-02
1.466321491943916103e-02
1.466589562929390515e-02
1.469554963514557722e-02
1.468264688408209631e-02
1.468987844449876935e-02
1.470852728836474603e-02
1.470806757020040254e-02
1.472052463853703447e-02
1.473174122842574839e-02
1.472452395292708598e-02
1.474059728726981149e-02
1.473234631622355635e-02
1.474557540678160701e-02
1.475291995894070091e-02
1.476748668274672008e-02
1.477220618713164478e-02
1.479146005030026328e-02
1.479110834936989485e-02
1.478636186849351976e-02
1.478584061660384932e-02
1.478737785453977660e-02
1.478148580567532552e-02
1.479219984508953027e-02
1.480474274797771196e-02
1.481392667993915342e-02
1.480634065111956742e-02
1.482228636998191018e-02
1.483559640113242539e-02
1.485319820664081705e-02
1.485137325624431154e-02
1.486916546030679631e-02
1.486312410479868028e-02
1.489632480639771495e-02
1.490901741653587534e-02
1.492532209750646946e-02
1.491843677100784110e-02
1.492430154227502442e-02
1.492307564191399510e-02
1.493355233370021948e-02
1.492685701290162766e-02
1.491926703071758641e-02
1.492519889563572941e-02
1.493268450024270132e-02
1.494177971659377963e-02
1.494379279078294348e-02
1.494985333652742651e-02
1.495965584979243659e-02
1.496401695795048642e-02
1.494272590652120231e-02
1.495380846005384991e-02
1.494924612105957493e-02
1.496160547226767570e-02
1.494643955434794488e-02
1.497049153511847627e-02
1.497374961409431507e-02
1.496923767979305327e-02
1.498817638996199735e-02
1.497872177362395349e-02
1.498359132021933118e-02
1.498224874357036336e-02
1.500663608361220945e-02
1.502294273064211198e-02
1.503386369167287150e-02
1.504575390702453906e-02
1.503060003917825425e-02
1.503197133318377558e-02
1.502865102639803010e-02
1.503265687727371389e-02
1.502759647579603348e-02
1.502084497498136148e-02
1.502434612416519120e-02
1.503930158630451333e-02
1.504164658289093223e-02
