3.952215232752796445e-03
3.952215232752796445e-03
3.932343297564701648e-03
3.902697569748010600e-03
3.879180037608600563e-03
3.849541640692257221e-03
3.826777523615148158e-03
3.801708331816948047e-03
3.782228350774130988e-03
3.758203154224811198e-03
3.741217332901914175e-03
3.723369763018195746e-03
3.693925742074785981e-03
3.669769645372423280e-03
3.648938545991731001e-03
3.623424157907206931e-03
3.600540638339724125e-03
3.587083837253290160e-03
3.570977391147414290e-03
3.549414325856248102e-03
3.531062625395120416e-03
3.517307170384863235e-03
3.497855143255824539e-03
3.482746471561342597e-03
3.465059233982986566e-03
3.449045976960153376e-03
3.433571661352286582e-03
3.415907334317889055e-03
3.401664175662920831e-03
3.387760904189350639e-03
3.372047705712100715e-03
3.356559509274452315e-03
3.344011537064414240e-03
3.331060187995428089e-03
3.312174068349160293e-03
3.297375016260636026e-03
3.285109355854773198e-03
3.268298101441462211e-03
3.256112959431025754e-03
3.246004732971798090e-03
3.230662522873843211e-03
3.219407362508855050e-03
3.208848992146643309e-03
3.196667997381596408e-03
3.182381722956592780e-03
3.172639483975218944e-03
3.159696272098912011e-03
3.146935676303265570e-03
3.132594847927090784e-03
3.117758985020023434e-03
3.105760126906328706e-03
3.094479750144745606e-03
3.080552315077512981e-03
3.069654556763834041e-03
3.057425195242445808e-03
3.040377200967775331e-03
3.033090184121511445e-03
3.022719717142832632e-03
3.006938736936490362e-03
2.998038623482182294e-03
2.985940335918525063e-03
2.976655160990837774e-03
2.964833356909730988e-03
2.953011299061386076e-03
2.945160114694286239e-03
2.934853314221077831e-03
2.925517473602131345e-03
2.918295646201430043e-03
2.905436556281231104e-03
2.893154441115179318e-03
2.883056323659702932e-03
2.873094422140507528e-03
2.862560155455211308e-03
2.852207890665682966e-03
2.841743052370063888e-03
2.830501158429743740e-03
2.824384195291484469e-03
2.811174866896151703e-03
2.803553377420902118e-03
2.793610537237896721e-03
2.787666013108826800e-03
2.779189153783507681e-03
2.768683431359908378e-03
2.759002680390592373e-03
2.753451611289422802e-03
2.742085401180099132e-03
2.737444120003282386e-03
2.725701349295818043e-03
2.716549657882134580e-03
2.707694379685143208e-03
2.697113559441851032e-03
2.690997108057604191e-03
2.683341246096768509e-03
2.675421831613546131e-03
2.664810711416163054e-03
2.656529381108386524e-03
2.647861289735021616e-03
2.638597022237784435e-03
2.631527977033222380e-03
2.624226760700662086e-03
2.617747655254555605e-03
2.610115955596466197e-03
2.600871056501773138e-03
2.595750912421105217e-03
2.584907992761171017e-03
2.576481355923007904e-03
2.567969721137125950e-03
2.555346862133279270e-03
2.545175834734013463e-03
2.540208465378589794e-03
2.533837139659499832e-03
2.527228357587921800e-03
2.521925647354335016e-03
2.513419843137086000e-03
2.506889629142019724e-03
2.495915986996671485e-03
2.492248757107231802e-03
2.486712708938571340e-03
2.476737308128292101e-03
2.474315152906623062e-03
2.466314237673013915e-03
2.462435879730346527e-03
2.457440589839788095e-03
2.448786692141947160e-03
2.445646772879618049e-03
2.439007091261610229e-03
2.435298551432217400e-03
2.425778311328418303e-03
2.415154988272484766e-03
2.412775006610208724e-03
2.406658095356262270e-03
2.402551785780457361e-03
2.394183852592500321e-03
2.391874296145163076e-03
2.386932147177857171e-03
2.381561765973608680e-03
2.372733705643148214e-03
2.370386821797703606e-03
2.364497260555101059e-03
2.354898148782536872e-03
2.351789589633749775e-03
2.339516118747748431e-03
2.336361430095211956e-03
2.329730287411518538e-03
2.323925346312554277e-03
2.322071486018897207e-03
2.309702142972299213e-03
2.308556528662605248e-03
2.305529160523172617e-03
2.302002976712605366e-03
2.295903697905564683e-03
2.290273288327598564e-03
2.284786611922002674e-03
2.278206309910184822e-03
2.275351899135010479e-03
2.271794909386609142e-03
2.267366826165061536e-03
2.258509812955080548e-03
2.253811090118591071e-03
2.248411203060358098e-03
2.242689891971585536e-03
2.241012342689078195e-03
2.231038852271829357e-03
2.226149123637779451e-03
2.220165281375968604e-03
2.219872564102822084e-03
2.211069104416168822e-03
2.207807237153691649e-03
2.200933681496591333e-03
2.199343324087467671e-03
2.192376214934694829e-03
2.186250883879567453e-03
2.186905970000812584e-03
2.181688359665169379e-03
2.173271225731489113e-03
2.172969213201432492e-03
2.164071242721837037e-03
2.163790921393470273e-03
2.160010042242446488e-03
2.153360618977843369e-03
2.151695887077851189e-03
2.144907949274368897e-03
2.140334870592324606e-03
2.135717593423457593e-03
2.129688763140570509e-03
2.128042209702728834e-03
2.121899625098523298e-03
2.122688568720766406e-03
2.116952455401400254e-03
2.107195646780089197e-03
2.105378772097224894e-03
2.101938027179636823e-03
2.093999904606519934e-03
2.091611909925906489e-03
2.088712101806424349e-03
2.083031354095243523e-03
2.084016153270402613e-03
2.079760186398240101e-03
2.074663939831871209e-03
2.069309124677878777e-03
2.070345671154394558e-03
2.065073786335577984e-03
2.058529553016648448e-03
2.059356486834830729e-03
2.053770325942870685e-03
2.049160753319130557e-03
2.044565649118293329e-03
2.039453932440131283e-03
2.035421433531619390e-03
2.034977909412618007e-03
2.030156703315150885e-03
2.028235166172266245e-03
2.021731146908155481e-03
2.021773298805923727e-03
2.018724476290430225e-03
2.013406401302566835e-03
2.012825042457607946e-03
2.004734565672391944e-03
2.004434980301182494e-03
2.003983824474405394e-03
2.002471020893340902e-03
2.001382523923897223e-03
1.993860480722595922e-03
1.989034875799747595e-03
1.988074177959173704e-03
1.983399488032082467e-03
1.983412755967351587e-03
1.979477195235880733e-03
1.973683123694326864e-03
1.968972913402612483e-03
1.966532955224200088e-03
1.961674092046015398e-03
1.960526453568872327e-03
1.954039984382886265e-03
1.953847689840141049e-03
1.957698443626312238e-03
1.952599626436624537e-03
1.948547417056733025e-03
1.947491633401393597e-03
1.945249119182266293e-03
1.944951573668252109e-03
1.941475166916169486e-03
1.939000891729555616e-03
1.934337862360668283e-03
1.932106413855249390e-03
1.933010166109864775e-03
1.929985243771750996e-03
1.928568522637974861e-03
1.921206603587058978e-03
1.920423800887048399e-03
1.920493908111675380e-03
1.914921080736744097e-03
1.913277964129449357e-03
1.910198223528195840e-03
1.903909844654677868e-03
1.908402744606641985e-03
1.900656356189983675e-03
1.902082456052389464e-03
1.898304523339030495e-03
1.895844364482602131e-03
1.892393337676074412e-03
1.886211368133907090e-03
1.885559254849660232e-03
1.881688575059870232e-03
1.879065481022395819e-03
1.878345934662596899e-03
1.879856233783278605e-03
1.873509633792301825e-03
1.870307587995153524e-03
1.868981480432034895e-03
1.867279624264029042e-03
1.867305264261789628e-03
1.863193876212076387e-03
1.862178494890760240e-03
1.857199838355336891e-03
1.854404884223105577e-03
1.853478113262461242e-03
1.850985482053162665e-03
1.849560729351844854e-03
1.848994979648031821e-03
1.846104302789669527e-03
1.844236356886581451e-03
1.838799367070725714e-03
1.839240733290167535e-03
1.833336259547295195e-03
1.837883004003768245e-03
1.836446666511376297e-03
1.833987916265712855e-03
1.834555974391797800e-03
1.833183095386171349e-03
1.829709599612785531e-03
1.832770698630348727e-03
1.825987146736762984e-03
1.823687941316007397e-03
1.825005506742641542e-03
1.817742818815327619e-03
1.818514473218823960e-03
1.814128584184770791e-03
1.809165585318976395e-03
1.810786163215054746e-03
1.807862374008177868e-03
1.803882218503868786e-03
1.802094258548834430e-03
1.802236770197780148e-03
1.800572492192798087e-03
1.795244139951564753e-03
1.799752596790566567e-03
1.795321069562712257e-03
1.790742535270420550e-03
1.795695090589697999e-03
1.789927208639860347e-03
1.787077672973653997e-03
1.790675377294126099e-03
1.788911244087087798e-03
1.785453315293937223e-03
1.784250824941443743e-03
1.782729235915521751e-03
1.779862012375572683e-03
1.779698740632951800e-03
1.778344419269581138e-03
1.776454029804213578e-03
1.771700410619190527e-03
1.771258491853716557e-03
1.769481472417105267e-03
1.770279432269204192e-03
1.769486762935931464e-03
1.768804735582022499e-03
1.762173669374203109e-03
1.765156034059893074e-03
1.764259857416377707e-03
1.762705272238818772e-03
1.764097091879683610e-03
1.763403794637389069e-03
1.755283052491841663e-03
1.752981607865401921e-03
1.751815468648774184e-03
1.752928699769572968e-03
1.750018890902534574e-03
1.750627595234356421e-03
1.747375119997165863e-03
1.745447679734712758e-03
1.743666350902055079e-03
1.740471500313784271e-03
1.740855394866052536e-03
1.739314958153515348e-03
1.736109603691565707e-03
1.728841367006275255e-03
1.733241379181404756e-03
1.729447715767967525e-03
1.728871381925305931e-03
1.719844770227679266e-03
1.725236292117867222e-03
1.722677930621759057e-03
1.723999011861915027e-03
1.721829629396416086e-03
1.718360362638186997e-03
1.717614458461244348e-03
1.715480623245455158e-03
1.718507469713297531e-03
1.716131753962417536e-03
1.713248513142493672e-03
1.714207742872151307e-03
1.711752441123349632e-03
1.710341801464584791e-03
1.709706585666316732e-03
1.710179790385628080e-03
1.708713166285729269e-03
1.710454891675405095e-03
1.708906332045871971e-03
1.706141664659079288e-03
1.704839203309194010e-03
1.702845461492470463e-03
1.701828499924915982e-03
1.697872350634605995e-03
1.698718516216714877e-03
1.697201923762564017e-03
1.692387422695627690e-03
1.691985898459169710e-03
1.699253835022052333e-03
1.694613362420114297e-03
1.691649208411391591e-03
1.687538789270850645e-03
1.683357244301034172e-03
1.683741115706942175e-03
1.682234534037633242e-03
1.686050643732662146e-03
1.685624974629921190e-03
1.687090637978263348e-03
1.680339751703235126e-03
1.677383407198498834e-03
1.675588854638522052e-03
1.675535819456588221e-03
1.679891105214871084e-03
1.679901436922089141e-03
1.673771324431677816e-03
1.671367810998535680e-03
1.673184183927657696e-03
1.673360494481183685e-03
1.671716428660534326e-03
1.668441541212871285e-03
1.668141167724601507e-03
1.665095070203632304e-03
1.667740818728945555e-03
1.667201387081081480e-03
1.666514686313210272e-03
1.665976312957345154e-03
1.665128661307130244e-03
1.663043420742965108e-03
1.666084450838572388e-03
1.664241080162248481e-03
1.666871570049103298e-03
1.665866205966217177e-03
1.666390339266278714e-03
1.664617717037576846e-03
1.667264064887547274e-03
1.668638861129303997e-03
1.668542257635537325e-03
1.665266812984300421e-03
1.668605660900625764e-03
1.669492980125265305e-03
1.667742847890922890e-03
1.666625006452859218e-03
1.662406665124134758e-03
1.664743363191432870e-03
1.662642494650324590e-03
1.660669313963725061e-03
1.659721773032295363e-03
1.658707631522237649e-03
1.655707494184909759e-03
1.655276872376886237e-03
1.652498675693833425e-03
1.654807257843798722e-03
1.652354396760153570e-03
1.656176125328974501e-03
1.652379992552524372e-03
1.650595102314254652e-03
1.649911842004663258e-03
1.647748099920707653e-03
1.645608132604564275e-03
1.644117295419915588e-03
1.642410346554252056e-03
1.644940525010796456e-03
1.640953070708401707e-03
1.638724638589846407e-03
1.638817574957335309e-03
1.633994105522529241e-03
1.635642143282212352e-03
1.632626078089694085e-03
1.632963612812033836e-03
1.630391597247601984e-03
1.627834164307929337e-03
1.630340309868717578e-03
1.633149592199898900e-03
1.630154255419129184e-03
1.629948856580072051e-03
1.631052541868808093e-03
1.632613910463169690e-03
1.633293691615566971e-03
1.630610547661167937e-03
1.629545818881457256e-03
1.627321554212288624e-03
1.626978712601399174e-03
1.625865970820832354e-03
1.626202443540269819e-03
1.628736563381278247e-03
1.621236035547103530e-03
1.618523424050876411e-03
1.622520738340583893e-03
1.621619019598229215e-03
1.615900526231745004e-03
1.616676997829576612e-03
1.618659611967892750e-03
1.617937915872284978e-03
1.619527975741481048e-03
1.619980407205204699e-03
1.621752885830650978e-03
1.621344450682784752e-03
1.618449069444628536e-03
1.620971105802925145e-03
1.621920211505847561e-03
1.620889780408996898e-03
1.621331861878503623e-03
1.625526864866655907e-03
1.624708841469452592e-03
1.622248735495186202e-03
1.621746198158535886e-03
1.617517878010321522e-03
1.617579373989579388e-03
1.618185768501972845e-03
1.620428387829783408e-03
1.618397149115061162e-03
1.616388436014488256e-03
1.615471737093446226e-03
1.614274552317455187e-03
1.615350308249952679e-03
1.613336635895153094e-03
1.613390078939649442e-03
1.617966787775803987e-03
1.607703399372167538e-03
1.609348203208423424e-03
1.610952635844330877e-03
1.606396284037682649e-03
1.608535165360855130e-03
1.612169103329205103e-03
1.607516091193144855e-03
1.603052711591958744e-03
1.604817595489932674e-03
1.601572515506873408e-03
1.602556772396910960e-03
1.601166101132411694e-03
1.600146847629821791e-03
1.602223785978138752e-03
1.596006468956595635e-03
1.592992740051134629e-03
1.597431044314089792e-03
1.592602897993115668e-03
1.590920798427648657e-03
1.592100931668105884e-03
1.595173659411800848e-03
1.594092645652888870e-03
1.595388990106672098e-03
1.594328062632238479e-03
1.591937065504663408e-03
1.594933199194696312e-03
1.593724679581740846e-03
1.594351818148048803e-03
1.595876107581085295e-03
1.593244349749266394e-03
1.593956794231252702e-03
1.588864457184526076e-03
1.586933533598419797e-03
1.585742698122823884e-03
1.588159528897828974e-03
1.585885257093618949e-03
1.582856589587800346e-03
1.589780929580249203e-03
1.587612365368937109e-03
1.590481928439128889e-03
1.590446503578076074e-03
1.584683330001808357e-03
1.588092492989892331e-03
1.584726006701387769e-03
1.583102572180950050e-03
1.584398944095268642e-03
1.582553924307552370e-03
1.581654559881152337e-03
1.580104853468596937e-03
1.581657812134286021e-03
1.583271617473544978e-03
1.579934416419006985e-03
1.579339467450963054e-03
1.578835870488699573e-03
1.581402478280483342e-03
1.576516897885472815e-03
1.577355684727029536e-03
1.575254769822330772e-03
1.575794915925816031e-03
1.573114522420307124e-03
1.576149895111353958e-03
1.574352221289237151e-03
1.571281762894144235e-03
1.572588210353298346e-03
1.573308449640704052e-03
1.575007705556370936e-03
1.571656327121091334e-03
1.570639324015572161e-03
1.567464385575236853e-03
1.568433315345116276e-03
1.567841898793823812e-03
1.569967550499693160e-03
1.568813655564945276e-03
1.570819557479895138e-03
1.569854758981631534e-03
1.574735479194348114e-03
1.571444087982918443e-03
1.569948709598165430e-03
1.570071452097170604e-03
1.571193408130295210e-03
1.571328202584691951e-03
1.574752174940681959e-03
1.575066700579324120e-03
1.577194878066312013e-03
1.578616712272276233e-03
1.579660928974020630e-03
1.580297576034975183e-03
1.582231037111886613e-03
1.579055252988334924e-03
1.581587446794410247e-03
1.577127312055271163e-03
1.579094835599951499e-03
1.578678011891586699e-03
1.574447701629464683e-03
1.574331837497445954e-03
1.576243614460893150e-03
1.576192460160628049e-03
1.576300851107824939e-03
1.578601627458616971e-03
1.576422787496747349e-03
1.575844994668845192e-03
1.573038533796972463e-03
1.576852726723466892e-03
1.580405568302287178e-03
1.583311720470766170e-03
1.585322278767173527e-03
1.584353754358843337e-03
1.582312461635895090e-03
1.582280970808847952e-03
1.582555413438128163e-03
1.582895745022548824e-03
1.578939448110545322e-03
1.580518294562486973e-03
1.580463209268930143e-03
1.578462442147229730e-03
1.580184401395698032e-03
1.575122113130515136e-03
1.579154292296874569e-03
1.576038917249125487e-03
1.578574661792676772e-03
1.581045188973870729e-03
1.577967736074443366e-03
1.573248287347110913e-03
1.579088242341839714e-03
1.571688812449311507e-03
1.575606793748622180e-03
1.576976381970162646e-03
1.574879449097105373e-03
1.572273590567400871e-03
1.576095644891349970e-03
1.569844528005868338e-03
1.572779280912879607e-03
1.575709585059614044e-03
1.576600113060798621e-03
1.575009087863876592e-03
1.576066894137980552e-03
1.572132169021655786e-03
1.574997988142898958e-03
1.570891956419094571e-03
1.571951766291822348e-03
1.573140824313595896e-03
1.574512759555891190e-03
1.571618325391446963e-03
1.571950910575712181e-03
1.573117518161774734e-03
1.573669592437428955e-03
1.578788272879351733e-03
1.576954372553369867e-03
1.580990872393487527e-03
1.581311055597221229e-03
1.576636939600452748e-03
1.574879359135261192e-03
1.582035909615095567e-03
1.579010916703299690e-03
1.576791882213960218e-03
1.580671558696650431e-03
1.579690049984987851e-03
1.580111212289041309e-03
1.580690257916436085e-03
1.580075857689057809e-03
1.578462236736467763e-03
1.580090141670190259e-03
1.583243563611541789e-03
1.579167217876005242e-03
1.583399052760395102e-03
1.579979885366974198e-03
1.581865823034208285e-03
1.581023488691961007e-03
1.577028262715698872e-03
1.577857119789247749e-03
1.578777406431957709e-03
1.580543341965390909e-03
1.578747952458808791e-03
1.578990908284059894e-03
1.576697662394302120e-03
1.578402932595440993e-03
1.576901895420419579e-03
1.572689311762930737e-03
1.574949981690152313e-03
1.570967708947510226e-03
1.572049213381900533e-03
1.568162507717430062e-03
1.570022073554405099e-03
1.566812253623351813e-03
1.565777819668091831e-03
1.565361204648087678e-03
1.564554298098408706e-03
1.565283950099991082e-03
1.570654142654178721e-03
1.570697815335654482e-03
1.567348787661591424e-03
1.569266483397656906e-03
1.574223547148945971e-03
1.570437048654266645e-03
1.572179810689457993e-03
1.574384814872686108e-03
1.572631243250059100e-03
1.576752562378992174e-03
1.576843749251463471e-03
1.580605883058486261e-03
1.578544117956161416e-03
1.582819252378919695e-03
1.584554390530688471e-03
1.580387539689789974e-03
1.582639237402189538e-03
1.583026089933381236e-03
1.583641519244563143e-03
1.583674609391314729e-03
1.577480127415451265e-03
1.579890227995030651e-03
1.579866801071572006e-03
1.583302281204891160e-03
1.582092387904161053e-03
1.583228752597541254e-03
1.583455982768158842e-03
1.581660765082141878e-03
1.578552769661326419e-03
1.579546259590156477e-03
1.577604404159973963e-03
1.583924906086809541e-03
1.580168620721067712e-03
1.579447551195157758e-03
1.575759256416700950e-03
1.579177646495782223e-03
1.576591176292275716e-03
1.577662616006061556e-03
1.580781974620796464e-03
1.575798224467673831e-03
1.579638258815652466e-03
1.578604886889061268e-03
1.576506193184612275e-03
1.575362394442870366e-03
1.570252550201885200e-03
1.574703567578140733e-03
1.574022426593928159e-03
1.578627210816556685e-03
1.575088462286760834e-03
1.577194627750581196e-03
1.574041858971012573e-03
1.573332141759112030e-03
1.570754845092035140e-03
1.571678781262142183e-03
1.569101226707165240e-03
1.570413179037376391e-03
1.570007823568798228e-03
1.570096811324261672e-03
1.569427670012924023e-03
1.568892281838947479e-03
1.571299499967621950e-03
1.570984438197526754e-03
1.570904859925435900e-03
1.568122663688111549e-03
1.567189542747862577e-03
1.571731360986389908e-03
1.572332977658346710e-03
1.569690789201939581e-03
1.571809197455581149e-03
1.566129854638361905e-03
1.568774454580351219e-03
1.560186693804944350e-03
1.563163564063968503e-03
1.563584582799595500e-03
1.561668857918360048e-03
1.563450712547746584e-03
1.561708134900350198e-03
1.559590735662291956e-03
1.555870333002361793e-03
1.559933748018097876e-03
1.556578679288506389e-03
1.553477652442677298e-03
1.555606501376260997e-03
1.557561293627443381e-03
1.555778508346032435e-03
1.553146835149721988e-03
1.556107905390031326e-03
1.557715642183941538e-03
1.557156611508453544e-03
1.555199442957882127e-03
1.557902660442233135e-03
1.555520647387417452e-03
1.558438594777879172e-03
1.560474129838734011e-03
1.562729755277775983e-03
1.557859613586346642e-03
1.559261228885215839e-03
1.557399411501920539e-03
1.559235564975629609e-03
1.561295955690118710e-03
1.561435034937643396e-03
1.558692991501554230e-03
1.558966360125087908e-03
1.556227270152179144e-03
1.559029022152365199e-03
1.559867592450653144e-03
1.559308414820810215e-03
1.558074128497270337e-03
1.560217331916244083e-03
1.560170719300833352e-03
1.562371760729621339e-03
1.562312606489876278e-03
1.562798300554270282e-03
1.560322924795476580e-03
1.561239604697903368e-03
1.556795980191144103e-03
1.561809915746215126e-03
1.558195217604646608e-03
1.562081354695068558e-03
1.563007055363439032e-03
1.561446259896068830e-03
1.563526248240285728e-03
1.566338719751896773e-03
1.562403405310732211e-03
1.565443178581287908e-03
1.565763553493621993e-03
1.563504211091210332e-03
1.561090783819848223e-03
1.562985262004959854e-03
1.561324053824537277e-03
1.563037937996754247e-03
1.560301774786756069e-03
1.560722300680420730e-03
1.561757585760978556e-03
1.559258197178922060e-03
1.562744215525554894e-03
1.567262253843539760e-03
1.563349840699221078e-03
1.565417730807965079e-03
1.570500535768895025e-03
1.562950809966583187e-03
1.567312200296954979e-03
1.568491989759966459e-03
1.569250100471608579e-03
1.571344080633873402e-03
1.566304408006386839e-03
1.568297690773533823e-03
1.563132819756605542e-03
1.566134433238692593e-03
1.565609452379465192e-03
1.564850780571186472e-03
1.565117423648723725e-03
1.566433253725669919e-03
1.563413908913528034e-03
1.562869839396373306e-03
1.561441814809505892e-03
1.566264063961983651e-03
1.565446452522354726e-03
1.566382692494201366e-03
1.565604537332453442e-03
1.566156372846046326e-03
1.567766707849382792e-03
1.568748698691279113e-03
1.567828888393585970e-03
1.566736056897566516e-03
1.567236784580768689e-03
1.564004604177896864e-03
1.564618092936075544e-03
1.564872590486651466e-03
1.565765244272001710e-03
1.566152764521103451e-03
1.565141682831878642e-03
1.559697124652416724e-03
1.557997658121522758e-03
1.559602754921135580e-03
1.555160644710850120e-03
1.556731665582937723e-03
1.557724925200038024e-03
1.555202741874080500e-03
1.555288238776200357e-03
1.558763410745853464e-03
1.549926180178536452e-03
1.552465286031356854e-03
1.555286940531078275e-03
1.554882586468738642e-03
1.555764832692076594e-03
1.558904284039987773e-03
1.558437148880745596e-03
1.559472604763863669e-03
1.560585585035518261e-03
1.560449491167211497e-03
1.564407372089985857e-03
1.560409160992645662e-03
1.558964051051552882e-03
1.559543229807621540e-03
1.566061058182419705e-03
1.564846204083652700e-03
1.569377185262929835e-03
1.568680559736366662e-03
1.565188188831830723e-03
1.567375828230011675e-03
1.566337308300603257e-03
1.565311486419625501e-03
1.563959074548090106e-03
1.566989959058857256e-03
1.565810135294569546e-03
1.565997260247774681e-03
1.568541637483000751e-03
1.569418985765908946e-03
1.567461176714116892e-03
1.571007013672594439e-03
1.571709938847846814e-03
1.562402958538548726e-03
1.567072271745284561e-03
1.569852633575599590e-03
1.569157351619295156e-03
1.567161595897118617e-03
1.565971994966948878e-03
1.564224768841268988e-03
1.565442283564374244e-03
1.563418451243335896e-03
1.568135165580586366e-03
1.563369997137506462e-03
1.569326733953277288e-03
1.567312453308247668e-03
1.567006306559202197e-03
1.566345616183307523e-03
1.572050254428805031e-03
1.568217124952649795e-03
1.566994775330121875e-03
1.567839331603701437e-03
1.566752771058388394e-03
1.568817849486701596e-03
1.570466569087036355e-03
1.567180608767606252e-03
1.570173769700036574e-03
1.569349156360073374e-03
1.568413020542090437e-03
1.566122702038828633e-03
1.569753318717839134e-03
1.567569543216906346e-03
1.568715474250451233e-03
1.566302262687248575e-03
1.567318225942245001e-03
1.566282251711372019e-03
1.568423688870831034e-03
1.566381459170926478e-03
1.567712964166178722e-03
1.566886524799684152e-03
1.565295450136377792e-03
1.571285659057602936e-03
1.567323077100095646e-03
1.564686086557069266e-03
1.566070937001469389e-03
1.566560775585975045e-03
1.568881424724016425e-03
1.571935017030980358e-03
1.570553396236773350e-03
1.566513475960818998e-03
1.570850161817773094e-03
1.564330574905305280e-03
1.568097594426565980e-03
1.564657530765951052e-03
1.567081891051624312e-03
1.562241084513200495e-03
1.568149431344258073e-03
1.563094258907359209e-03
1.566364186723106806e-03
1.565413930525036022e-03
1.568097540004566087e-03
1.569323495465113454e-03
1.570632834145704740e-03
1.572087702442401778e-03
1.570727784027199994e-03
1.571024459750720642e-03
1.568229450047030436e-03
1.567266228655001068e-03
1.566591140842936696e-03
1.565720840698623609e-03
1.567958322786942730e-03
1.559628166434035793e-03
1.566177685393361401e-03
1.560239907955617315e-03
1.559612101418183247e-03
1.558936232913326779e-03
1.559498318191274418e-03
1.559426466186287965e-03
1.556723092233595852e-03
1.555333667463250141e-03
1.557920606739089057e-03
1.553476616890947428e-03
1.552942007209334556e-03
1.554473450464689864e-03
1.552620877214576801e-03
1.553000737278638441e-03
1.550568923599247645e-03
1.553420470784851876e-03
1.552799268351995245e-03
1.556921469265337048e-03
1.556777988623521880e-03
1.556617737849710307e-03
1.552947190999588809e-03
1.556325972385048896e-03
1.557986554136735332e-03
1.555144700481085303e-03
1.555449047876009344e-03
1.557521700184298207e-03
1.552191503011373730e-03
1.551944697099517196e-03
1.553072830523103375e-03
1.553511769976452647e-03
1.552118848766635868e-03
1.552807302645750056e-03
1.555182012228693324e-03
1.551504876185077174e-03
1.555052048177134284e-03
1.554345530077037114e-03
1.555571158857441908e-03
1.552823192744471259e-03
1.556309993801108325e-03
1.553446897518944141e-03
1.557947604320510148e-03
1.557270428279469536e-03
1.557309622065338687e-03
1.559871347501503702e-03
1.563203834112263622e-03
1.561420300092620887e-03
1.562859351031688953e-03
1.567319085857137549e-03
1.565108673268369175e-03
1.565078008454291432e-03
1.564000798653852106e-03
1.562706003482474369e-03
1.559145203857560452e-03
1.559934008212556737e-03
1.559379151110911821e-03
1.565270915555059617e-03
1.561161023212016439e-03
1.561717771758368376e-03
1.560349984931292495e-03
1.555638151855944298e-03
1.558814146269681860e-03
1.556945207599149360e-03
1.559253942960685257e-03
1.562597631730110919e-03
1.559935846744680589e-03
1.560088546567642113e-03
1.561831775200661545e-03
1.562272490070970750e-03
1.562085923852896260e-03
1.565599116707868180e-03
1.563349510704355660e-03
1.563222278554515137e-03
1.561525827854924825e-03
1.564484505163864399e-03
1.561131189278080512e-03
1.562253238398057364e-03
1.561724825227318349e-03
1.558575099338738385e-03
1.565503459945130583e-03
1.563271427118868894e-03
1.562881631579969436e-03
1.564024001215026357e-03
1.562873181164185646e-03
1.562722617530648908e-03
1.560760715474349266e-03
1.561954772924823267e-03
1.558805818599400634e-03
1.561962156247760029e-03
1.560071620153364756e-03
1.562088229079210567e-03
1.559200340314939809e-03
1.554394737203139421e-03
1.558571207615952340e-03
1.557590522761612183e-03
1.559553625178685277e-03
1.561063114601189770e-03
1.558430868345541927e-03
1.560633285427639495e-03
1.559560047665078464e-03
1.556643216036199262e-03
1.556758710966501267e-03
1.558329100787356767e-03
1.556634795489071198e-03
1.559044667342849265e-03
1.557838222931618669e-03
1.557389502644436442e-03
1.556297075578140857e-03
1.557158152057786394e-03
1.558036046302668787e-03
1.550867889188066321e-03
1.553579497461937339e-03
1.557014498728522900e-03
1.558853851538295407e-03
1.557576850124807758e-03
1.555544691873336684e-03
1.548994793565471734e-03
1.548758907191996343e-03
1.547508883309294371e-03
1.546603076671070011e-03
1.543720126225471209e-03
1.549541533801401935e-03
1.549919325334493149e-03
1.551079853403361563e-03
1.552534861165847779e-03
1.546480373299387529e-03
1.546470720609024801e-03
1.547687020806601515e-03
1.546145083501487046e-03
1.549381349703079060e-03
1.552028656692439144e-03
1.551242294183317449e-03
1.554074151758614913e-03
1.551658481430955678e-03
1.549669851309366580e-03
1.552651589504242024e-03
1.548791648466607334e-03
1.548438590533691029e-03
1.548648470653596083e-03
1.549802955804575324e-03
1.547641055381969617e-03
1.548262647347248624e-03
1.549271910378903841e-03
1.550177854238540603e-03
1.546444549863326863e-03
1.545949352200988881e-03
1.549429304066458814e-03
1.549517333162045082e-03
1.549536936345058359e-03
1.546709633637944909e-03
1.546905050632947165e-03
1.545018609968439472e-03
1.545285294865612587e-03
1.541548238409974061e-03
1.542061337473629072e-03
1.543677947908250400e-03
1.544965608241571399e-03
1.546677575850569477e-03
1.543490499431956521e-03
1.544025691868995773e-03
1.543465607979666986e-03
1.539039987542174413e-03
1.541800773000046205e-03
1.541196529594890180e-03
1.542517008808187012e-03
1.542120627025703400e-03
1.540951124926676465e-03
1.543471942939802881e-03
1.541953404057997117e-03
1.546148250755547413e-03
1.542493881100233388e-03
1.537396008510716989e-03
1.543966821097043137e-03
1.540139548400543774e-03
1.542162095190075790e-03
1.543478519881496397e-03
1.541472958395946917e-03
1.544478970528758875e-03
1.544744600043805463e-03
1.547769347490353820e-03
1.541610003462938819e-03
1.542005686948881397e-03
1.543724865393802850e-03
1.548516523735171116e-03
1.546152909530609972e-03
1.548162481495452729e-03
1.546750739461121840e-03
1.545396953953843532e-03
1.544472680571195829e-03
1.546146663692669161e-03
1.547778149901526609e-03
1.552560059672608139e-03
1.546796025607865676e-03
1.549449384336532487e-03
1.551690128984221841e-03
1.555228073264496328e-03
1.557582147747716035e-03
1.556851787847805596e-03
1.559896514557462897e-03
1.556227709576200186e-03
1.553869494597768380e-03
1.555664494935706139e-03
1.559005652591795949e-03
1.560299753242428734e-03
1.561099690590274022e-03
1.560364729208922911e-03
1.562522361298958416e-03
1.566819581361497031e-03
1.564883626868292721e-03
1.563510368435928628e-03
1.570122621487981271e-03
1.569584635749266986e-03
1.573701828426646776e-03
1.568868582804607698e-03
1.568328998694340894e-03
1.570711272390380026e-03
1.569628767931763313e-03
1.567081855277716171e-03
1.564935677731914146e-03
1.570056090833923078e-03
1.568784554423845309e-03
1.564488579753126529e-03
1.562599707549101576e-03
1.564268152962396390e-03
1.564956495653533784e-03
1.562265722885739080e-03
1.562020310707469420e-03
1.560968003743385844e-03
1.559857831090002370e-03
1.557276587415853822e-03
1.558240599450563856e-03
1.557166051023417715e-03
1.558995938934680742e-03
1.560029773670007719e-03
1.560839783485507221e-03
1.560591983693531857e-03
1.560737474929010157e-03
