3.938089569531641118e-03
3.938089569531641118e-03
3.340037346141648891e-03
3.191875355718405954e-03
2.872367613648271756e-03
2.766820669438493918e-03
2.649692700506974842e-03
2.595129283706877708e-03
2.560996930627044022e-03
2.465827356761590185e-03
2.539454875783638335e-03
2.468728412456900126e-03
2.564736092918068824e-03
2.589148733127494360e-03
2.746374670027688491e-03
2.911251759945342448e-03
3.251854221943489397e-03
3.605145260856917368e-03
3.905445999850672752e-03
4.118077852923007764e-03
4.267063115934501341e-03
4.409547032644084257e-03
4.495811770541788092e-03
4.913261461161185992e-03
5.291797374735389414e-03
5.419115635904873420e-03
5.792040935065841632e-03
6.156442027295103495e-03
6.215377366450663445e-03
6.451883510246578766e-03
6.656711320980343051e-03
7.069183479037659083e-03
7.218306942850916987e-03
7.559275962540419613e-03
7.770712409405740144e-03
8.076997392361692438e-03
8.277049428488019236e-03
8.653235163390969598e-03
9.213147249767248206e-03
9.583750920071911275e-03
9.832218591136429944e-03
1.038479785849897447e-02
1.078076566181918050e-02
1.104796006527258671e-02
1.182715190430257135e-02
1.196116956805322838e-02
1.249663979530569666e-02
1.333106162945880621e-02
1.361503955767985954e-02
1.425729899149526941e-02
1.457039572490887586e-02
1.491592162434718025e-02
1.572891281911865946e-02
1.602880327941259841e-02
1.626746654850127691e-02
1.720672714322423261e-02
1.794109519943806741e-02
1.868684914944374054e-02
1.962338282107253112e-02
1.993541629009961541e-02
2.043809591112742685e-02
2.119752932585121374e-02
2.135855946903678429e-02
2.242366678712875289e-02
2.331059184414577962e-02
2.370377263402563203e-02
2.450481140802750896e-02
2.488769322555159369e-02
2.582072945466548988e-02
2.636035428184634738e-02
2.697191418270170407e-02
2.733820903758762966e-02
2.830420074913228556e-02
2.914207598593625617e-02
3.022023948548884301e-02
3.106603173010136568e-02
3.191324471078992031e-02
3.254196016529633390e-02
3.306500098855359032e-02
3.436640872234592720e-02
3.493193951837168104e-02
3.597587253356845233e-02
3.628966750843907324e-02
3.713013591626682097e-02
3.771538046855747728e-02
3.800539422787500149e-02
3.861664978851794827e-02
3.980488417881523217e-02
4.074622581263986909e-02
4.142738495709771818e-02
4.214415292360301768e-02
4.284688009574513790e-02
