3.970125283118863986e-03
3.970125283118863986e-03
3.881708914252409229e-03
3.834420049969660196e-03
3.764353752314060671e-03
3.714005067653403536e-03
3.664730914720233310e-03
3.618735806183354543e-03
3.572215748390967366e-03
3.526533429270570577e-03
3.480336754582612647e-03
3.441578218025969933e-03
3.404560710303627166e-03
3.365567948069916708e-03
3.335025475764042888e-03
3.306021625450438102e-03
3.272789689475146153e-03
3.235685983835401465e-03
3.204373147679055560e-03
3.173943418171634289e-03
3.142431842010063453e-03
3.112711513222919668e-03
3.084604949302657221e-03
3.058567558679103297e-03
3.032915409255955690e-03
3.007006811423915040e-03
2.981698795835898124e-03
2.958358211673422621e-03
2.933100957815381812e-03
2.909302947662706883e-03
2.885745884742034299e-03
2.865873549823125949e-03
2.844910795860443060e-03
2.825085344644684068e-03
2.801965443823215170e-03
2.784731676483849332e-03
2.765378655477481080e-03
2.743560625550850191e-03
2.722016128993455953e-03
2.701976836062977994e-03
2.682180169120934859e-03
2.661389843158484987e-03
2.638515662334677686e-03
2.617540029524083930e-03
2.599033169164272159e-03
2.579687864478721459e-03
2.561260526730920264e-03
2.543577411664338025e-03
2.523675523167621601e-03
2.503962689634608735e-03
2.484806765210637036e-03
2.466906124083040330e-03
2.449302181290166462e-03
2.431817704708469710e-03
2.415787993266473813e-03
2.398806837710381386e-03
2.384084228199134792e-03
2.368943452086452565e-03
2.354359238837957103e-03
2.340915454517387105e-03
2.325259669542042995e-03
2.309352203384624005e-03
2.294786194640521197e-03
2.283098238881619245e-03
2.272761314636848572e-03
2.260443128665615056e-03
2.247719839189441047e-03
2.234780828103912279e-03
2.221418903575236945e-03
2.208769263081396261e-03
2.195955159512031924e-03
2.183369009322195901e-03
2.170352343357327338e-03
2.160667280890374558e-03
2.149115852664680668e-03
2.137591847217237655e-03
2.126992343158838009e-03
2.118403165424182638e-03
2.108122707347049891e-03
2.098127633563698011e-03
2.086518795406957193e-03
2.077030035859151694e-03
2.069529476607840507e-03
2.060421784546716869e-03
2.050225555629669148e-03
2.039466238580028758e-03
2.031740226833457594e-03
2.019693443110706036e-03
2.008558039621785585e-03
1.997784616499364858e-03
1.987528142518371361e-03
1.975727644517489764e-03
1.965361097189841783e-03
1.956362003054041079e-03
1.947929789142813749e-03
1.939965890722374856e-03
1.933065148821897384e-03
1.924082787769629830e-03
1.914811596506086483e-03
1.907188892263825958e-03
1.899241986569626854e-03
1.891088524413065894e-03
1.882906063931070453e-03
1.875294815055727777e-03
1.868431098140819731e-03
1.860845255297894664e-03
1.854576121973791018e-03
1.843867900495474964e-03
1.836454826711246720e-03
1.828738786348813863e-03
1.820613865525675442e-03
1.813165918314101456e-03
1.805293436468160140e-03
1.798103086898094304e-03
1.791503385334003049e-03
1.783794584792427812e-03
1.776622725743183702e-03
1.770244580608612214e-03
1.766530839364337680e-03
1.761282647497583193e-03
1.757611485183644632e-03
1.752886077558098122e-03
1.746921939538404996e-03
1.740051323539908244e-03
1.734565492355611121e-03
1.729359799250097503e-03
1.723513156990726927e-03
1.718015190742494102e-03
1.712754689225922137e-03
1.708675850521368823e-03
1.704178262667777922e-03
1.698067718103648746e-03
1.694802947989906654e-03
1.691709864594745849e-03
1.687514287757901910e-03
1.683517360153632004e-03
1.681009306917566250e-03
1.675215814774934234e-03
1.672753121685371545e-03
1.667856674632063651e-03
1.664254149612792201e-03
1.659535842039919955e-03
1.654941269289495701e-03
1.648642725695226210e-03
1.644187528372640207e-03
1.640254405958687951e-03
1.637005555881180900e-03
1.631971573898981145e-03
1.624828009442290735e-03
1.620009874779768317e-03
1.614778735856651310e-03
1.611281013880267159e-03
1.607826060167797310e-03
1.602211579754000102e-03
1.597963729126421119e-03
1.592741117162964175e-03
1.590384166986607293e-03
1.585044732063081024e-03
1.582064572443296104e-03
1.579826748578345898e-03
1.575890256001326404e-03
1.571724959696188008e-03
1.568649063727262701e-03
1.566053788655483343e-03
1.559717308056020541e-03
1.557093464393696086e-03
1.553102888502900592e-03
1.549839043186984709e-03
1.547737786221019046e-03
1.543674506279795302e-03
1.539300322267294838e-03
1.535781753245779070e-03
1.531845662820465609e-03
1.529953097769016102e-03
1.526038853872301601e-03
1.522212215500835927e-03
1.519846706063566165e-03
1.514273978469029549e-03
1.512233338487346855e-03
1.510749167688663769e-03
1.507256409720491479e-03
1.505360526223087315e-03
1.503206940503777492e-03
1.498733574654976738e-03
1.496318091805948431e-03
1.493493801288762590e-03
1.489842886871032028e-03
1.487097460202430358e-03
1.483777164517014737e-03
1.479681933251697111e-03
1.476925322470251049e-03
1.474209191208139145e-03
1.473851871183002238e-03
1.468596501857570222e-03
1.466464770100710637e-03
1.465501234037283607e-03
1.462661965085046249e-03
1.459577526702479687e-03
1.455405801630953785e-03
1.453589312777109257e-03
1.449954692924207205e-03
1.448478670222145366e-03
1.446252777944702014e-03
1.443422970809854792e-03
1.439744694953725389e-03
1.437461944375216820e-03
1.434726145503027479e-03
1.431640280055800898e-03
1.429397560959544010e-03
1.426595188892431114e-03
1.423765719723173000e-03
1.422419966179255379e-03
1.419945862768141149e-03
1.417311041828038954e-03
1.414557632661792843e-03
1.412037996946079611e-03
1.409382947781043574e-03
1.407516212682101246e-03
1.405825871006572726e-03
1.403459596457857193e-03
1.402770369812442186e-03
1.399039799509435794e-03
1.396615125096621786e-03
1.392989843797835282e-03
1.390497573166228542e-03
1.389307574186663058e-03
1.387299670753018707e-03
1.385869839860074575e-03
1.384587404326877592e-03
1.383211577196118017e-03
1.382032673899328103e-03
1.382096962472312762e-03
1.380035398725539724e-03
1.379679318894253643e-03
1.378479469308458577e-03
1.377312640888459384e-03
1.376215384742525459e-03
1.376268439735815838e-03
1.374033271997529082e-03
1.374455715816539194e-03
1.371945988211043226e-03
1.370974569256255696e-03
1.368375934837126129e-03
1.365615362487258237e-03
1.364477357615686637e-03
1.362777978145966263e-03
1.362431409650458405e-03
1.361040634058541558e-03
1.359628956028481302e-03
1.357738184888708987e-03
1.355606022857228131e-03
1.354668144362151851e-03
1.353825587922151625e-03
1.353786672782062968e-03
1.351300102563251886e-03
1.352086394605642172e-03
1.351766882480710157e-03
1.350138033407485621e-03
1.350517961299550675e-03
1.348267257348896749e-03
1.347676956740876102e-03
1.349076308761473688e-03
1.347177455458562325e-03
1.345377606183381517e-03
1.346539338396042420e-03
1.346583009036231553e-03
1.347704884043519078e-03
1.346898853921396286e-03
1.345843257811309189e-03
1.348186972302738455e-03
1.345491056255095508e-03
1.347689897571457702e-03
1.347310869606702186e-03
1.347926451411377187e-03
1.347183060279451630e-03
1.346538060180005065e-03
1.347299361628624985e-03
1.347499134667400327e-03
1.346244656921040481e-03
1.345859390962636862e-03
1.347272572514124486e-03
1.345770735904960489e-03
1.345778719158286906e-03
1.345138120555002459e-03
1.345253283582783371e-03
1.345132778361200114e-03
1.345371353988839480e-03
1.343941887758086850e-03
1.344204845762943506e-03
1.344527237923562888e-03
1.343100783445050654e-03
1.342646268809537637e-03
1.342978834155535975e-03
1.341649115188128880e-03
1.342146200708613799e-03
1.342346952720622783e-03
1.342260251373847153e-03
1.342473793133718918e-03
1.342280199401783228e-03
1.341981057592745797e-03
1.342424035850393448e-03
1.341342428215031067e-03
1.342529598998014675e-03
1.341398890715681707e-03
1.341609848618510433e-03
1.340455809996695096e-03
1.341959351979506946e-03
1.341525496277969987e-03
1.340734886463211539e-03
1.341500381459439584e-03
1.340301198799946462e-03
1.342258835580669579e-03
1.342266422166899908e-03
1.343613453269079617e-03
1.343808025824646613e-03
1.343424547189306633e-03
1.343975374864652414e-03
1.342480059808440380e-03
1.341546378790066905e-03
1.341251997814472876e-03
1.341280874819608280e-03
1.341461134670409111e-03
1.341176040047099664e-03
1.339321849294367777e-03
1.340597119445905002e-03
1.339218552216097594e-03
1.338402567137711614e-03
1.336980793323773843e-03
1.336809482121829656e-03
1.335444842079970508e-03
1.334697762165032182e-03
1.335525557833845255e-03
1.335514902945405180e-03
1.335339158963203769e-03
1.332574978242979675e-03
1.333084165138229702e-03
1.334151924185062463e-03
1.335313242329460182e-03
1.335775690859594125e-03
1.336537569999794815e-03
1.336713949671520900e-03
1.338089614079652568e-03
1.339468741841052038e-03
1.339426474792031543e-03
1.341066229660656294e-03
1.339701945638731816e-03
1.338719320923464386e-03
1.339052929503340914e-03
1.339127967003090952e-03
1.338798983337627022e-03
1.337612337964955026e-03
1.338428852261838156e-03
1.336591829572775746e-03
1.337197434200063746e-03
1.336448928730306915e-03
1.335818342917602635e-03
1.335340162820440688e-03
1.333621247349528558e-03
1.331834648916761961e-03
1.332372280098965142e-03
1.331593302000276405e-03
1.331582257738411984e-03
1.331375510431915578e-03
1.330191641060943794e-03
1.331528072702633202e-03
1.332035179686633054e-03
1.332006392294243259e-03
1.332099390530857869e-03
1.331498362286397683e-03
1.334139544690980715e-03
1.331979436031310729e-03
1.331911026431290175e-03
1.333667782259004503e-03
1.332532984386158078e-03
1.331888229157260481e-03
1.331146805673488276e-03
1.331204253464003369e-03
1.331362135809639573e-03
1.331078497981663146e-03
1.328871968084887343e-03
1.327362239841115184e-03
1.326430697607561748e-03
1.327217783987377515e-03
1.325293485203881154e-03
1.327095667136055307e-03
1.326728835000899913e-03
1.325077200734725309e-03
1.326181001807445314e-03
1.324293126809349954e-03
1.324764340429899524e-03
1.325157609865225796e-03
1.324597350148795432e-03
1.326994653845218813e-03
1.327032741912291492e-03
1.325665400042379607e-03
1.326992425401952959e-03
1.328294094508094539e-03
1.328292841192315037e-03
1.327879750619889287e-03
1.326403533683294909e-03
1.327362766344989970e-03
1.326451603154025832e-03
1.326621385843398298e-03
1.327181506108462408e-03
1.328156840986714120e-03
1.328975534474461252e-03
1.328052467814050874e-03
1.328850981406896415e-03
1.329830695866667401e-03
1.329660593367257542e-03
1.329145206066766191e-03
1.329268021116189946e-03
1.328743203582239459e-03
1.327900358552536967e-03
1.329927088987567160e-03
1.329677691909052000e-03
1.328568561670251565e-03
1.327351536816286787e-03
1.328924612029719430e-03
1.327253875497649230e-03
1.326510637802252781e-03
1.326018345864583706e-03
1.324111447504631219e-03
1.324871227433395719e-03
1.325950628143626525e-03
1.326713282714249995e-03
1.326867343116443481e-03
1.327389643650436768e-03
1.329190979082482465e-03
1.329418597721752048e-03
1.330544792366157407e-03
1.332239560368111975e-03
1.330288821373351495e-03
1.333206209079938016e-03
1.334044077944323030e-03
1.333005167271233710e-03
1.333754066023120710e-03
1.334079087735807502e-03
1.335764585495584009e-03
1.336383620071130741e-03
1.337696619093449012e-03
1.337758195439643291e-03
1.337623192589091617e-03
1.337994882941220256e-03
1.337186459183804018e-03
1.337115397249521520e-03
1.338522260789030971e-03
1.338061992752423001e-03
1.338689527600582692e-03
1.338355455552733180e-03
1.337239291053366787e-03
1.338135680411765187e-03
1.336870812064717105e-03
1.335298562674227911e-03
1.336066418238367887e-03
1.334578359504429591e-03
1.334902120234821021e-03
1.333236667663508044e-03
1.333341832028757347e-03
1.332789061514899750e-03
1.333104699337755127e-03
1.332770033141985298e-03
1.333078483758702278e-03
1.332832155509480450e-03
1.332547800881890001e-03
1.333494906219628157e-03
1.332905923877677166e-03
1.333399409500765848e-03
1.333642323023961863e-03
1.333853122914185852e-03
1.333770123444849793e-03
1.333805309578053704e-03
1.333787076751014739e-03
1.333666861525818629e-03
1.334450404372491700e-03
1.337043735442526755e-03
1.338423487520824752e-03
1.337916272977355539e-03
1.337515970824095434e-03
1.338223089926457920e-03
1.336770261218447626e-03
1.336764927324474422e-03
1.337882348264502613e-03
1.337052812458717739e-03
1.335234230911745267e-03
1.336113993001060820e-03
1.336118458387607890e-03
1.336052049034335302e-03
1.335553178610502214e-03
1.335486292939738100e-03
1.334998931045097139e-03
1.335865801031776599e-03
1.336264226080779733e-03
1.335433690823329116e-03
1.337261845892063388e-03
1.335627203150071022e-03
1.333486924689615723e-03
1.334941562756424656e-03
1.335309364753282501e-03
1.335020109189460989e-03
1.334134935159396809e-03
1.334894106556098461e-03
1.336995552512709523e-03
1.334591232419657077e-03
1.335260427427797806e-03
1.335396406812291731e-03
1.335702302283264418e-03
1.334292673870631548e-03
1.334594226580963989e-03
1.335552195667575942e-03
1.336654120331652032e-03
1.334369791596313635e-03
1.334963991925582462e-03
1.336117491067244541e-03
1.335878526448828303e-03
1.335675097736481595e-03
1.335908779546286264e-03
1.336440057691075812e-03
1.335711200654830701e-03
1.333950925302517312e-03
1.334700442564860055e-03
1.334125082522762736e-03
1.334595086209838148e-03
1.334251840359318647e-03
1.335317232678355026e-03
1.335058535674897963e-03
1.333820498460630295e-03
1.334038439509458406e-03
1.333812824947135317e-03
1.334842175020364450e-03
1.335484357129493359e-03
1.335566254570901522e-03
1.336777800412929876e-03
1.334949852347008066e-03
1.334887812221906365e-03
1.336366457675208352e-03
1.335982266078070049e-03
1.334688708987674449e-03
1.333923650339479848e-03
1.333792129675221176e-03
1.334020451672710515e-03
1.333282506229951274e-03
1.333619025044548980e-03
1.333555504476166510e-03
1.332705616433540498e-03
1.331546273398117155e-03
1.329728952324438565e-03
1.331308057006601060e-03
1.332771492747167894e-03
1.332898465497122297e-03
1.332858707504069786e-03
1.330561615519096916e-03
1.331679684961644588e-03
1.332255600851663417e-03
1.331451156715156032e-03
1.332998302685524600e-03
1.333007119929770961e-03
1.333682673338503323e-03
1.332637066426446389e-03
1.333106220760938310e-03
1.332651005809870398e-03
1.332807356840710498e-03
1.332377663315143955e-03
1.332543812125094873e-03
1.330737399936486511e-03
1.332042704192787710e-03
1.331606294186025519e-03
1.332214354344986047e-03
1.331642337495554142e-03
1.332345459524122283e-03
1.330953128867652397e-03
1.330945710271579877e-03
1.329745844099790297e-03
1.329532833871522419e-03
1.329856032556654341e-03
1.328728546501823336e-03
1.327240563513043450e-03
1.327764331407392789e-03
1.326898863629193733e-03
1.327410985200714634e-03
1.326493503760666414e-03
1.326784841397969433e-03
1.328761235785241726e-03
1.326285660998199499e-03
1.326386909293475729e-03
1.325961956413378032e-03
1.326194449363085311e-03
1.325453589394051017e-03
1.326993539805354115e-03
1.327149414218321659e-03
1.326827833496220651e-03
1.327198484094401203e-03
1.328242962909170679e-03
1.328305003636868912e-03
1.327592705768606152e-03
1.326046253665114300e-03
1.326720398950663286e-03
1.327040247376466134e-03
1.326056574086983400e-03
1.323390907976367947e-03
1.324248211366001833e-03
1.323860493337274949e-03
