3.878051102496090589e-03
3.878051102496090589e-03
3.300134788472149690e-03
3.079565446195742500e-03
2.771494140104367558e-03
2.580723926727837309e-03
2.416490473888742354e-03
2.316198411751121261e-03
2.213154822014850448e-03
2.137796124558253002e-03
2.079011752783263209e-03
2.028252802430674344e-03
1.980134535111358583e-03
1.946930770126844602e-03
1.894204491080286054e-03
1.856218194116292025e-03
1.778400615164331660e-03
1.758812677594213817e-03
1.717715035153491963e-03
1.684581756728244402e-03
1.648062836584683307e-03
1.631300264237820017e-03
1.609555808495148144e-03
1.581124371911969912e-03
1.548759788037820792e-03
1.527220118852750264e-03
1.504239240874560195e-03
1.490177120454678214e-03
1.478281533043374974e-03
1.464356103057428034e-03
1.451487479466531151e-03
1.440253788561514977e-03
1.425322108322557438e-03
1.414900999146580761e-03
1.400556615635082042e-03
1.386227459350342561e-03
1.375322684275356866e-03
1.363941415633064015e-03
1.356877028153072361e-03
1.350458610586527212e-03
1.347026927486356680e-03
1.347295784382625781e-03
1.347746034799842622e-03
1.347922488499618023e-03
1.348438418818092817e-03
1.340853439055842171e-03
1.344363049949684474e-03
1.336951553004362640e-03
1.336277397710325474e-03
1.329520762873508772e-03
1.313414208255773465e-03
1.304040030916127314e-03
1.293121821826273207e-03
1.280157680170672472e-03
1.274403853625007610e-03
1.271568653765913631e-03
1.272070794986473498e-03
1.270758095283577773e-03
1.265902448286417492e-03
1.262957788966393184e-03
1.265065793479274153e-03
1.262816425163695638e-03
1.260439471013761765e-03
1.256352388105564689e-03
1.253141135172048401e-03
1.253286972554994161e-03
1.250603695854026831e-03
1.247130844367400158e-03
1.243249727487480503e-03
1.241839382098672154e-03
1.238983597557789850e-03
1.235310757726597059e-03
1.245845302543840006e-03
1.245711523321083990e-03
1.251706198007688153e-03
1.253908249255069902e-03
1.252013920581775044e-03
1.257605616760282784e-03
1.256626003471477283e-03
1.257410136367531238e-03
1.255068629447137667e-03
1.256530118223160054e-03
1.247819977841201295e-03
1.260096787338845425e-03
1.256373036838021430e-03
1.256591817729334811e-03
1.266652600697311176e-03
1.271633633167450639e-03
1.287468199973090983e-03
1.284463932506288127e-03
1.301030106664530402e-03
1.287723146090792191e-03
