3.938089569531641118e-03
3.938089569531641118e-03
3.339799290389407031e-03
3.217572554890818764e-03
2.878638950480929409e-03
2.784905408641259999e-03
2.655388818617107540e-03
2.616531764593230808e-03
2.568847909590749913e-03
2.500856553252930534e-03
2.562766299129246722e-03
2.508003810687789870e-03
2.613171108693320907e-03
2.604771518661954614e-03
2.828886140824943794e-03
2.955076058941009248e-03
3.128946527371665939e-03
3.506496206061359821e-03
3.786259160450113417e-03
4.291261056312654400e-03
4.475149191052858744e-03
4.701037783659232049e-03
4.935764397834194010e-03
5.189245996907281867e-03
5.375797580608316500e-03
5.837357607251065887e-03
6.020020363340382145e-03
6.178175234222225108e-03
6.297340387485726027e-03
6.539108743599646341e-03
6.907789804353519671e-03
7.496199977945223331e-03
7.897404055587307556e-03
8.092070731934753944e-03
8.409897536890090924e-03
8.601782055117589837e-03
8.918240434635444844e-03
8.770306244842001123e-03
9.041842341168514902e-03
9.343006510190054320e-03
9.922992075853103583e-03
1.016407079265080164e-02
1.083047710048372358e-02
1.155844900151161217e-02
1.261693502699302513e-02
1.291700346317510920e-02
1.324760662990888058e-02
1.373838957824483065e-02
1.437441938148914175e-02
1.493524610670066317e-02
1.557774965575768437e-02
1.580009615994715580e-02
1.660837297458072834e-02
1.745373681428399881e-02
1.802040699113920813e-02
1.871492216922755747e-02
1.935047417654593704e-02
1.965246768540810512e-02
2.041908200430051640e-02
2.101760441244761302e-02
2.156171271436461284e-02
2.207023655869053136e-02
2.268541537810981820e-02
2.336564959631877436e-02
2.360392938085995040e-02
2.448387348259787114e-02
2.546397278483790785e-02
2.618571913146742342e-02
2.683599757407630765e-02
2.757875623257714792e-02
2.785777007302081207e-02
2.879435385264112260e-02
2.926052325734114154e-02
2.961826047789406155e-02
3.004985526801079790e-02
3.111019176299030520e-02
3.176060939700898339e-02
3.248303724939563542e-02
3.309706077807555991e-02
3.363689678541954137e-02
3.409090901045649241e-02
3.506341748650874252e-02
3.562768022144904845e-02
3.638525189418440053e-02
3.698612755680642794e-02
3.771111700553362450e-02
3.859429460136010875e-02
3.896325882370270388e-02
3.995036366922855020e-02
4.013016948443690057e-02
4.055212478267169324e-02
4.190007982710922119e-02
