3.970125283118863986e-03
3.970125283118863986e-03
3.953208527789608615e-03
3.910976737445060782e-03
3.866301798606703709e-03
3.823324747604080979e-03
3.775784627862716156e-03
3.738063805471405522e-03
3.715178368657661660e-03
3.676075591602705195e-03
3.639079845314547451e-03
3.616150859983125777e-03
3.582271534264102296e-03
3.552655009460392154e-03
3.524043747003199889e-03
3.508677840875676357e-03
3.473420078792268349e-03
3.460073918108051531e-03
3.438149115424422343e-03
3.409258028839657739e-03
3.383216903113889749e-03
3.356341538476623199e-03
3.332705358077784480e-03
3.309223006499387425e-03
3.283637419678506631e-03
3.275941394377761880e-03
3.267000220345547736e-03
3.257211415118589116e-03
3.236649402790233322e-03
3.220453944169870183e-03
3.209388844516699278e-03
3.188456610980004106e-03
3.162309686424164771e-03
3.149438013110639374e-03
3.136100439963347176e-03
3.116876054865773578e-03
3.112548437149613521e-03
3.093891999384466764e-03
3.091114793164510908e-03
3.074392514256542742e-03
3.057320617178598248e-03
3.042768385637659775e-03
3.056531138436415895e-03
3.036635906688651878e-03
3.025868090693024405e-03
3.009358053687179006e-03
3.001980676038900654e-03
2.967836518868614912e-03
2.953955167717739298e-03
2.932133442364143975e-03
2.931167350476479583e-03
2.925710488484215086e-03
2.923139932969534040e-03
2.912586932664418347e-03
2.902394498452719619e-03
2.897900890428845369e-03
2.887441357680142155e-03
2.871795124051175051e-03
2.861382421625670563e-03
2.855329506823883843e-03
2.861846309080619093e-03
2.841442944327780915e-03
2.828984883708536135e-03
2.835135785384117896e-03
2.832573978951729264e-03
2.820253065168370696e-03
2.812615354713986562e-03
2.815595906943827928e-03
2.807678317037981888e-03
2.798017347481624936e-03
2.798268309662790658e-03
2.797635152046410324e-03
2.782201061480134990e-03
2.785696908941305300e-03
2.769528461066512494e-03
2.764207942834136147e-03
2.741152875289857693e-03
2.733422631797017589e-03
2.738428791710728876e-03
2.729895507371501995e-03
2.737465963059790026e-03
2.723075439819895929e-03
2.711790988446264022e-03
2.722551994135587791e-03
2.719764336183915724e-03
2.707155823910332038e-03
2.699975959394315585e-03
2.696208396413250167e-03
2.702230967313895560e-03
2.702713514499325339e-03
2.692900413457214454e-03
2.692852377331410828e-03
2.678675460822928147e-03
2.685229932676017495e-03
2.691417658795684439e-03
2.674333449289567882e-03
2.680662283793444796e-03
2.677836783793309181e-03
2.660267110389502674e-03
2.656613794659914637e-03
2.648846849625251503e-03
2.638266906325355699e-03
2.637965154944577062e-03
2.623358253888703577e-03
2.620191869091784663e-03
2.629683626010687579e-03
2.631108442329400162e-03
2.615253275698622461e-03
2.617627335098821496e-03
2.613393697031142753e-03
2.611715086806253288e-03
2.617812458242722590e-03
2.589755682298900547e-03
2.587131189040920397e-03
2.589168899495754989e-03
2.590523835603567634e-03
2.584799818105005219e-03
2.590133598096380253e-03
2.583172626255508288e-03
2.590326853733679671e-03
2.598278079273146079e-03
2.592872223430782094e-03
2.588474057892261627e-03
2.580849742672749331e-03
2.591103693287893223e-03
2.580131153828668818e-03
2.576561644397229369e-03
2.579889473696957234e-03
2.588689361163342643e-03
2.584645111189979531e-03
2.574281084525700987e-03
2.569614564545712274e-03
2.572654104062997975e-03
2.555417526132971323e-03
2.523627020196997795e-03
2.524119560002523535e-03
2.516457582634366690e-03
2.520586379284019130e-03
2.526310307000278858e-03
2.512005286963953782e-03
2.514666219887756911e-03
2.526764793347793629e-03
2.530237415256192564e-03
2.546320442134434887e-03
2.551462924115680680e-03
2.555793502049170246e-03
2.539734960918600421e-03
2.541314557318059570e-03
2.525437283104798886e-03
2.526324225553329417e-03
2.535747064400583478e-03
2.526730264905683362e-03
2.525854178537995706e-03
2.518740330228571266e-03
2.512358925751342030e-03
2.508155856415051482e-03
2.493941281081441495e-03
2.475264740542256880e-03
2.475329729869987436e-03
2.480955456105426397e-03
2.481182032417956519e-03
2.487114548609938199e-03
2.500134231976776106e-03
2.481566328951864599e-03
2.489062449189611507e-03
2.499566102819787781e-03
2.500681740456575219e-03
2.475947342799671071e-03
2.476452856814366933e-03
2.476676800520002421e-03
2.476793222305024786e-03
2.472107044827976698e-03
2.470258805325190998e-03
2.459634869778506202e-03
2.462351333745200956e-03
2.475755130265458199e-03
2.461512982918280523e-03
2.467395017045613016e-03
2.457243875938790699e-03
2.461933910271417621e-03
2.456387788116482212e-03
2.455934238639006454e-03
2.450802196257115782e-03
2.449887569919510441e-03
2.450450482886051742e-03
2.444678303680884734e-03
2.453595210001348597e-03
2.444031660383469851e-03
2.441465866883458982e-03
2.439914885343989585e-03
2.436552419973018850e-03
2.427957506870656243e-03
2.424375751561699474e-03
2.435566028520093958e-03
2.436222787506621586e-03
2.435600991768438646e-03
2.430155019746551865e-03
2.440134219994840106e-03
2.443545367322592574e-03
2.432885823690499570e-03
2.440238381233597164e-03
2.447776653779158880e-03
2.450034881041139156e-03
2.450538340831767258e-03
2.459353660136340183e-03
2.453673536266206320e-03
2.444570176685757681e-03
2.440636936759893981e-03
2.447479256645449051e-03
2.447806076406568426e-03
2.442684164261099602e-03
2.443599572873668933e-03
2.433452358137319291e-03
2.425769188798481985e-03
2.429095314329786631e-03
2.435399951702195333e-03
2.424008868980222480e-03
2.442834349124079537e-03
2.448836223616643673e-03
2.438705174473488821e-03
2.439485468987945185e-03
2.449757369169103596e-03
2.437016569143698498e-03
2.428477581797595410e-03
2.441423724963208679e-03
2.430427605430966406e-03
2.428294135324001249e-03
2.420595322940694363e-03
2.419264571271000520e-03
2.429489233007222412e-03
2.417257326023562226e-03
2.415790338249994111e-03
2.427910722711883098e-03
2.421881058622872909e-03
2.412480504696365696e-03
2.406039500230926134e-03
2.394254959600115255e-03
2.394844879002475113e-03
2.385119902412595819e-03
2.383384632803480299e-03
2.381538002517555493e-03
2.380958828974440600e-03
2.389124442149962758e-03
2.382371784740172031e-03
2.371234232486692500e-03
2.370424430552318072e-03
2.370290484016847592e-03
2.368704740071680276e-03
2.377328103849712417e-03
2.377197117212591360e-03
2.380758788584362486e-03
2.390216199866029671e-03
2.387444007020200244e-03
2.393145978550472158e-03
2.393024371976329619e-03
2.387138238188838898e-03
2.382219650952239250e-03
2.378049520432475462e-03
2.381964770524781002e-03
2.385307800749305544e-03
2.371582664382871318e-03
2.374292929598009749e-03
2.376085814485990374e-03
2.386352159311750428e-03
2.401209097620135135e-03
2.399623477175936385e-03
2.388513373194326231e-03
2.388418526953612047e-03
2.391351555010327087e-03
2.395167214189615826e-03
2.390256762949209777e-03
2.388377161199801459e-03
2.386299803973038029e-03
2.391776695645761452e-03
2.391076596524423399e-03
2.390902527523827009e-03
2.397955909886039568e-03
2.395031584704574844e-03
2.403249709480715594e-03
2.397242125711492380e-03
2.390707271810307497e-03
2.380773165425607331e-03
2.380358140100491491e-03
2.370264125948921830e-03
2.370382065164210270e-03
2.367439171861573845e-03
2.367520509385056832e-03
2.358185344515748450e-03
2.369963110411461762e-03
2.352224872157705413e-03
2.364370372617660438e-03
2.337738388107129996e-03
2.338664110776076093e-03
2.336746096090024614e-03
2.339834966190837244e-03
2.344442321292758858e-03
2.340301398255261161e-03
2.331070537172123380e-03
2.329154533090654466e-03
2.318303314436310179e-03
2.329773000964496538e-03
2.329752080698289235e-03
2.334701715927368828e-03
2.344245553110884794e-03
2.341550604978454454e-03
2.376114817211574370e-03
2.365847482088269393e-03
2.370045691676227022e-03
2.371582050340032607e-03
2.369166991420352739e-03
2.359566572444508036e-03
2.360966057267214775e-03
2.351081312475012536e-03
2.370204358836084865e-03
2.352012873389561307e-03
2.358998311274750070e-03
2.359594249909103408e-03
2.375054695145721075e-03
2.370585389842225915e-03
2.357600121598826554e-03
2.354465544755365413e-03
2.361980322397905750e-03
2.349149386476642384e-03
2.351108291373915204e-03
2.338154401604748429e-03
2.349348224641657941e-03
2.352275423933370205e-03
2.340095331228554069e-03
2.347949455745891329e-03
2.364705389742322549e-03
2.359845759071518487e-03
2.362099972962024633e-03
2.369541489487041359e-03
2.371648321808164390e-03
2.374904239212283392e-03
2.379328847139042073e-03
2.373387271827128754e-03
2.376658287631732043e-03
2.366728304663754962e-03
2.376305520382355260e-03
2.381388586844875987e-03
2.373065498536044635e-03
2.364305304390862048e-03
2.369180731972915684e-03
2.366494038043222888e-03
2.363540452545736473e-03
2.372635208442092254e-03
2.372496587670488207e-03
2.365781687145486305e-03
2.360191254276062210e-03
2.354589339456376884e-03
2.349506251029312258e-03
2.336789114357134579e-03
2.349949708730576445e-03
2.354587541793994650e-03
2.364459441795056013e-03
2.354444212446237493e-03
2.348679374091890929e-03
2.356222495387538547e-03
2.354782664698274429e-03
2.337534780456295997e-03
2.341276506415781913e-03
2.349448099094348687e-03
2.341055994137126225e-03
2.351425217506400780e-03
2.340645386267892810e-03
2.348238896528938215e-03
2.342796185448973306e-03
2.344149329349551770e-03
2.334720216019618624e-03
2.345242252840538857e-03
2.337966498603386793e-03
2.360873680156778433e-03
2.340021992767891620e-03
2.338043776633181529e-03
2.345795608640460859e-03
2.355155321801856265e-03
2.358037483078482058e-03
2.355225687306305039e-03
2.366968819222932223e-03
2.358056694223616828e-03
2.358359423774996841e-03
2.349949075112338272e-03
2.350302479294874916e-03
2.348543274609458248e-03
2.350538831392771141e-03
2.371404099138649680e-03
2.372912480887902006e-03
2.374096639532383233e-03
2.373353335358143953e-03
2.372937238884735220e-03
2.368347692500968708e-03
2.379480096449234239e-03
2.386179028258846643e-03
2.371178466991901140e-03
2.371048911903054102e-03
2.361399115590791416e-03
2.372878383894414227e-03
2.375833483909833583e-03
2.384729736381809625e-03
2.379192451385066503e-03
2.373562428562361881e-03
2.376357049448466537e-03
2.371962921930084386e-03
2.381453556655368890e-03
2.394533829317491321e-03
2.397960366982695730e-03
2.389685124723973236e-03
2.385914284541644417e-03
2.384214965025011242e-03
2.396349798791407026e-03
2.406026870980883248e-03
2.395559485888115996e-03
2.403792607254163702e-03
2.395625710443838492e-03
2.391061869918317817e-03
2.397428067046441374e-03
2.391988247759872354e-03
2.391632944924393812e-03
2.395048440066559897e-03
2.385804506079006442e-03
2.405017504579776144e-03
2.379402311948744259e-03
2.396605750658633346e-03
2.388170540919701181e-03
2.377925464691402896e-03
2.376367020797503799e-03
2.357417708205433206e-03
2.351317936304816569e-03
2.350770790240814482e-03
2.377435717670341783e-03
2.366747757436601929e-03
2.371386818411345271e-03
2.365865426242763723e-03
2.359943339798371495e-03
2.364618016887390980e-03
2.360968346922382929e-03
2.382416175129036754e-03
2.367534215932166376e-03
2.374696913505340741e-03
2.363235218644913795e-03
2.375675381734863173e-03
2.356611114720831568e-03
2.368057823175431266e-03
2.361246974787318143e-03
2.372595000206341800e-03
2.354549745520501721e-03
2.348243675708615655e-03
2.360043308197095485e-03
2.377803547654376223e-03
2.368578779068191992e-03
2.385327873563771687e-03
2.374357524242483742e-03
2.391197734903907114e-03
2.383784857724418303e-03
2.401444116724312048e-03
2.397369922926752706e-03
2.395021608415130124e-03
2.402204628012979092e-03
2.403358166346921884e-03
2.392892571174685436e-03
2.391573142654339866e-03
2.392790631906575784e-03
2.388946042218109082e-03
2.391165111477341031e-03
2.386405479808281944e-03
2.380994385267389598e-03
2.378739092627255632e-03
2.377220482022768255e-03
2.378097223181560062e-03
2.375957158249150051e-03
2.360967452563830435e-03
2.375963535208973961e-03
2.368551394136503372e-03
2.387147525541997127e-03
2.381559453994907746e-03
2.390705061464081568e-03
2.399416133274660540e-03
2.397893448648184041e-03
2.410642157717696275e-03
2.421841226433101533e-03
2.406953514387274833e-03
2.405179972308050824e-03
2.408586234390029408e-03
2.403052675985664719e-03
2.401982511780941833e-03
2.387401913149295261e-03
2.402270386292272228e-03
2.411115451592008713e-03
2.391275954883941880e-03
2.393951660521909369e-03
2.382550445271972711e-03
2.370249498384370285e-03
2.381465634934072477e-03
2.375531873729494307e-03
2.367758910061602655e-03
2.365370864211424097e-03
2.381260827546256408e-03
2.390277738707009304e-03
2.378543092190285677e-03
2.386031918021354944e-03
2.379272706876284921e-03
2.384892057607658229e-03
2.390091919871500589e-03
2.405499546194588001e-03
2.389876098231354020e-03
2.376770216443895196e-03
2.388525548560725773e-03
2.401718289208940385e-03
2.400973992594618300e-03
2.381442726537035936e-03
2.397565233956721123e-03
2.405839759741386884e-03
2.421002739938490477e-03
2.407170132926593920e-03
2.415716580674075274e-03
2.405235859515741492e-03
2.400150498760338352e-03
2.393590734632128261e-03
2.386145121464229839e-03
2.385231720454690073e-03
2.391517717953533118e-03
2.372304205423903575e-03
2.395520634837901806e-03
2.389105725125501619e-03
2.405556422717935409e-03
2.381730681538741113e-03
2.401450747596956415e-03
2.398424856127575212e-03
2.399063065268619392e-03
2.400661136709720915e-03
2.390892686966195665e-03
2.395625466527808323e-03
2.395121351296651980e-03
2.383332664067365492e-03
2.388978096350773215e-03
2.369921268325627869e-03
2.378194659552902452e-03
2.380111550253439026e-03
2.379371933580782042e-03
2.384343342013876994e-03
2.391802677626820271e-03
2.389022134032589909e-03
2.406759584146152525e-03
2.417837021099434637e-03
2.432054832027970293e-03
2.427359904385508783e-03
2.413253020272841751e-03
2.418206810861513786e-03
2.445307070288011385e-03
2.426820480089239302e-03
2.425497390030346111e-03
2.438177189399220405e-03
2.449135970261502072e-03
2.452478327704320400e-03
2.442658720941075397e-03
2.440768570419092013e-03
2.447114768670386256e-03
2.440978140216642014e-03
2.439491378219817239e-03
2.430985725448480891e-03
2.427727340481019430e-03
2.431973375631660359e-03
2.417156187414990377e-03
2.407374585412003047e-03
2.428069247069922828e-03
2.414907651323587069e-03
2.413582363947891409e-03
2.395949370479794928e-03
2.397577210980750793e-03
2.394476242246057398e-03
2.404434103269012697e-03
2.398581517241089259e-03
2.424015422131733065e-03
2.411074759865222857e-03
2.411035331331372236e-03
2.402497650750946585e-03
2.405324004154696903e-03
2.417765237551883217e-03
2.423723374227002708e-03
2.425422344945454573e-03
2.428174514295894457e-03
2.417600046388260638e-03
2.417086028562458536e-03
2.422872568401712810e-03
2.420126700835079081e-03
2.409117012330766732e-03
2.401976540869955271e-03
2.407630813845797191e-03
2.404869005469015449e-03
2.390725611971578676e-03
2.383376733633796492e-03
2.386107852321190347e-03
2.375539717757876000e-03
2.379230629688997099e-03
2.378207996207591050e-03
2.388748811759066649e-03
2.391058565559984420e-03
2.382424329632368883e-03
2.404429824951106152e-03
2.402583140447660682e-03
2.401246544223012685e-03
2.390470002482456523e-03
