3.952215232752796445e-03
3.952215232752796445e-03
3.910461686881154877e-03
3.886062355183804266e-03
3.850320156462710367e-03
3.821652175636745200e-03
3.793758833568748254e-03
3.769509437150128043e-03
3.745570441564908485e-03
3.719520385351730591e-03
3.697896613713403009e-03
3.675913215790318177e-03
3.647986714972837208e-03
3.624042053929486373e-03
3.603019767724727814e-03
3.580215881865007541e-03
3.558735085010828608e-03
3.539208016838387739e-03
3.519850793417355402e-03
3.501908230083750420e-03
3.484006924342029129e-03
3.465731174262837774e-03
3.448858998365346949e-03
3.434256114686181239e-03
3.417795957815466645e-03
3.398672563631005734e-03
3.381773140457449735e-03
3.366216575626338695e-03
3.349655399678197216e-03
3.332772956910130032e-03
3.317759221447611102e-03
3.303777072036100538e-03
3.288700736300359095e-03
3.272002519935935001e-03
3.257356616951127219e-03
3.241155601509902989e-03
3.224138154803862961e-03
3.208584520248648850e-03
3.192921794317343711e-03
3.177990644114256184e-03
3.164187293478878515e-03
3.151265829623462692e-03
3.138379899160187014e-03
3.124892613190351567e-03
3.111814541113405892e-03
3.097543195611452294e-03
3.083999986527280468e-03
3.070383736107103103e-03
3.057802976790376104e-03
3.045543398948444107e-03
3.033958512983468865e-03
3.020106285239140733e-03
3.006991400891533169e-03
2.995891256625257161e-03
2.982898003054922521e-03
2.969371026470696458e-03
2.956334020378667635e-03
2.943320841125109371e-03
2.932201064554686848e-03
2.919949879031681021e-03
2.907548639633687412e-03
2.894340012177137791e-03
2.882185681458863079e-03
2.871693009845151853e-03
2.859772293152298018e-03
2.847463047909535878e-03
2.834546138554386134e-03
2.821883203599728947e-03
2.811286019140562045e-03
2.801478526438463176e-03
2.790755370334175450e-03
2.781338195561676181e-03
2.769510966318821602e-03
2.759284398548339165e-03
2.748755893480528574e-03
2.739040212347995835e-03
2.728905354012299295e-03
2.718328868047069444e-03
2.707801061621920372e-03
2.696823151885182051e-03
2.686264891387808024e-03
2.676007831188880522e-03
2.664994953647265279e-03
2.655098967135332590e-03
2.645727605402839900e-03
2.636625396425818033e-03
2.627847671231658792e-03
2.619332675943748280e-03
2.611632448584039722e-03
2.602483959261986304e-03
2.591901887272648770e-03
2.581587391708706040e-03
2.571328069764801470e-03
2.560669235717235887e-03
2.550695874568589816e-03
2.540656478733365094e-03
2.530945145847235487e-03
2.520730950248370114e-03
2.511194927946828765e-03
2.500955164305190565e-03
2.491084810406135174e-03
2.480756626622396526e-03
2.471737695159713106e-03
2.463248399381681285e-03
2.455273746610460092e-03
2.447172625172105986e-03
2.439340829486736587e-03
2.431649502950404551e-03
2.422985459807885673e-03
2.415743313815375739e-03
2.406404307630777197e-03
2.397986113184889800e-03
2.390315695837129297e-03
2.383154830187390796e-03
2.376075540589264821e-03
2.368063097482615842e-03
2.360060645342201315e-03
2.351384500322652431e-03
2.344231698181372531e-03
2.336030207089504190e-03
2.328316273933500862e-03
2.320072122954020509e-03
2.313336360125411734e-03
2.306429791160802701e-03
2.299220355131256256e-03
2.292152217483692939e-03
2.284107367573213684e-03
2.276489590251536480e-03
2.270002171864509300e-03
2.263204778470542366e-03
2.256941420115662032e-03
2.250229867347834471e-03
2.243547887098002076e-03
2.237753589933577127e-03
2.231165595895459944e-03
2.224314740856937235e-03
2.216542247994258540e-03
2.210022597238076991e-03
2.204116176394709924e-03
2.197663402577270872e-03
2.192603211938376137e-03
2.186945045766590205e-03
2.180514193410921543e-03
2.174866047511886478e-03
2.169371632113550104e-03
2.163333169854578675e-03
2.157153902387209856e-03
2.150906483875650223e-03
2.143409262485339653e-03
2.136532548270861885e-03
2.130543520057663100e-03
2.123779736258826593e-03
2.117150034069972472e-03
2.111057083840889043e-03
2.104841964943685376e-03
2.098623899421462637e-03
2.092829514298867859e-03
2.086728154209215643e-03
2.080942239625791553e-03
2.074546155094061321e-03
2.068612335634155940e-03
2.063167690809808094e-03
2.057766254954531381e-03
2.052832768530598196e-03
2.047120386473421771e-03
2.041549268603829424e-03
2.036877265704537671e-03
2.031691332534575796e-03
2.026290506465419552e-03
2.021581178519541756e-03
2.016213661251135651e-03
2.011448526526082598e-03
2.006730943646688973e-03
2.002060663282710391e-03
1.997567796228140718e-03
1.993704439402214923e-03
1.988661891850363600e-03
1.984302057687774117e-03
1.979076916642301745e-03
1.973721950173440692e-03
1.968612875802215698e-03
1.963339231824934826e-03
1.957777865154549084e-03
1.952940816798244073e-03
1.948549020028767214e-03
1.943922975215013399e-03
1.939201479883644530e-03
1.934309196711149264e-03
1.929353809193661701e-03
1.924268422522216462e-03
1.919877628023397781e-03
1.914977242322748021e-03
1.911605208669499246e-03
1.907556306476669485e-03
1.903513285455487062e-03
1.898735721392289790e-03
1.895208393005328807e-03
1.890607493420998382e-03
1.885281363477421058e-03
1.881076582299681969e-03
1.876326311348034152e-03
1.871668465403500620e-03
1.867968335308369627e-03
1.864448719556575885e-03
1.860985406747420797e-03
1.856718376745153127e-03
1.852809937763705197e-03
1.848801262398631646e-03
1.844327563592391061e-03
1.839376571525826870e-03
1.834311187040643318e-03
1.830389609509564105e-03
1.826587707858726021e-03
1.821742953851499197e-03
1.818611875755802004e-03
1.815000970954418853e-03
1.810123947496922138e-03
1.805168008538365985e-03
1.800532433977361079e-03
1.796961856953328308e-03
1.792964984332868876e-03
1.790031228115584452e-03
1.785712535614504201e-03
1.782075492654930891e-03
1.778692643197572363e-03
1.774826956365560928e-03
1.771595675239026309e-03
1.767728491958196931e-03
1.764094752329587422e-03
1.759476841700769248e-03
1.756544746071844569e-03
1.753028827497479618e-03
1.748916684305485206e-03
1.744921186082728842e-03
1.741270701088568334e-03
1.738642428230051992e-03
1.734932106782560018e-03
1.730982817604681274e-03
1.727920695706206379e-03
1.724862787101248294e-03
1.722399208460286034e-03
1.719723161517142584e-03
1.716872350317628134e-03
1.713834649370828828e-03
1.711227539952250290e-03
1.708364281687364599e-03
1.705234149816674824e-03
1.702374263266748884e-03
1.699682340637314899e-03
1.696715122144501877e-03
1.693981191778122682e-03
1.690837320583324799e-03
1.688217766881636205e-03
1.686786773680673361e-03
1.684882556720555900e-03
1.682139519654057011e-03
1.679939232147276747e-03
1.678009454270579758e-03
1.676152341723037217e-03
1.673240887443225777e-03
1.670978923758889524e-03
1.667997455684592980e-03
1.666392906640795906e-03
1.663461485680679461e-03
1.660621385236781640e-03
1.657885253064525933e-03
1.655186810115505825e-03
1.652623364449485113e-03
1.650959083938610423e-03
1.648637770696308310e-03
1.647140231122133647e-03
1.644834887272982049e-03
1.642033805655260812e-03
1.639641368395643476e-03
1.638634144556849271e-03
1.636390126076390150e-03
1.634959305132434142e-03
1.632924418151517109e-03
1.630715479394233541e-03
1.628350807393405151e-03
1.626313503112440054e-03
1.624675365991534292e-03
1.622580759276730884e-03
1.620405604911016786e-03
1.618349573886793602e-03
1.616317486850994776e-03
1.615209790958752533e-03
1.612320922755010192e-03
1.610287539814726082e-03
1.609180400352491162e-03
1.607612989030917511e-03
1.605744916246186005e-03
1.604151883487836333e-03
1.601553421388614241e-03
1.599420973325231228e-03
1.596479380613803102e-03
1.593865100213123038e-03
1.591419599220285537e-03
1.589879021938006088e-03
1.587799996811075070e-03
1.585698076639234641e-03
1.583238379073364545e-03
1.581658317148868257e-03
1.579489613269811563e-03
1.577692426377946084e-03
1.575553132806403397e-03
1.572625015119516337e-03
1.570615602786500867e-03
1.569404525025255631e-03
1.568081831984289654e-03
1.566426294841681121e-03
1.564526370812473937e-03
1.562240385072897293e-03
1.559280336679348808e-03
1.556965307835280919e-03
1.553881499041520359e-03
1.552570747065212288e-03
1.550510349699686912e-03
1.547991293677376118e-03
1.546317107657905988e-03
1.544248028732771172e-03
1.541945182418655346e-03
1.540102547544605150e-03
1.538012988762054063e-03
1.536260484243802404e-03
1.534425012829263111e-03
1.532802189939826663e-03
1.530802364616442018e-03
1.529962817342031241e-03
1.528092302969975705e-03
1.527466663221026602e-03
1.525876678286398631e-03
1.524392068101700559e-03
1.523066551003552250e-03
1.521545022013077357e-03
1.520400774151510134e-03
1.519193170718323872e-03
1.517739460934463928e-03
1.517243686382716006e-03
1.516302915213138969e-03
1.515606022514715207e-03
1.513655976867147972e-03
1.512312740394187831e-03
1.510530964689698512e-03
1.509232081628574451e-03
1.507146484387416252e-03
1.505753240709124374e-03
1.504200539138899131e-03
1.502606229968618014e-03
1.500584905986250116e-03
1.499761421808974964e-03
1.497841663525013118e-03
1.496897491096450469e-03
1.494857752511615998e-03
1.494273890791298319e-03
1.492791737432906879e-03
1.490778612696752820e-03
1.488579851107020655e-03
1.487448787260158478e-03
1.486076371051551917e-03
1.484948856490113031e-03
1.482775007215788709e-03
1.481376566011961653e-03
1.480348243535813948e-03
1.479750774906076535e-03
1.478302338929077643e-03
1.476808214699493020e-03
1.475725660741672961e-03
1.474560228517536034e-03
1.473059332211154940e-03
1.471367831357517234e-03
1.470942472247047279e-03
1.469697275704180250e-03
1.468054116060570980e-03
1.466897654185183230e-03
1.465766279889892587e-03
1.464378201090030165e-03
1.462484519076850302e-03
1.460282495288223441e-03
1.459665217974717667e-03
1.457312777413348644e-03
1.456079215305028244e-03
1.454639282853365271e-03
1.453461134004829661e-03
1.451844739850310017e-03
1.450134593481723242e-03
1.449104926623994653e-03
1.447753127243812249e-03
1.446942773739769194e-03
1.445866485675221039e-03
1.445323506682991014e-03
1.443726351619460321e-03
1.442873729468472505e-03
1.441122005095139130e-03
1.439909681262742467e-03
1.438341290867553883e-03
1.436949700965535915e-03
1.435524237751675423e-03
1.434732805858525938e-03
1.434150568783706470e-03
1.432886301964546869e-03
1.431839090017700180e-03
1.430547509831536475e-03
1.429252692265907572e-03
1.427184652322505652e-03
1.426262715505483610e-03
1.424187836924034568e-03
1.424301501462942997e-03
1.422481580268492940e-03
1.420912084145237739e-03
1.420651516572746589e-03
1.419246226934275500e-03
1.418779269961713144e-03
1.417245373307223812e-03
1.417044178244721616e-03
1.416188698534947199e-03
1.414750154601282939e-03
1.414404596239676303e-03
1.413340386229659275e-03
1.412519627324340145e-03
1.412267481883591226e-03
1.410570550377371161e-03
1.410039829405800417e-03
1.409717149433765493e-03
1.409002836276009073e-03
1.408025683171750973e-03
1.407006902065063847e-03
1.406554412416788401e-03
1.405910930354224665e-03
1.405187629582401202e-03
1.403601711485254590e-03
1.402277555492257178e-03
1.400517101124562494e-03
1.400890442527469651e-03
1.400284787855361150e-03
1.399109308419129154e-03
1.399160125377993781e-03
1.398942616495735345e-03
1.398376873653529948e-03
1.397630720669469379e-03
1.396826506455699094e-03
1.396091577467125895e-03
1.395263929328603540e-03
1.394223751412643902e-03
1.393097150365102356e-03
1.392465396369810737e-03
1.392312102738016161e-03
1.391264031185972553e-03
1.391242558801231632e-03
1.390435947102192657e-03
1.389991768499216880e-03
1.388982407349232014e-03
1.388671372675323286e-03
1.388399861928406266e-03
1.388025674013025493e-03
1.387930051103088668e-03
1.387309563441664834e-03
1.387197445394204543e-03
1.387817180965126738e-03
1.386718576956034706e-03
1.387367164724162072e-03
1.387063986610522675e-03
1.386273321552954551e-03
1.386280220516555254e-03
1.385768218058598417e-03
1.385571681171902025e-03
1.385207455389910738e-03
1.385671334936367698e-03
1.384217685249841982e-03
1.384215634201646549e-03
1.383362006618321953e-03
1.383522909561274482e-03
1.383879482856319783e-03
1.383233694311260384e-03
1.383083469901782861e-03
1.382914557083522169e-03
1.382320547184418685e-03
1.382341965780784160e-03
1.382342760973031713e-03
1.381759872337923233e-03
1.381266867882966582e-03
1.380545882180449517e-03
1.380142100871068660e-03
1.380082219648846777e-03
1.380004860269441183e-03
1.378340440341995323e-03
1.377948136610430800e-03
1.377817059249818090e-03
1.377254352832563578e-03
1.376430250026984461e-03
1.375760100906251414e-03
1.374734915373942729e-03
1.373076808042507889e-03
1.372969053020088462e-03
1.372183563293655770e-03
1.370458337677047745e-03
1.370393072689290049e-03
1.370060173642435267e-03
1.369682806452008576e-03
1.369044851639633631e-03
1.368314630820337838e-03
1.368307395909260918e-03
1.368554999238462281e-03
1.368017225137303349e-03
1.368788771313185319e-03
1.367896730643372149e-03
1.367740176889356346e-03
1.367992740095787122e-03
1.366983976576019270e-03
1.367573154138417490e-03
1.366701317393623216e-03
1.366619544488994814e-03
1.366330203905169894e-03
1.365484773652942850e-03
1.364837720156048982e-03
1.363551130121175509e-03
1.362856218441002012e-03
1.361854594848768566e-03
1.360682103325488784e-03
1.360314391176803243e-03
1.359477151596925329e-03
1.359538086796952851e-03
1.358715039207174973e-03
1.358772001634054065e-03
1.359002347684882834e-03
1.359102392820635448e-03
1.358938271838168151e-03
1.359300523280291412e-03
1.358946472725850851e-03
1.358283312637949877e-03
1.357957830058777486e-03
1.358615782105086506e-03
1.359143038466164004e-03
1.358271193361941130e-03
1.359010723292214656e-03
1.359315167334433031e-03
1.359271633058378075e-03
1.359378306210114835e-03
1.359402648029653816e-03
1.358908823342405790e-03
1.358400774743037144e-03
1.359471446278963554e-03
1.359413582305835566e-03
1.358562100350250035e-03
1.358760786260679266e-03
1.358358656140207753e-03
1.359002315522713205e-03
1.359244019962350036e-03
1.359372966548372556e-03
1.359470845883552215e-03
1.359012906698623020e-03
1.358629953559775715e-03
1.358866343511207784e-03
1.359409656546190686e-03
1.359457099525999968e-03
1.358977427329727088e-03
1.358699977981248173e-03
1.359060858209608673e-03
1.359122491041200257e-03
1.359471062572099962e-03
1.359256327232534782e-03
1.359133246101947847e-03
1.359772771836284316e-03
1.358952335540858846e-03
1.359466251551968204e-03
1.359465434474064170e-03
1.359463431738488918e-03
1.359106626707115139e-03
1.359263995534382456e-03
1.358978086407093989e-03
1.359437020188505830e-03
1.359558069009225495e-03
1.359083367251247504e-03
1.358502460255349821e-03
1.358375512160906774e-03
1.358483396156428148e-03
1.358422038035522186e-03
1.358694707844749312e-03
1.357766425413005221e-03
1.357735279874163229e-03
1.358252406957074273e-03
1.357841643303475850e-03
1.358240938508427365e-03
1.358423900467094865e-03
1.358671290611890769e-03
1.358269217378832005e-03
1.358339695600466407e-03
1.359179621980094455e-03
1.358567543557208336e-03
1.358725533094281472e-03
1.358314775374853955e-03
1.358106999546649426e-03
1.357748188831938135e-03
1.358256523246362431e-03
1.356951141422770100e-03
1.356644980894488196e-03
1.356137411130879005e-03
1.356162889206892529e-03
1.355997354289730211e-03
1.356278280655841490e-03
1.355925025224086070e-03
1.355549054339927686e-03
1.355176328294371976e-03
1.356310251723576990e-03
1.355362566434399098e-03
1.355431220044835258e-03
1.354418502717112107e-03
1.353910306691115915e-03
1.353430505409230610e-03
1.352621079911106626e-03
1.352264405312682445e-03
1.351714811796566338e-03
1.352135108198631881e-03
1.351479721115220536e-03
1.351143798816302781e-03
1.350211486383979566e-03
1.350492839617062520e-03
1.350547551252107232e-03
1.351265507935872981e-03
1.350416187520989955e-03
1.351050371539024714e-03
1.350476981343154935e-03
1.350351239641283882e-03
1.350633235497777701e-03
1.350756859135866230e-03
1.350228220485432187e-03
1.349829808010259051e-03
1.349562710308281708e-03
1.349911958721817075e-03
1.349011423387666293e-03
1.347756585515339639e-03
1.347627750459577190e-03
1.347679224241727248e-03
1.346995799718803686e-03
1.346561419803163611e-03
1.346594805446084397e-03
1.346341253648280145e-03
1.345887404870690180e-03
1.345622269013003157e-03
1.345508835230714703e-03
1.346019024794023120e-03
1.346553141857202750e-03
1.346118477511827269e-03
1.345910496763914367e-03
1.345946335315339071e-03
1.345631646656813511e-03
1.345862695805287706e-03
1.346235435804871237e-03
1.346039514153397638e-03
1.346700379585838176e-03
1.347153068224706722e-03
1.347067232654164566e-03
1.346594520183911139e-03
1.346734031114590327e-03
1.346078555834099785e-03
1.346749723593212858e-03
1.346689470744880882e-03
1.346101682374789641e-03
1.346775526725567818e-03
1.346835787643213891e-03
1.347336987269769385e-03
1.347085796533090823e-03
1.346687625163300742e-03
1.346263209998714268e-03
1.345929559268019965e-03
1.346552545364319668e-03
1.346005405428413008e-03
1.345966340326322334e-03
1.344831194825114916e-03
1.344957621171379014e-03
1.345575946100510982e-03
1.345144546620299529e-03
1.344665076747402150e-03
1.343887407373007062e-03
1.342968812016137430e-03
1.342628813570040987e-03
1.341825258732404040e-03
1.341705554572101460e-03
1.340715184528404194e-03
1.341577705430192389e-03
1.341515312490239135e-03
1.341092328091255878e-03
1.341409684801286861e-03
1.341581249000590439e-03
1.341452670769347540e-03
1.341477272830315188e-03
1.341372463848726753e-03
1.341620561564489536e-03
1.341793026667200761e-03
1.343002884027822991e-03
1.342842184937981503e-03
1.342450983587466489e-03
1.341868409380524672e-03
1.342272218871557203e-03
1.342547125486103421e-03
1.342880982606508818e-03
1.342366576131719591e-03
1.342424207933578823e-03
1.341950423470175333e-03
1.341516346760003803e-03
1.341617335769272872e-03
1.340804982567960065e-03
1.340859834894653864e-03
1.339779161233495015e-03
1.339597894276865764e-03
1.339795743295390477e-03
1.339545391445430252e-03
1.340896229875063921e-03
1.340590285601964181e-03
1.341157839101931541e-03
1.341027720920030981e-03
1.340907570289150011e-03
1.341030211600492553e-03
1.340623712609724690e-03
1.340529824264540112e-03
1.340604305577345560e-03
1.340127175313096707e-03
1.340499774391663628e-03
1.340379463720614908e-03
1.340620284581105909e-03
1.339877001877654884e-03
1.339692802096725593e-03
1.340205068306474104e-03
1.339374049609016277e-03
1.338977546450297431e-03
1.339059260054812619e-03
1.339247996289663623e-03
1.339175094732722926e-03
1.338102173992366823e-03
1.338080622159011114e-03
1.337694582871744742e-03
1.337498689966988607e-03
1.336691983604331108e-03
1.336693470272735810e-03
1.337076206327607536e-03
1.336473377241458689e-03
1.336327409403395517e-03
1.335343828089347864e-03
1.334795019191581215e-03
1.335228345360192853e-03
1.334513743497762550e-03
1.333172222975854450e-03
1.332937635165077185e-03
1.332104799345009425e-03
1.331090829049999492e-03
1.329850816640596118e-03
1.329185963999381711e-03
1.328378299905557921e-03
1.328328110863114192e-03
1.326846721850464400e-03
1.326306619229372175e-03
1.326555851721000897e-03
1.325737896630711310e-03
1.325840555417053066e-03
1.325914748202432821e-03
1.325907288278702426e-03
1.326076577427970924e-03
1.326216282158088847e-03
1.326726653437709184e-03
1.325898083205724045e-03
1.326636384898407378e-03
1.326869748882242728e-03
1.327625621900180471e-03
1.328786253350206252e-03
1.327963319508393631e-03
1.328860485444436019e-03
1.329161794021762114e-03
1.329620944151201556e-03
1.329912247179985399e-03
1.330128911570599036e-03
1.331431274001025102e-03
1.332096069374317767e-03
1.331940441600117792e-03
1.332596397448071327e-03
1.332077468201186242e-03
1.332127775922004823e-03
1.331819248227378901e-03
1.330200272009827121e-03
1.330558749369950989e-03
1.330410605386483751e-03
1.330108066066651700e-03
1.330286560863195699e-03
1.330582825651041752e-03
1.331115570916191178e-03
1.331227235049833478e-03
1.331377068135991765e-03
1.331114986179854354e-03
1.331122416372058697e-03
1.331824832590203277e-03
1.332338770205709075e-03
1.332877334995990906e-03
1.333298882495476774e-03
1.334598814542686546e-03
1.333833827491129201e-03
1.334611766539317351e-03
1.334794460055559878e-03
1.335193506381210328e-03
1.335302079993720215e-03
1.335062825465165547e-03
1.335019747460813953e-03
1.334857695337833810e-03
1.335120400261725860e-03
1.333820723858365276e-03
1.334423175407320342e-03
1.333620934899866712e-03
1.333639599699164855e-03
1.332439075327539061e-03
1.331793442623224267e-03
1.331423150244968141e-03
1.331883164427437446e-03
1.331336301573526372e-03
1.331180419457661480e-03
1.331429060195434434e-03
1.331281690082885280e-03
1.331566538485761363e-03
1.332076652891747140e-03
1.333276184508374717e-03
1.332839068641928672e-03
1.332025117266886225e-03
1.332864249913462114e-03
1.332350419469973887e-03
1.332465895392118431e-03
1.332607366629381561e-03
1.332554203359223024e-03
1.331769291929963718e-03
1.332172910361704380e-03
1.332187924210583583e-03
1.332622703082695032e-03
1.332484279260293157e-03
1.332009219250143098e-03
1.332418174191361566e-03
1.333449443727910758e-03
1.333610251599295915e-03
1.333917607900600303e-03
1.334549939464878049e-03
1.335544047952640480e-03
1.335145694598816220e-03
1.335695596986630511e-03
1.336320038727617249e-03
1.335561630065170259e-03
1.335883609944140283e-03
1.334942890598860704e-03
1.334544534620404378e-03
1.334323194352624378e-03
1.334519453291499545e-03
1.333965599535788310e-03
1.333867835524965703e-03
1.335071853719993094e-03
1.333725781589850147e-03
1.333834876703074391e-03
1.333345594098068587e-03
1.333352965020591970e-03
1.332965418245730775e-03
1.332730137182723366e-03
1.332839569992424296e-03
1.332315807014966720e-03
1.332587601311158295e-03
1.332111408530956649e-03
1.333139423943424315e-03
1.332727474647097581e-03
1.332868236201127958e-03
1.332451300685437174e-03
1.332645180786995107e-03
1.332983420006396674e-03
1.332899915987833996e-03
1.332895625536019858e-03
1.333035432631638406e-03
1.332492738720426418e-03
1.332530818983322088e-03
1.331624435481208821e-03
1.331191668005241415e-03
1.331524619907628864e-03
1.330215761339765797e-03
1.330718575989034728e-03
1.330696137935684711e-03
1.330132958417428032e-03
1.330567110999306265e-03
1.330646107566906770e-03
1.329607778144031860e-03
1.328602329131073432e-03
1.328488773731225855e-03
1.327786464804740774e-03
1.327393904825865337e-03
1.326386448507387624e-03
1.325412431334042039e-03
1.325643073937759608e-03
1.324803627591844427e-03
1.323511772805366447e-03
1.323403439391313170e-03
1.322439857444853090e-03
1.322197072757274380e-03
1.322315534217785365e-03
1.322048569619976551e-03
1.320793340191123112e-03
1.320887742840839594e-03
1.320463160123291598e-03
1.320590221419062514e-03
1.320065487658575237e-03
1.320050963150453619e-03
1.319884172125619214e-03
1.320361566655199040e-03
1.320039031882431655e-03
1.320051450402632328e-03
1.320402101796202578e-03
1.319923192322712416e-03
1.320520412328137503e-03
1.320372267933999635e-03
1.320814745627469288e-03
1.320600175419322630e-03
1.320817292338333834e-03
1.320747164595321467e-03
1.320640835231100306e-03
1.320672154599600865e-03
1.321377314578829881e-03
1.321038572056321440e-03
1.320738330524717742e-03
1.320833404323393332e-03
1.319849110515149441e-03
1.320725640831879556e-03
1.320544467358649495e-03
1.319834490941708708e-03
1.319772469019574570e-03
1.318794689512556295e-03
1.318003301505250120e-03
1.317735501623186131e-03
1.317505675922526565e-03
1.316688200895576536e-03
1.316350089631870921e-03
1.315942850096130491e-03
1.316099631051286358e-03
1.314800888073067208e-03
1.314063740029109252e-03
1.313527796538711172e-03
1.313374655554175796e-03
1.313201016214444235e-03
1.313599381280036987e-03
1.313796127092688691e-03
1.313853352998850662e-03
1.314216077013351421e-03
1.315030628989707993e-03
1.314398064634421121e-03
1.314411601983675503e-03
1.315031725945901842e-03
1.315663431753600872e-03
1.315194608385187279e-03
1.314840885884372215e-03
1.315236411528078768e-03
1.315147322767986834e-03
1.315213292874665030e-03
1.315537769569002577e-03
1.315696136477239112e-03
1.316588132869420157e-03
1.317746984383291742e-03
1.317741354269462385e-03
1.317632099704942657e-03
1.317992368800834958e-03
1.318446627654661345e-03
1.318117105715336385e-03
1.318781659176782592e-03
1.318850065509038182e-03
1.318787567680184628e-03
1.318923395619319913e-03
1.318473601129048359e-03
1.318924094929283366e-03
1.320677904547621186e-03
1.321060692589920297e-03
1.321731017959238514e-03
1.323452320509084686e-03
1.323783122982132542e-03
1.324577932241495330e-03
1.325464926731089810e-03
1.326131667316931455e-03
1.327693547867722125e-03
1.327703833645679571e-03
1.328909351503655689e-03
1.329461525639121303e-03
1.330448014501153450e-03
1.331117580637154610e-03
1.330765417066549945e-03
1.330190773267847515e-03
1.329800394662783913e-03
1.329219425433392264e-03
1.329336859891709242e-03
1.330890789504008114e-03
1.330327867834476228e-03
1.329928429623859027e-03
1.330328538739164804e-03
1.329746691436035086e-03
1.328349487201824176e-03
1.328805265076409567e-03
1.329260745956248888e-03
1.328914823847001953e-03
1.328620603741734749e-03
1.328982832978529505e-03
1.328589563103014116e-03
1.328806153621529644e-03
1.329026984736730388e-03
1.329428231298215076e-03
1.329404840271974789e-03
1.329508900275201038e-03
1.329562969568884876e-03
1.330004072607696847e-03
1.329932319515341951e-03
1.330898357294644672e-03
1.331222462149637530e-03
1.332044061266271680e-03
1.332845239018052349e-03
1.333552756367499667e-03
1.333210303004642898e-03
1.333737856246454368e-03
1.334242349535063243e-03
1.335496281913820015e-03
1.335605463652217439e-03
1.336837570231860220e-03
1.337617460157673830e-03
1.338230727069946498e-03
1.338290724302952477e-03
1.339252904668987486e-03
1.339727837438734869e-03
1.339247058446149403e-03
1.339024311354547036e-03
1.340332409837521844e-03
1.339960865281500163e-03
1.340266812916333754e-03
1.340153400148288163e-03
1.339765892887894621e-03
1.339587747537448982e-03
1.339303796033313289e-03
1.339237833061326368e-03
1.338886960181475847e-03
1.339165513510920434e-03
1.339775074767847159e-03
1.339774432856849279e-03
1.339859039911238696e-03
1.340355349068818444e-03
1.340413071017481110e-03
1.341349718365332858e-03
1.342392039949164397e-03
1.342543055140317521e-03
1.342763996695835313e-03
1.343347218991126826e-03
1.342927915444118133e-03
1.341873264695835283e-03
1.341815344669254834e-03
1.341849318862358819e-03
1.341724981933720834e-03
1.342580138569807223e-03
1.342056314249011253e-03
1.342420912584018971e-03
1.343116692801611320e-03
1.342729539754334298e-03
1.342447594606453135e-03
1.341370371100510279e-03
1.341117362713809685e-03
1.340299788528091871e-03
1.340535028965536253e-03
1.339775585363724370e-03
1.339827851826792295e-03
1.339340917511190783e-03
1.340039412405966916e-03
1.340197183765081497e-03
1.340538521636677489e-03
1.340291478651077072e-03
1.339702914577314613e-03
1.340002399893153390e-03
1.340035679662567166e-03
1.339302864332817021e-03
1.338907060372842434e-03
1.339083626449269655e-03
1.339815026814914498e-03
1.339874575351500396e-03
1.339747062867075985e-03
1.338924978393207397e-03
1.339091621181485742e-03
1.339171056752519679e-03
1.339304276632292739e-03
1.339247916428947926e-03
1.339702923613879295e-03
1.339563740049859930e-03
1.338581740788676640e-03
1.338864705589131550e-03
1.338353909520573247e-03
1.338680570234049728e-03
1.338753253424029410e-03
1.338646935054059982e-03
1.339038964209582480e-03
1.339040202451574927e-03
1.339622691384210248e-03
1.340134924730526948e-03
1.339365256772101541e-03
1.340211415031893841e-03
1.339657881917872238e-03
1.339895111658701617e-03
1.340056151397867176e-03
1.339968078677640333e-03
1.340100731315925454e-03
1.340599142031689622e-03
1.340416138332446066e-03
1.339814179560182847e-03
1.339533715734855671e-03
1.338772805319572538e-03
1.338864781944568063e-03
1.338771722830628353e-03
1.338503146581970305e-03
1.338732619450473367e-03
1.337869171501876713e-03
1.337628766652769041e-03
1.337947415596715166e-03
1.338094743678796021e-03
1.338719914852730831e-03
1.339590694282829023e-03
1.339422972174087595e-03
1.339541416683678095e-03
1.339957637354514562e-03
1.341135027293417770e-03
1.341419410428247106e-03
1.341573717507021663e-03
1.342619904444995651e-03
1.343378935510348114e-03
1.343284298910037925e-03
1.343588786862959282e-03
1.344256545519369531e-03
1.344530778237709332e-03
1.344609527226677762e-03
1.344563520005311605e-03
1.345572663017150688e-03
1.345263416263512346e-03
1.344815001474585717e-03
1.345386011727949839e-03
1.344863223626914473e-03
1.343866971993739386e-03
1.343969687385027784e-03
1.343454641610943414e-03
1.344343555988801670e-03
1.342640673060045827e-03
1.342424022933575226e-03
1.341582473029126520e-03
1.341901119616573752e-03
1.340991608609396965e-03
1.341649584329750048e-03
1.340915214040336268e-03
1.341202847080381205e-03
1.340625488997108884e-03
1.339674511158162789e-03
1.339151868308677143e-03
1.339035659200755535e-03
1.338432186962043146e-03
1.338444057647605054e-03
1.338584461388705538e-03
1.337859944649354019e-03
1.338000296115779246e-03
1.338619726501254648e-03
1.336915305880355485e-03
1.337098304150673720e-03
1.336736191237395321e-03
1.336581312119804492e-03
1.336177048681220754e-03
1.335972885310694703e-03
1.335128865924697711e-03
1.334161168381537603e-03
1.334485139490312368e-03
1.334406801086682236e-03
1.333800263328408777e-03
1.333149971821579209e-03
1.333160175551643001e-03
1.332799102933469220e-03
1.332760369769361722e-03
1.332120225077272581e-03
1.332599093122243923e-03
1.332297386907039909e-03
1.331959593870250900e-03
1.331811043589651222e-03
1.332043530533055624e-03
1.331918684036628850e-03
1.331568397049786917e-03
1.331290725159644519e-03
1.331550097402512192e-03
1.332144218771623596e-03
1.332053730413222887e-03
1.332048247995665409e-03
1.332680365606010676e-03
1.332015834939403835e-03
1.331568327093732513e-03
1.331923852970714290e-03
1.331733162270804741e-03
1.331669393858130089e-03
1.331971480215808027e-03
1.331964821616977946e-03
1.331882809621896162e-03
1.331686453925780755e-03
1.331714386696413290e-03
1.332452366502645319e-03
1.332349176124732236e-03
1.332755426486599646e-03
1.332833618602017114e-03
1.332927464918030099e-03
1.333310786709046526e-03
1.334275568004511265e-03
1.335174646587408351e-03
1.334345040137939866e-03
1.335626650521511572e-03
1.336639996377753234e-03
