3.952215232752796445e-03
3.952215232752796445e-03
3.977452225247593391e-03
3.973796373254292850e-03
3.946829747425726134e-03
3.935538607048626354e-03
3.921837759632508004e-03
3.906040566616845837e-03
3.889332256936159533e-03
3.880192247420788040e-03
3.868694421815995540e-03
3.868170373439801420e-03
3.851680570838824248e-03
3.843046539101033481e-03
3.822168673552070808e-03
3.805826374142522520e-03
3.792486145335084973e-03
3.785102199225167437e-03
3.773361579602132598e-03
3.771263185337104563e-03
3.759388676280749509e-03
3.747220211316809428e-03
3.737078654675096267e-03
3.725184948182716244e-03
3.718346022864036596e-03
3.719400973466569383e-03
3.701278196467253177e-03
3.710300631540860549e-03
3.685261018616798213e-03
3.687019009762473529e-03
3.681000843922804279e-03
3.664744014344256846e-03
3.651811620760670764e-03
3.640325338391764073e-03
3.637145350240186727e-03
3.624471780154456431e-03
3.630322535679169054e-03
3.623200190468235833e-03
3.607485909920849724e-03
3.615162038447982101e-03
3.612013927584726333e-03
3.605412950907573282e-03
3.602603230330548700e-03
3.580021403288504659e-03
3.586554392455370763e-03
3.592797550749384471e-03
3.580355956707702552e-03
3.584571441451178068e-03
3.577016509151769493e-03
3.579079001416752333e-03
3.573147783043085710e-03
3.564520462769327474e-03
3.557802329159907330e-03
3.546140065942185449e-03
3.546346840699353149e-03
3.542582561058925730e-03
3.541307361849681777e-03
3.547012115259907949e-03
3.534457494784784288e-03
3.537567732171598232e-03
3.530817160312715690e-03
3.530635925825490774e-03
3.540075332284636171e-03
3.532256947284106302e-03
3.531020678887494130e-03
3.529524540178037312e-03
3.509249707588061370e-03
3.522579716750105523e-03
3.515022329427393375e-03
3.520096206315566530e-03
3.522978935407082481e-03
3.519141259098885512e-03
3.519326090730172212e-03
3.519655297468812175e-03
3.523307295182545769e-03
3.519632216541931057e-03
3.527752221958510483e-03
3.515021112100189058e-03
3.518214437296933016e-03
3.521056941413602728e-03
3.520478677915111695e-03
3.519756204369922214e-03
3.525700355379791668e-03
3.506177280768786337e-03
3.512307863440538355e-03
3.509757211403989868e-03
3.504513041318820660e-03
3.504406304803323914e-03
3.502204140270169692e-03
3.507404540348519392e-03
3.502293789898471357e-03
3.500555827766300629e-03
3.504635396120487408e-03
3.496560259707938000e-03
3.507164193392385120e-03
3.504198541422161479e-03
3.497403672665730465e-03
3.480373989463515175e-03
3.480265715153921073e-03
3.487503163764078123e-03
3.503888844627529517e-03
3.504157572065783564e-03
3.496941266037801102e-03
3.493552115138924899e-03
3.497020172330507493e-03
3.500528929741853531e-03
3.495501714600240343e-03
3.509323653064087573e-03
3.501736620531515146e-03
3.501902839021805904e-03
3.519145551272890183e-03
3.522977202140475418e-03
3.517601364479937091e-03
3.533356650000752091e-03
3.532458805576216450e-03
3.541476628040963852e-03
3.543246768776693242e-03
3.557217036590528021e-03
3.552841268214847192e-03
3.555278046162150315e-03
3.559111370940752726e-03
3.557849014446225547e-03
3.554254646734634777e-03
3.559989920351891868e-03
3.559606874120896641e-03
3.558065882367796463e-03
3.568430505601468718e-03
3.570522415695018791e-03
3.570449763060961051e-03
3.582046882854428207e-03
3.588997384918198030e-03
3.590150507992434428e-03
3.586553970767081875e-03
3.601751999236530149e-03
3.596994078847825897e-03
3.603212208311652818e-03
3.605975248347881735e-03
3.602382356674127626e-03
3.597447549122609074e-03
3.601693315141186579e-03
3.602422937292449473e-03
3.613902097144640856e-03
3.601600381214187328e-03
3.613573932541716289e-03
3.603272090929256124e-03
3.607664647911498334e-03
3.594701261579750107e-03
3.596751376505931061e-03
3.600244150535700932e-03
3.614541331056560832e-03
3.612778579145349816e-03
3.611458403767945410e-03
3.620921641763931529e-03
3.617743048798245480e-03
3.615724826415489708e-03
3.627981413212473527e-03
3.617728725242646496e-03
3.625259929899537614e-03
3.620608591890038270e-03
3.640025223857197827e-03
3.624939542408728808e-03
3.618174449997277765e-03
3.624691751917833750e-03
3.632110164584952030e-03
3.620058449074726840e-03
3.619882349840320389e-03
3.629194285155703820e-03
3.627112606623105091e-03
3.626220827425332555e-03
3.623234606276881480e-03
3.629820093336003604e-03
3.623123342721092186e-03
3.628868580804424024e-03
3.629447441757172130e-03
3.629384257459278978e-03
3.641245739573981469e-03
3.636017253664987087e-03
3.641645994208133133e-03
3.637837612700366673e-03
3.643798691418772238e-03
3.642742223889851999e-03
3.636977059946832659e-03
3.638762985496221767e-03
3.639922880328612387e-03
3.650024885397412915e-03
3.656644106840967624e-03
3.647223726895773392e-03
3.661021158959724270e-03
3.657599644455326003e-03
3.652067790767981204e-03
3.652624260861782410e-03
3.664804358115923005e-03
3.659540576449101749e-03
3.654350855295572000e-03
3.646682727315274462e-03
3.655279765268078067e-03
3.658217491060483575e-03
3.652399153681828731e-03
3.647145400974515384e-03
3.648105246593413668e-03
3.640567036367182638e-03
3.634702445907410460e-03
3.629035966205817684e-03
3.636258840535128330e-03
3.632157539110593414e-03
3.636176858856588357e-03
3.634380509096816342e-03
3.633178666399152369e-03
3.634941786624601000e-03
3.627384999064339494e-03
3.628557079169791953e-03
3.632384657970195475e-03
3.630104660543597567e-03
3.631194394883455710e-03
3.628003383514627912e-03
3.628110761273653853e-03
3.620035720453918925e-03
3.623859463607152342e-03
3.628343027268734165e-03
3.622928634812221538e-03
3.638140974358084877e-03
3.634060769670728781e-03
3.638494272142812989e-03
3.631823827746708151e-03
3.627625227824906283e-03
3.632563159628302441e-03
3.636025676235828379e-03
3.636870975036987294e-03
3.633829395284991683e-03
3.646635642579299300e-03
3.638256939606559093e-03
3.655075487741191870e-03
3.651027440105501353e-03
3.649354553688105834e-03
3.645632837753120126e-03
3.651621112925959242e-03
3.661765816696836880e-03
3.661834457487184950e-03
3.671404902169075196e-03
3.666147715130359686e-03
3.657889489086362227e-03
3.669943610191143436e-03
3.665257017035059451e-03
3.658724489852263270e-03
3.649562905562058358e-03
3.660155465454990095e-03
3.664397569984965703e-03
3.668221884222206894e-03
3.667080112995360543e-03
3.661963472227533836e-03
3.666089642896128674e-03
3.663351589684504372e-03
3.667339919630860975e-03
3.661041924176639158e-03
3.663986761476345673e-03
3.660401437744379999e-03
3.673249957987572908e-03
3.673674801792250252e-03
3.673403521304829597e-03
3.670186340854682781e-03
3.669867511816165672e-03
3.672944407428037090e-03
3.679178299327571372e-03
3.680555337406699653e-03
3.675447171451544457e-03
3.671077956139350007e-03
3.683652315633609026e-03
3.687226483821863694e-03
3.694229570901863373e-03
3.676672853290991871e-03
3.693698508818231505e-03
3.675212484180599010e-03
3.688624464070879971e-03
3.688236490842722488e-03
3.693289250950917806e-03
3.681945929954656086e-03
3.684681298037656601e-03
3.673951273655282415e-03
3.675590283152018172e-03
3.674730832531073344e-03
3.672533186895071862e-03
3.670660208660011213e-03
3.668715360113433775e-03
3.667404995582109351e-03
3.670294732980237430e-03
3.661467541855085387e-03
3.668868775255568117e-03
3.679642074068726742e-03
3.679765832130703091e-03
3.675514713958274830e-03
3.670714842400014596e-03
3.669363752325647664e-03
3.675380121123545014e-03
3.675050570964627592e-03
3.668998902776226308e-03
3.679294066309807092e-03
3.680965882789737163e-03
3.665429009627240407e-03
3.671286290759682124e-03
3.671796720353973260e-03
3.667281342891881221e-03
3.665034635334094536e-03
3.679637055402966428e-03
3.666735117421979651e-03
3.668507999410971620e-03
3.667631360295082587e-03
3.659967618483512316e-03
3.674767675882433578e-03
3.670177623301452280e-03
3.674361007947514728e-03
3.675736689883888058e-03
3.679746741976874704e-03
3.676839840694330445e-03
3.678395916377746357e-03
3.684882285304216885e-03
3.666624328851924696e-03
3.667426088806675227e-03
3.663649541185099064e-03
3.669240478631013123e-03
3.666336387713859789e-03
3.658733149047336489e-03
3.662914176807274304e-03
3.666135395107427732e-03
3.660447561605034445e-03
3.659422214362554465e-03
3.660890821751834091e-03
3.667426764748260050e-03
3.666231570221822281e-03
3.669670961335793832e-03
3.668790343168018640e-03
3.675837612181973892e-03
3.675369787104215517e-03
3.674078507546755818e-03
3.669900101039326890e-03
3.667484543135610207e-03
3.673030222157757773e-03
3.673239988299399367e-03
3.679664118032931978e-03
3.685763854792048228e-03
3.682300118964060721e-03
3.680770312655946147e-03
3.691997562294555349e-03
3.689830144589471318e-03
3.687762404350324302e-03
3.683428687709594442e-03
3.692021906123914808e-03
3.690189314249441976e-03
3.685202613194491546e-03
3.679467633430293528e-03
3.688815873268969092e-03
3.682872786746927817e-03
3.681910161603533550e-03
3.683943410395082788e-03
3.690471395176115645e-03
3.680625970963073267e-03
3.680738595331009555e-03
3.683349265778553504e-03
3.690143942733291500e-03
3.680344299627947343e-03
3.672425782808544543e-03
3.691011639874367152e-03
3.690088821379675869e-03
3.677393442527623641e-03
3.680893939251446770e-03
3.680219961201720846e-03
3.684318392825342361e-03
3.688447709279562680e-03
3.688307608398935008e-03
3.691714193576357654e-03
3.683557836067156109e-03
3.681010173425632980e-03
3.675726429105717792e-03
3.683186170879641785e-03
3.693222674967692760e-03
3.692319448944814380e-03
3.685974763016138401e-03
3.682967378613309639e-03
3.689934033517350970e-03
3.695020928174797253e-03
3.687428458148299653e-03
3.681612599196172186e-03
3.683040556055336163e-03
3.678942988986921153e-03
3.683575833365550310e-03
3.684104904502699847e-03
3.686163549836738319e-03
3.694714509274287222e-03
3.695779197768478842e-03
3.690020914125824534e-03
3.681697500454054767e-03
3.682306819462756106e-03
3.667596892465837741e-03
3.669216696270142988e-03
3.667599710802560593e-03
3.674385959822048294e-03
3.663837103403659416e-03
3.667543758116812921e-03
3.667809149785350963e-03
3.669838148308175122e-03
3.687885064920036482e-03
3.689953897611553384e-03
3.678076437089196175e-03
3.683397691415708254e-03
3.689941709402781277e-03
3.693262674658169282e-03
3.679808079118486626e-03
3.692021807786621639e-03
3.683596870028117611e-03
3.677090093188169033e-03
3.671525610736373936e-03
3.678178862799964116e-03
3.681397073853670890e-03
3.683530026698955077e-03
3.679580989775289510e-03
3.680833119871673460e-03
3.678821698403335685e-03
3.679354137536190034e-03
3.685368760220925338e-03
3.677542306836447533e-03
3.681699163335260330e-03
3.677976110306509488e-03
3.685611942017010499e-03
3.701664992604215745e-03
3.711506340681399591e-03
3.711829769722045039e-03
3.704771979152150351e-03
3.699038167443889896e-03
3.694636396626876148e-03
3.702686421351696761e-03
3.694723822228955946e-03
3.710639867702665313e-03
3.709547429269833326e-03
3.707996019441822579e-03
3.718596190332654813e-03
3.720639873366910887e-03
3.713594502029292019e-03
3.714974925604726339e-03
3.711164023918363253e-03
3.703488010802497357e-03
3.708341494270024196e-03
3.705159141493294915e-03
3.709340015174332050e-03
3.713259201187811640e-03
3.700392954546200160e-03
3.700608939574836966e-03
3.698417318870152355e-03
3.689302867944001165e-03
3.698293977354839487e-03
3.698515677236905320e-03
3.706862300973029489e-03
3.699466594142231720e-03
3.695162441286333095e-03
3.695950460360287581e-03
3.693130033106173382e-03
3.693678583562782884e-03
3.687747641542578943e-03
3.682622357792579397e-03
3.693156171660522125e-03
3.691974663900267871e-03
3.691505188069632223e-03
3.692678560798688323e-03
3.693712292285063377e-03
3.693799882993696604e-03
3.689960874354111624e-03
3.687084975064168057e-03
3.683222176291478696e-03
3.683978087712235557e-03
3.683665534369557747e-03
3.686246454817528918e-03
3.696519064500374332e-03
3.690735694197657801e-03
3.708641444608046060e-03
3.702098002779420811e-03
3.704246888815964853e-03
3.712163935522878877e-03
3.715625983095588621e-03
3.716128839966660428e-03
3.724258519201858412e-03
3.730355225347809726e-03
3.734844149487315940e-03
3.734299312802953630e-03
3.724307467016144124e-03
3.739762285955563689e-03
3.743640148793373357e-03
3.730098180700869032e-03
3.733279589532786241e-03
3.744750339234590320e-03
3.741929873310219021e-03
3.737378748430606953e-03
3.746935302433718109e-03
3.745006449132565283e-03
3.740302353275644885e-03
3.741413366798633858e-03
3.733699968827042508e-03
3.731332144714396681e-03
3.723689571085247747e-03
3.737514832177904651e-03
3.731675145784805071e-03
3.736993976469541595e-03
3.726294367236361767e-03
3.739803725165835244e-03
3.724451863613510716e-03
3.728964957694884310e-03
3.734118801997473452e-03
3.726073376628413671e-03
3.731349877800505584e-03
3.728181501071169916e-03
3.727369514088444032e-03
3.727918725976486162e-03
3.736714616614338937e-03
3.737817684669616624e-03
3.736780735595523605e-03
3.738179640071001737e-03
3.734655679793767637e-03
3.733994770469509835e-03
3.740649076956318025e-03
3.733526734454858075e-03
3.721113744008811442e-03
3.720370984523138549e-03
3.722378950801456809e-03
3.736776825026411151e-03
3.729187595997403033e-03
3.730233556403181241e-03
3.723733925185654988e-03
3.723253179006800421e-03
3.717411518279360293e-03
3.711330268512161388e-03
3.695443263906160458e-03
3.694249410718762529e-03
3.697271026461524182e-03
3.705557163244597909e-03
3.703649684505632127e-03
3.709283926063883848e-03
3.708896763704966175e-03
3.712331402824561605e-03
3.707438417984610431e-03
3.707702533822451307e-03
3.704215575048770605e-03
3.696503663504667730e-03
3.698563151751712522e-03
3.694008940511409132e-03
3.691292064620634895e-03
3.701681512090776102e-03
3.689703649074667618e-03
3.697957891934763874e-03
3.705303073067215975e-03
3.699763873597489063e-03
3.715013393280645546e-03
3.716184238871161980e-03
3.711216394689854405e-03
3.713362932471540086e-03
3.715037968450664741e-03
3.710327591545930538e-03
3.717821621552130137e-03
3.702431311941942280e-03
3.689103723939136069e-03
3.702560444334302998e-03
3.703437632226411376e-03
3.707270678817669099e-03
3.695229236915635075e-03
3.697013074316901453e-03
3.696793786402695434e-03
3.706531189391429511e-03
3.708207225142932332e-03
3.703852595207369168e-03
3.698245116206463467e-03
3.708301429969911456e-03
3.688750459523853185e-03
3.685353427123945307e-03
3.679791551861812289e-03
3.675938715839152399e-03
3.675412392499792080e-03
3.678346091830006145e-03
3.681400192925861521e-03
3.683496317900300781e-03
3.683080417429650342e-03
3.678926190128157039e-03
3.690222630832123030e-03
3.689726992109112688e-03
3.691592571804497031e-03
3.695241650039808156e-03
3.701358401419700076e-03
3.700610710356287691e-03
3.689464050004642726e-03
3.696500877124081399e-03
3.684580966501771644e-03
3.684267466773211413e-03
3.671277709976372532e-03
3.672409083481171805e-03
3.670818883943063014e-03
3.662505772090075395e-03
3.666844843613816657e-03
3.671418461784341745e-03
3.686359426217070915e-03
3.680395651149921676e-03
3.673263863294862208e-03
3.672434341741763388e-03
3.659594071148591313e-03
3.668194260734627954e-03
3.674398362702583406e-03
3.672437102235722676e-03
3.682482676101624715e-03
3.674043165002849592e-03
3.674245346183708898e-03
3.684105041378669607e-03
3.680814704839461236e-03
3.695894295908887153e-03
3.689898397816648596e-03
3.686857813997144843e-03
3.686256456070742971e-03
3.687360613228965640e-03
3.686040056693073216e-03
3.690591215001849234e-03
3.700106093685406970e-03
3.696176671329136180e-03
3.694917586896232821e-03
3.690753978364811651e-03
3.699848579227239028e-03
3.693531601885891719e-03
3.702552192550808644e-03
3.699054632922243492e-03
3.705456653949172358e-03
3.703829846249277313e-03
3.705902128314063002e-03
3.704157093187445630e-03
3.703156866074524579e-03
3.709664164661951712e-03
3.700850311932039980e-03
3.694236682591424403e-03
3.686910275933930493e-03
3.692274282453398507e-03
3.693709047705905513e-03
3.692289454893778536e-03
3.704929205685040215e-03
3.706888933775361484e-03
3.712915467953240185e-03
3.698300258286630650e-03
3.700156495777151989e-03
3.694857803485510073e-03
3.700945388995698256e-03
3.687357695109444878e-03
3.691011361195163740e-03
3.700640413531893456e-03
3.692363338129911379e-03
3.697169279280685100e-03
3.693834614919102189e-03
3.697020121402918615e-03
3.704783926220119386e-03
3.706773538999845637e-03
3.698722206199916724e-03
3.695999360398634272e-03
3.688679353525277892e-03
3.678154081227360227e-03
3.679631356397721278e-03
3.680286048805185648e-03
3.680957911117358969e-03
3.683139781862129498e-03
3.682697991074281203e-03
3.679236949916910981e-03
3.683944810505902171e-03
3.675775952721354115e-03
3.668166238365287626e-03
3.668444610897467900e-03
3.657039588051501540e-03
3.656651948040612072e-03
3.654269138699426864e-03
3.647753869088293192e-03
3.647520678599752795e-03
3.647158368484829192e-03
3.648088731475413946e-03
3.638257379097505767e-03
3.641131376424132024e-03
3.637629311045785345e-03
3.640964933285735158e-03
3.644492411090474639e-03
3.643468217461809811e-03
3.640407667747934655e-03
3.647770761550852593e-03
3.644703487107977223e-03
3.655771386023489583e-03
3.651378137275664189e-03
3.657569927990961690e-03
3.655313715808399411e-03
3.661580795906741338e-03
3.648511021179125409e-03
3.664182911101529928e-03
3.676472007041079165e-03
3.681040202704607880e-03
3.679164041206818298e-03
3.686471981881486466e-03
3.679978196956889581e-03
3.674279155925642970e-03
3.679590071349065489e-03
3.682506817251211470e-03
3.693388651300623816e-03
3.690146868704355897e-03
3.677239007032035659e-03
3.678571102741343048e-03
3.671287066059495622e-03
3.679279749962285559e-03
3.683207984036406587e-03
3.664302489352157677e-03
3.674936453595461713e-03
3.669397779797487890e-03
3.667593854846435634e-03
3.680877256333983487e-03
3.672821708057194632e-03
3.688705420968630203e-03
3.669169809266204299e-03
3.670091771212200329e-03
3.669100716656444484e-03
3.671518597379767532e-03
3.665847737858443905e-03
3.679326827203797771e-03
3.686152637325931444e-03
3.696728324062765591e-03
3.702552169876481818e-03
3.699358941975496549e-03
3.705395892594055742e-03
3.703374915038965334e-03
3.707742435809278838e-03
3.706927273179284367e-03
3.709491477902420852e-03
3.697208751858960512e-03
3.694241433962847879e-03
3.696736435968180773e-03
3.688323161489872118e-03
3.676512197685307629e-03
3.673197778979015414e-03
3.679223903452554217e-03
3.688717814140526907e-03
3.689865853840719988e-03
3.684045638142344030e-03
3.679034315786876546e-03
3.680272571630421440e-03
3.669575105108711238e-03
3.675258247473745313e-03
3.674353197899680144e-03
3.679302480561706494e-03
3.687489338901295439e-03
3.693932983182807335e-03
3.690392098915482814e-03
3.686292044142928763e-03
3.682180164773887418e-03
3.697595653936449830e-03
3.694591441081009932e-03
3.685902973170555007e-03
3.685672634547317982e-03
3.678554971844878122e-03
3.699653622980713253e-03
3.690453317356107328e-03
3.692096615858470737e-03
3.693356611862228921e-03
3.700023683864888096e-03
3.687662837457818775e-03
3.687846395916667339e-03
3.679737153349235419e-03
3.682736576525830370e-03
3.688135309431090064e-03
3.695209317673708166e-03
3.683566743813986629e-03
3.680719157724768407e-03
3.686119321310200522e-03
3.689013693513077362e-03
3.700971492697177276e-03
3.689928459043095074e-03
3.682307304149561554e-03
3.675488413924994733e-03
3.679943225975688438e-03
3.682690627341729962e-03
3.680668363053146794e-03
3.685553974691865679e-03
3.690911054871108803e-03
3.701124178892773505e-03
3.694821953463093677e-03
3.688909196735833985e-03
3.688899516247531093e-03
3.682582588276917847e-03
3.683130752481249791e-03
3.675815228424311829e-03
3.674239283143145365e-03
3.684239641065573632e-03
3.690188256732424010e-03
3.680391236422836908e-03
3.681869457118541744e-03
3.692185857727514620e-03
3.685537705702143872e-03
3.686561137056826917e-03
3.677420835913432044e-03
3.671124413561751686e-03
3.674834974380771467e-03
3.670335072451443980e-03
3.666599206088824378e-03
3.661137104268225202e-03
3.656352742356842097e-03
3.655523592009261857e-03
3.660359481836167935e-03
3.650808824905746319e-03
3.644299516375125100e-03
3.651437698595963195e-03
3.636901354055427013e-03
3.633259408100727918e-03
3.630459391742956593e-03
3.623381796676674021e-03
3.616144555043257838e-03
3.622505234443030783e-03
3.620671522477403141e-03
3.628228265784177922e-03
3.636119917423931251e-03
3.629110146092985861e-03
3.641170872781818602e-03
3.638135816877873310e-03
3.636123448835451664e-03
3.643695713346376940e-03
3.644253503461289227e-03
3.639482373632595223e-03
3.643688245966638078e-03
3.646707099543297116e-03
3.639370061631776784e-03
3.643985750485759668e-03
3.655774725407960352e-03
3.642611184346927072e-03
3.652940682824316974e-03
3.651272521520207339e-03
3.659118381396633292e-03
3.659171011787076214e-03
3.656724005199473316e-03
3.661767661826590727e-03
3.674439921491365248e-03
3.669044237807150919e-03
3.666927970680526356e-03
3.673141164327403240e-03
3.668708342006127103e-03
3.664023681565824805e-03
3.654058115764612698e-03
3.651062445575187915e-03
3.656306258066179763e-03
3.647639471137948362e-03
3.647434671141678870e-03
3.653496706499863821e-03
3.642078113493472415e-03
3.641259560319060236e-03
3.642082498821505414e-03
3.639031327192422931e-03
3.640841679329920571e-03
3.634252531934274114e-03
3.647247441612095145e-03
3.644138075708340963e-03
3.642123474659416955e-03
3.649943025869697120e-03
3.657097543554702762e-03
3.656232662183037715e-03
3.657483024446483034e-03
3.646933415177944747e-03
3.642122236185038348e-03
3.645587272103146485e-03
3.647600677683200763e-03
3.642816981111197602e-03
3.636247770498980160e-03
3.649693346250756226e-03
3.656829008099906925e-03
3.660717561523736327e-03
3.661473872060107878e-03
3.663851599421457435e-03
3.659185264720510831e-03
3.658141118447359296e-03
3.668860868917526823e-03
3.665996049985884714e-03
3.675434361597988957e-03
3.680825558394986482e-03
3.680164588993557143e-03
3.670355781837537999e-03
3.660834074919926996e-03
3.675946135550182872e-03
3.661151493755041269e-03
3.664938894781981111e-03
3.675100708622760018e-03
3.676578152152079355e-03
3.677517960571831217e-03
3.677564752651705637e-03
3.671713599649204050e-03
3.677038791480511434e-03
3.684034615796006294e-03
3.671427841238336480e-03
3.666694449144671832e-03
3.671318662249537131e-03
3.679528491967414775e-03
3.673539984556150988e-03
3.673841892723283056e-03
3.668629123339629816e-03
3.672888903395934036e-03
3.680943386421936872e-03
3.675076649988413130e-03
3.688186497916485802e-03
3.685502056701146171e-03
3.685445824591602765e-03
3.684876574694491772e-03
3.689248150628064282e-03
3.689770796433627150e-03
3.691101580173344714e-03
3.673613416087226358e-03
3.664116281022447748e-03
3.673703164976013270e-03
3.664980535623186403e-03
3.663249923367276669e-03
3.646482341488681885e-03
3.652273167826861934e-03
3.641804582204930321e-03
3.642013698273650207e-03
3.636144656161862266e-03
3.642214909888039434e-03
3.642606775059738667e-03
3.649324784645072237e-03
3.649621325722226129e-03
3.657761458995913584e-03
3.654196287273170710e-03
3.659525325805562928e-03
3.650786631145932874e-03
3.649266990921773424e-03
3.643142857318002435e-03
3.650663781729972159e-03
3.649040231645181431e-03
3.648573897183542743e-03
3.639425816873741778e-03
3.646870695167825620e-03
3.643360227357602798e-03
3.637166632048246910e-03
3.628985175093045034e-03
3.630722787097004182e-03
3.630221639898076249e-03
3.626238279971034147e-03
3.631873814993625410e-03
3.636825544348364775e-03
3.640067785196266816e-03
3.635113309130611012e-03
3.639330174652715116e-03
3.625950301043332803e-03
3.630169121437502346e-03
3.634753247253257914e-03
3.637412578153683806e-03
3.651224858952893410e-03
3.651019630584815840e-03
3.649800357493623165e-03
3.642175207262147649e-03
3.642554326781884642e-03
3.641950660485036590e-03
3.629429890589241231e-03
3.625671775516869921e-03
3.617741113962129069e-03
3.621318992940672499e-03
3.622522706455493912e-03
3.617031981796017901e-03
3.626877825337669007e-03
3.621766044092584839e-03
3.635439784215721733e-03
3.628439471737376389e-03
3.626319712131801688e-03
3.633992220659275092e-03
3.631000162128109662e-03
3.628631723371408564e-03
3.624999424217156905e-03
3.618567858857668629e-03
3.618197304856650420e-03
3.633095231619053178e-03
3.643977072008872890e-03
3.639747975471965390e-03
3.640458330559991334e-03
3.643035077888665766e-03
3.629111180079956558e-03
3.622292534407733390e-03
3.626109704755676316e-03
3.628970578410553854e-03
3.632098594749266600e-03
3.637317385846384078e-03
3.642034034571693321e-03
3.655635918473819964e-03
3.644529134535654837e-03
3.650889783317725831e-03
3.651938638735597372e-03
3.660176566595005083e-03
3.657897490123245172e-03
3.664357883965210089e-03
3.668154670574779591e-03
3.663128685430323481e-03
3.670786458379825951e-03
3.649763930213244419e-03
3.663986619923855891e-03
3.662347231172936087e-03
3.663527828265662842e-03
3.670784783350350584e-03
3.661670420973082030e-03
3.671864726010226274e-03
3.671485035284996652e-03
3.654577666660175413e-03
3.675703589112602667e-03
3.656389174140033463e-03
3.663587725113378896e-03
3.659737620564558220e-03
3.654847481728916436e-03
3.643261726388093841e-03
3.637014253312876796e-03
3.634961088478162652e-03
3.639584506984082715e-03
3.633674071752083807e-03
3.634749968107056813e-03
3.643043610105378433e-03
3.651390992588810207e-03
3.643535742173165635e-03
3.645539718467017375e-03
3.645935517441496656e-03
3.633627837084272942e-03
3.627014673657887305e-03
3.644589315939130488e-03
3.639723895238212211e-03
3.634185065264189298e-03
3.635210326607246720e-03
3.634924438938836547e-03
3.618936670762177687e-03
3.623343622604692418e-03
3.613284310777143196e-03
3.618399481728957513e-03
3.609439341898396190e-03
3.606815289814736206e-03
3.607708082202606536e-03
3.602051192140674242e-03
3.607432689229837092e-03
3.616732380887507838e-03
3.603288102729138628e-03
3.609295776414370507e-03
3.617102763230831478e-03
3.619723447773704004e-03
3.612032090270994502e-03
3.625681249809689383e-03
3.618317968062845398e-03
3.616061955401679053e-03
3.615040061593331917e-03
3.610185468931039095e-03
3.612007514212043583e-03
3.606984477221796513e-03
3.608060359833200302e-03
3.603821631672429748e-03
3.592630224960401738e-03
3.590396881606487504e-03
3.594619340158382650e-03
3.585796835545349091e-03
3.593126876184292093e-03
3.587040715404079400e-03
3.591707106562884791e-03
3.599558563550486322e-03
3.595638322113863319e-03
3.591590522844244002e-03
3.592359400651641468e-03
3.582508933225884030e-03
3.588023507623849719e-03
3.600408676780629622e-03
3.605309882323885079e-03
3.615610131267542413e-03
3.620477919920166935e-03
3.632209372741409745e-03
3.632614020534482690e-03
3.627752191389065333e-03
3.632144275028658179e-03
3.634505026057413719e-03
3.642193720692723114e-03
3.643518694434574184e-03
3.641609426779320296e-03
3.637237711694820894e-03
3.645959669827182701e-03
3.646812503142596307e-03
3.645364195504026492e-03
3.641405745027828829e-03
3.657589348245382770e-03
3.643794177218182082e-03
3.651187894637253351e-03
3.644277320660619171e-03
3.647572878960705402e-03
3.659727965191031471e-03
3.643603371703686093e-03
3.640334425986464263e-03
3.639066442781123227e-03
3.629883381580114275e-03
3.633530948743399214e-03
3.631795598296632451e-03
3.632797127747373119e-03
3.638883584225328146e-03
3.640569497737609125e-03
3.637670934094137942e-03
3.652417201536276633e-03
3.645275921384001118e-03
3.643736148593977250e-03
3.643270236368046765e-03
3.650416720251565064e-03
3.642400584681804773e-03
3.635168008435923654e-03
3.646574218864535085e-03
3.650824846869377138e-03
3.652797881068667405e-03
3.655277200597742589e-03
3.654894012224566956e-03
3.656477388994654187e-03
3.658860735164962217e-03
3.658825657004429691e-03
3.652648119219135958e-03
3.654783826349384743e-03
3.658743615527640901e-03
3.651175484874068840e-03
3.659773999392105810e-03
3.655207636818368598e-03
3.653643204184035820e-03
3.659625035706170343e-03
3.654150059250215951e-03
3.658193244747434680e-03
3.644569299946368371e-03
3.636059551721367890e-03
3.630431109831511877e-03
3.628679729136314799e-03
3.636547518395399480e-03
3.635365889172710065e-03
3.630543469036158835e-03
3.638060238007861935e-03
3.650360251801187603e-03
3.652093772480193012e-03
3.656548904209072550e-03
3.655941757775840132e-03
3.652440162346652034e-03
3.651105043680383071e-03
3.646809626695446394e-03
3.641956268539510520e-03
3.650946783149215582e-03
3.650383323384258274e-03
3.651104868063697814e-03
3.640832776719651800e-03
3.652758913173930876e-03
3.657098912589962919e-03
3.666336589607964522e-03
3.676547105818042758e-03
3.667317269403889621e-03
3.664783943672583668e-03
3.675792834547577954e-03
3.673296977695456218e-03
3.672302603255989985e-03
3.667351285833727464e-03
3.661127452350477519e-03
3.672225403154621547e-03
3.672531482502597484e-03
3.674725355142028412e-03
3.664661301240866066e-03
3.666228929464940885e-03
3.656434214702342783e-03
3.661753171082847338e-03
3.660321407398432932e-03
3.659087620173815183e-03
3.668336441673032688e-03
3.669775010575590003e-03
3.661167345380479318e-03
3.668686616639515487e-03
3.655791684854280306e-03
3.654161528128887799e-03
3.663498015609974092e-03
3.663564760859282492e-03
3.664914842005283658e-03
3.675438461637753253e-03
3.663311323907065056e-03
3.668563744081236849e-03
3.657735476172194623e-03
3.665123627036608565e-03
3.660142424376431475e-03
3.663184404463762280e-03
3.666051573857302421e-03
3.671023822331126625e-03
3.678349854012867830e-03
3.684278304947653966e-03
3.686223830446689470e-03
3.682288929444509779e-03
3.684234856835867222e-03
3.682649618123120475e-03
3.679854186990634112e-03
3.678662363327164005e-03
3.680843424509595060e-03
3.682692718413154483e-03
3.680777937400078661e-03
3.681709565162282448e-03
3.680938848383224701e-03
3.672151575484952895e-03
3.667757335924760453e-03
3.667199397632380908e-03
3.680255534870242179e-03
3.680295644605589920e-03
3.676118009428934550e-03
3.681855483967159687e-03
3.679123125208899527e-03
3.674596914586393190e-03
3.681098983489511454e-03
3.675217428429643912e-03
3.676181082416871224e-03
3.673913854425512118e-03
3.676858651715907665e-03
3.681324688121079356e-03
3.690493907392511375e-03
3.685083710919305217e-03
3.686010385899604353e-03
3.698771731778098624e-03
3.696338160276365498e-03
