3.938089569531641118e-03
3.938089569531641118e-03
3.427012967858222500e-03
3.305795141269369727e-03
3.092148002638690774e-03
3.070459617051821740e-03
3.130401357140601051e-03
3.256096339479742485e-03
3.433443278622978854e-03
3.537779223972118206e-03
3.783298086636856152e-03
4.260123945392278559e-03
4.864763691771314090e-03
5.249351439487162131e-03
5.626122257661525690e-03
6.189538312271159956e-03
6.641961762617360800e-03
6.986600968430769533e-03
7.176766542503353226e-03
7.702076832117078775e-03
8.337930548994404098e-03
8.515110753379139669e-03
8.881851166799967570e-03
9.299604260344321999e-03
9.910897849273771210e-03
1.031920929907063217e-02
1.060826410244167586e-02
1.126541703902435472e-02
1.200143140418095597e-02
1.272518665896193654e-02
1.342046949825486009e-02
1.403758922695316422e-02
1.470329739820552296e-02
1.546585244845784246e-02
1.610441741100883395e-02
1.653433200551481311e-02
1.704131121395040249e-02
1.754226569995320784e-02
1.827435796934973045e-02
1.916849493548158923e-02
2.030184744311987546e-02
2.048085708085335688e-02
2.134801019969480643e-02
2.249800141012823357e-02
2.298807978004177924e-02
2.316833116288093825e-02
2.362649061002621703e-02
2.459664189239426854e-02
2.567820456539509147e-02
2.634528001406497011e-02
2.739563837916024827e-02
2.767249851361843621e-02
2.891824401939436379e-02
2.976910327874914344e-02
3.014564366570529966e-02
3.145825474567258417e-02
3.182787130563982658e-02
3.235281618958194688e-02
3.342519611209614216e-02
3.344235407988267045e-02
3.444878192029356828e-02
3.535771102912252384e-02
3.573447016750121857e-02
3.638975315207407246e-02
3.732599122808170217e-02
3.810521444142393743e-02
3.906481294840687818e-02
3.979018623102718866e-02
3.977017613052268724e-02
4.051295832784698736e-02
4.087917864296623099e-02
4.121108611526375087e-02
4.175568844801734458e-02
4.219894197005863434e-02
4.292764163012144363e-02
4.326167171950197343e-02
4.358484298706884197e-02
4.409156517987510709e-02
4.436302461121614804e-02
4.528411423644860406e-02
4.576083421651599981e-02
4.617195157838449582e-02
4.665719567935957407e-02
4.760238917150809435e-02
4.749416624806469117e-02
4.784696536496666625e-02
4.798985240837939231e-02
4.868748808060532202e-02
4.904765559459250274e-02
4.955648773757155567e-02
4.962682097524925839e-02
5.017657188150924374e-02
