3.967177345828656193e-03
3.967177345828656193e-03
3.688357348794133080e-03
3.554002096432102003e-03
3.355039306583467145e-03
3.200337067639971028e-03
3.072046906446045979e-03
2.978133154528454264e-03
2.881574117370410294e-03
2.776439146836113918e-03
2.715868162396269363e-03
2.644452655978690465e-03
2.581759726241513852e-03
2.519921785784915054e-03
2.464897762405548164e-03
2.403394880148329322e-03
2.356137385729780917e-03
2.306169625340543945e-03
2.264838033845344850e-03
2.222085637402500518e-03
2.179173748863487241e-03
2.138691862590686669e-03
2.112477417864079467e-03
2.086807183277823025e-03
2.060931409641512772e-03
2.036113335961540257e-03
2.012289782301599807e-03
1.984087813507203705e-03
1.962816372552645457e-03
1.928405373758538448e-03
1.906730796215227140e-03
1.884598554649685688e-03
1.865993775364042538e-03
1.845087757321681524e-03
1.829337457635298687e-03
1.817687610848836696e-03
1.793875140515026161e-03
1.782058220496249507e-03
1.762435177748078105e-03
1.748372351185531167e-03
1.732979497087520828e-03
1.720509513352465412e-03
1.706060068029769229e-03
1.687767513623548597e-03
1.677208148531636120e-03
1.660731113483703046e-03
1.655395346262849817e-03
1.645255150357943742e-03
1.637756003706329058e-03
1.629905683399253489e-03
1.613208422065149630e-03
1.605063352701365399e-03
1.590552366395314981e-03
1.581125454881141283e-03
1.565195301713475512e-03
1.561585951986547201e-03
1.548914056368216711e-03
1.534816513948365465e-03
1.531161155316289628e-03
1.521169090899227331e-03
1.504506266531898621e-03
1.494813829866286367e-03
1.488611604879370260e-03
1.482504658043615631e-03
1.469316031856237291e-03
1.460302897959133176e-03
1.455279405608125723e-03
1.447316372056672937e-03
1.442807549666937344e-03
1.430156067245287165e-03
1.429319447532764178e-03
1.418030655412639337e-03
1.418414745532181566e-03
1.418351396648112345e-03
1.413289511191833303e-03
1.405385888329210636e-03
1.408951904892234794e-03
1.406485445521494550e-03
1.408630790005507534e-03
1.403141824785558104e-03
1.398419364823385181e-03
1.402488695798844668e-03
1.386899282647941541e-03
1.387442568048529237e-03
1.378142007986488376e-03
1.378591614595595961e-03
1.378459187665229341e-03
1.372865030924106397e-03
1.372197599597687386e-03
1.365154727455423741e-03
1.362536371718003512e-03
1.365456961293761307e-03
1.357844323596828348e-03
1.357718228559181509e-03
1.353645623386311647e-03
1.350737016271389476e-03
1.352266468293832286e-03
1.344343714860918087e-03
1.348044026297823793e-03
1.345315447141606433e-03
1.344791949111263235e-03
1.343851130581732133e-03
1.341692441846439226e-03
1.339421348471641227e-03
1.344266901719848306e-03
1.344074331463585101e-03
1.349010980912739369e-03
1.353081201797421123e-03
1.353060247218652564e-03
1.354490306766449343e-03
1.355904877957385402e-03
1.361114575110909056e-03
1.368463907214812056e-03
1.376439044451461960e-03
1.379262563622851538e-03
1.384296920837574949e-03
1.400643142404211930e-03
1.398905116796199865e-03
1.406387114790068988e-03
1.406891268931084824e-03
1.413593724295742838e-03
1.417088530583210338e-03
1.425636345012601912e-03
1.421722565455011637e-03
1.437431737246981428e-03
1.433813701460930935e-03
1.434034294919160537e-03
1.450041876040826907e-03
1.476476657194880767e-03
1.526895310304428321e-03
1.611065074467065176e-03
1.760010719037241643e-03
2.061949053585445529e-03
2.281058867159989085e-03
2.336719684220127727e-03
2.490900002963916324e-03
2.643853593057210374e-03
2.668413686994024724e-03
2.648220355361475663e-03
2.604388154621405105e-03
2.622105820498733635e-03
2.627957119197387413e-03
2.634224409259570791e-03
2.626228389875208923e-03
2.618660306743544712e-03
2.628679301571382968e-03
2.622786691881204019e-03
2.674429599291816562e-03
2.717375849155685176e-03
2.725945831039612577e-03
2.719888914153797098e-03
2.729943593402760389e-03
2.701964711366874536e-03
2.707108062588146642e-03
2.677981249655699610e-03
2.708864953890874772e-03
2.749371189687788066e-03
2.814685796773032465e-03
2.829552950328384064e-03
2.805745401646729444e-03
2.741217168161291101e-03
2.688406648979347214e-03
2.634815472383535920e-03
2.621578221531157844e-03
2.646275662202317303e-03
2.659723844402011542e-03
2.693948112424141006e-03
2.698573034846308682e-03
2.729470948422322348e-03
2.694327791812834751e-03
2.688582495031815577e-03
2.684071223748461712e-03
2.708286518481529265e-03
2.696620965460297045e-03
2.713487385722626252e-03
2.723917224884985812e-03
2.721553417462399104e-03
2.759945745087735193e-03
2.739320705250691563e-03
2.733076615175227247e-03
2.730063950551098358e-03
2.727754584611208604e-03
