3.945394954300631210e-03
3.945394954300631210e-03
3.927916392347395938e-03
3.917626300790615079e-03
3.901348386734674028e-03
3.887545131990889635e-03
3.877399403336128942e-03
3.867891687291299865e-03
3.859160472797352852e-03
3.849069531799504274e-03
3.838878694327487861e-03
3.829633025172075184e-03
3.820468876918255499e-03
3.810167403907314867e-03
3.801483365864804197e-03
3.793822222325509644e-03
3.786000163033134171e-03
3.778770271981219536e-03
3.771244805716173452e-03
3.762659510114051489e-03
3.754662788723355914e-03
3.746971546045966238e-03
3.738112087033074789e-03
3.728898420360111324e-03
3.721086442818433149e-03
3.713302258988145088e-03
3.704461983208855950e-03
3.696417947421325005e-03
3.688433941584590321e-03
3.680663326195691368e-03
3.672146602867344851e-03
3.664633921412896109e-03
3.657376642437754847e-03
3.648921016526630173e-03
3.640214041926326249e-03
3.632517657116998873e-03
3.625215729644086678e-03
3.617872303155111099e-03
3.610720516541246830e-03
3.604148329821234287e-03
3.597433125758164440e-03
3.590234071036128675e-03
3.582971643887201268e-03
3.575378763109812470e-03
3.568146639766736454e-03
3.561441997933885960e-03
3.554095531133858853e-03
3.546877181939915320e-03
3.539701279329146317e-03
3.531922545177971183e-03
3.524980693180447110e-03
3.517932472530230746e-03
3.511529318283438447e-03
3.504442833095818000e-03
3.497489431720413218e-03
3.491112358423964761e-03
3.485196134841073070e-03
3.478879438633067627e-03
3.472383019632639591e-03
3.465393732370359876e-03
3.458317358989086536e-03
3.452217422944888359e-03
3.445793203376204279e-03
3.439626971090994825e-03
3.433201221560765702e-03
3.426730907723473003e-03
3.420789969980702564e-03
3.414764637960015364e-03
3.408471989326204016e-03
3.402369974907958321e-03
3.395933218885700215e-03
3.389806840210173988e-03
3.383831908952826973e-03
3.378514601576555927e-03
3.372659703707515510e-03
3.366512244871323629e-03
3.359976281032554628e-03
3.353620863897799950e-03
3.347508569867748817e-03
3.341828514495316822e-03
3.335544788219027557e-03
3.329711972298621345e-03
3.323234064624139370e-03
3.317233092074706093e-03
3.311506741131353421e-03
3.304869466442030175e-03
3.298245942454209288e-03
3.291852952994244776e-03
3.285891293906772603e-03
3.279565778207582920e-03
3.273155585751194325e-03
3.267585607392968754e-03
3.261846572775391889e-03
3.255808722031463057e-03
3.249338941626326010e-03
3.243515677736296104e-03
3.237402262697713310e-03
3.231737132991260517e-03
3.225665273287880996e-03
3.219466259496178706e-03
3.213725626225802292e-03
3.208264842199162574e-03
3.202428352104410084e-03
3.195742789385448614e-03
3.188958221768153304e-03
3.182622778171554506e-03
3.176893702917373257e-03
3.171367637977535840e-03
3.165759933390922473e-03
3.160381544663600113e-03
3.154529614774995768e-03
3.148527685536747084e-03
3.142440613331531647e-03
3.136227975057339669e-03
3.129984582578320372e-03
3.124399296850428279e-03
3.118990811617638852e-03
3.113664805848008910e-03
3.107963348765344341e-03
3.102397012393070738e-03
3.096154120826586417e-03
3.090737724707665057e-03
3.085319986538511902e-03
3.079713757028380069e-03
3.073937418879988965e-03
3.068019559285170648e-03
3.062676115343828959e-03
3.057976210767830716e-03
3.052908244405844532e-03
3.047478339118182052e-03
3.042558226575352992e-03
3.037869872178903651e-03
3.032997947158119680e-03
3.027867801629113408e-03
3.023303069334587305e-03
3.018884313577107747e-03
3.014407680361178617e-03
3.009392111367462617e-03
3.004741327004600056e-03
3.000227338487319179e-03
2.995640538392306800e-03
2.990575458581246418e-03
2.984984302728869304e-03
2.979673840624632360e-03
2.974459787176325469e-03
2.970506100791415072e-03
2.965942372711777297e-03
2.961251101216093914e-03
2.956444915448937921e-03
2.951725613325685040e-03
2.946454766386978012e-03
2.941992598522896653e-03
2.937814739174792519e-03
2.932656115914301226e-03
2.927428429687560420e-03
2.923072706570287171e-03
2.918466809376533445e-03
2.913876089723980989e-03
2.909016410634011982e-03
2.904686390108151585e-03
2.899977024573582949e-03
2.895087009233856916e-03
2.889837871051504498e-03
2.885064478244821901e-03
2.880343535860224301e-03
2.876565968527841893e-03
2.872741846985948228e-03
2.868524659851109850e-03
2.864322046118025506e-03
2.859926208497200022e-03
2.855427669729495178e-03
2.850891365851418967e-03
2.846858115712234787e-03
2.842263026133207398e-03
2.837593120618590436e-03
2.832770156448669203e-03
2.828745453912582999e-03
2.824245373012886171e-03
2.820436035294801320e-03
2.815880109606734918e-03
2.810635236049177730e-03
2.805629499448277896e-03
2.800842217609799106e-03
2.797018077161271370e-03
2.792739758873462146e-03
2.788103814055091240e-03
2.783905656500843418e-03
2.779637884180546654e-03
2.774910672293052615e-03
2.770511809441111167e-03
2.766103491481340659e-03
2.761569838908098547e-03
2.756770089758986235e-03
2.752808509088860729e-03
2.748928487284238008e-03
2.745214944610825485e-03
2.741208194819587732e-03
2.736462270381683458e-03
2.732659314761359034e-03
2.727946664347906305e-03
2.723592006169453777e-03
2.719643222402369845e-03
2.715200432961818386e-03
2.710900960033585209e-03
2.705629002547164930e-03
2.701258309368909614e-03
2.696894951245518146e-03
2.692635070788734764e-03
2.688090634720127336e-03
2.683628235131536172e-03
2.678896162156542155e-03
2.674326542663615306e-03
2.669766518104108293e-03
2.665405941349351798e-03
2.662034511544074215e-03
2.657795774905121096e-03
2.653932523981518236e-03
2.649526839563587192e-03
2.645331768847283480e-03
2.641134801484393453e-03
2.637049995997967078e-03
2.632957580703140094e-03
2.628995569351586133e-03
2.624889097200824688e-03
2.621265827667613926e-03
2.617553266435477307e-03
2.613288831840177972e-03
2.608991014345486779e-03
2.604967333060941807e-03
2.601190719267057992e-03
2.597338669507091510e-03
2.593661638605157613e-03
2.590175643861917891e-03
2.586441156261268769e-03
2.582991857999143714e-03
2.579098547356373922e-03
2.575477799364169970e-03
2.571304584209903495e-03
2.567442685629419633e-03
2.563710732463101750e-03
2.560022612705207656e-03
2.555745847265796043e-03
2.552726240375862831e-03
2.549263348733433153e-03
2.546393607898290393e-03
2.542962197784352438e-03
2.539454442674107023e-03
2.536290963182317396e-03
2.532810087350304429e-03
2.529779986976097867e-03
2.526587929698698078e-03
2.522881291908208364e-03
2.519334708879298820e-03
2.516130629380737300e-03
2.512436199673567881e-03
2.508447390934327031e-03
2.504493691232457988e-03
2.500604828621158255e-03
2.497241545568175576e-03
2.494145329306676675e-03
2.490664557238952102e-03
2.486782836905550818e-03
2.483208348445788919e-03
2.479309967098992321e-03
2.475869337898177654e-03
2.472284549040045572e-03
2.469246234175557445e-03
2.465728328618519479e-03
2.462373443734803147e-03
2.459525247653589642e-03
2.456361612013119658e-03
2.453868108829348419e-03
2.450554945885200214e-03
2.447201826449849071e-03
2.443747289486779186e-03
2.440134567954168558e-03
2.436603253159462870e-03
2.433518769390854378e-03
2.430315483668763193e-03
2.426790231922713956e-03
2.424105464482389366e-03
2.420838533823791838e-03
2.417844585972017159e-03
2.415071339196323778e-03
2.411942746620257625e-03
2.408746104622320593e-03
2.405570120796818399e-03
2.402385348129192945e-03
2.399119986531745956e-03
2.395897087546689647e-03
2.393184273398347821e-03
2.390199775767911251e-03
2.386956323972595686e-03
2.383979559791481444e-03
2.380860441340104921e-03
2.377766099234523284e-03
2.374331153518461756e-03
2.371368889296775976e-03
2.368662106096252121e-03
2.365620295225095808e-03
2.362463151358988687e-03
2.359044125739682366e-03
2.355855081278346481e-03
2.352442875020681074e-03
2.349192095589694960e-03
2.345814375818680748e-03
2.342861166047474283e-03
2.340179990117572523e-03
2.337443466237541009e-03
2.334449705847291799e-03
2.331358307884401088e-03
2.328302764672325869e-03
2.325754648595307859e-03
2.322937901299829220e-03
2.320025891083588292e-03
2.317126850328533362e-03
2.314284647170785063e-03
2.311647341317565798e-03
2.308587499734506346e-03
2.305427125123581718e-03
2.302212107211661519e-03
2.299248119381334509e-03
2.296706803979541717e-03
2.293832931424269299e-03
2.291171581685117874e-03
2.288303368173231697e-03
2.285129536074795124e-03
2.282097943420974880e-03
2.279152573412792510e-03
2.276500537416675275e-03
2.273448947175638231e-03
2.270440870970960156e-03
2.267134530723181191e-03
2.263493504130922006e-03
2.260897917377966988e-03
2.257997386868703608e-03
2.255137444501948644e-03
2.252228543466153372e-03
2.249398866575656394e-03
2.246309667012143154e-03
2.243393240293021802e-03
2.240448335961332024e-03
2.237943742568289894e-03
2.234965307969929722e-03
2.232226672270842208e-03
2.229493339455018708e-03
2.226990198394907146e-03
2.224842148041017691e-03
2.222004532928450581e-03
2.219289568568424704e-03
2.216362816806193362e-03
2.213748381803519547e-03
2.210736480668838537e-03
2.208088164912262643e-03
2.205394006179708932e-03
2.202725995593814417e-03
2.200032287968534638e-03
2.197737023570458040e-03
2.194832281735883614e-03
2.192310344787437582e-03
2.190108753700247251e-03
2.187213069570936603e-03
2.184394676668168205e-03
2.181783565917750235e-03
2.179145643226336297e-03
2.176553021773034238e-03
2.174310400568353705e-03
2.171681460495039628e-03
2.169047587029780157e-03
2.166829237940749893e-03
2.164161670583590342e-03
2.161603426532517861e-03
2.158297833142341568e-03
2.155860644839146384e-03
2.153581042215066410e-03
2.150939476360931319e-03
2.148776878508069487e-03
2.146370066646692380e-03
2.143629251587025712e-03
2.141268774965285077e-03
2.139178119413767329e-03
2.136524494693787992e-03
2.133682668648187626e-03
2.131495451690483371e-03
2.128818169737381905e-03
2.126759408969247124e-03
2.123847490432405512e-03
2.121740371019632115e-03
2.119311077638431299e-03
2.117039188390575522e-03
2.114867791757779440e-03
2.112762311590354880e-03
2.110519754246385771e-03
2.108034177720409953e-03
2.105534626581022795e-03
2.103017234720863833e-03
2.100761735383636399e-03
2.098683127612123184e-03
2.096127269859246207e-03
2.093524589871207688e-03
2.091452614060459753e-03
2.089066774669768103e-03
2.086719784081365273e-03
2.084203406227275093e-03
2.082144679487217542e-03
2.079498026325623476e-03
2.077533546418492815e-03
2.074865424246139910e-03
2.072656397138530806e-03
2.070652150044664276e-03
2.068730851918138859e-03
2.066874286755990275e-03
2.064806239334210196e-03
2.062826287786761244e-03
2.060740346657557835e-03
2.058574844019970315e-03
2.056312184866260131e-03
2.054128311073186424e-03
2.052066317016335885e-03
2.050031397346251290e-03
2.047919028930183377e-03
2.046022473781074474e-03
2.043922209397380611e-03
2.041751725778448694e-03
2.039292866951631852e-03
2.037115479675453370e-03
2.034773612842428418e-03
2.032722521083083628e-03
2.030509608458580615e-03
2.028434081913694977e-03
2.026200473305199423e-03
2.024280566956120336e-03
2.022594970116507046e-03
2.020538721841223621e-03
2.018581595001227302e-03
2.016286136518759351e-03
2.014147547843172289e-03
2.012584982190126527e-03
2.010714201254916195e-03
2.008689529943251742e-03
2.006556861801924579e-03
2.004644612494498133e-03
2.002662731792702062e-03
2.000635640123386329e-03
1.998782124259687338e-03
1.996926067751497984e-03
1.994888490354780435e-03
1.992852822505631564e-03
1.990700053365058661e-03
1.988886723880520669e-03
1.986895242765561800e-03
1.985049312118187647e-03
1.983317956912482045e-03
1.981630879169664870e-03
1.979637464169563266e-03
1.977745314837988950e-03
1.975916858218807522e-03
1.974084383403445359e-03
1.972058290896082887e-03
1.970211070945909661e-03
1.968298818170485191e-03
1.966444155327133018e-03
1.964325637196617357e-03
1.962391688760152606e-03
1.960469377960229360e-03
1.958714670785777906e-03
1.956675306668535352e-03
1.954314983171181151e-03
1.952342062447143950e-03
1.950596031431049357e-03
1.948626156635405128e-03
1.946757802590362140e-03
1.944793158247629192e-03
1.942932548563193213e-03
1.941259617416802880e-03
1.939409897254756833e-03
1.937313093220247463e-03
1.935266814500748037e-03
1.933559303671702426e-03
1.931714544847300914e-03
1.930244772801111963e-03
1.928264573455757119e-03
1.926143484720272553e-03
1.924401823363820112e-03
1.922619741831276289e-03
1.920715624580934637e-03
1.918853587738519190e-03
1.917032036506198609e-03
1.915144787591197039e-03
1.912971126567858697e-03
1.911313992308578827e-03
1.909505758831213720e-03
1.907409797189769810e-03
1.905243831461791385e-03
1.903422038282949827e-03
1.901415451088699429e-03
1.899359019801950864e-03
1.897200692127271222e-03
1.895245550112862644e-03
1.893148059273685232e-03
1.891389386326357237e-03
1.889494657931171375e-03
1.887757451395734266e-03
1.885799742508938951e-03
1.884193348710215586e-03
1.882366183197248504e-03
1.880522538113771130e-03
1.879077704128112201e-03
1.877683149133177595e-03
1.876091670196142810e-03
1.874762802929689403e-03
1.873201704604313383e-03
1.871040793261849033e-03
1.869463590632751285e-03
1.867581302939680605e-03
1.865871017832779373e-03
1.864420454008227810e-03
1.862938468656659885e-03
1.861492763857617748e-03
1.859695258225722890e-03
1.858172599363622267e-03
1.856786297274573474e-03
1.854991236857589593e-03
1.853316663123615081e-03
1.851664744534553628e-03
1.850048579059091446e-03
1.848003111509098802e-03
1.846043589760365230e-03
1.844450858063481679e-03
1.842328205265195314e-03
1.840739797013417160e-03
1.838844808058925613e-03
1.837118540683739315e-03
1.835298384289626994e-03
1.833600157658912735e-03
1.831931970402614568e-03
1.829971047070607293e-03
1.828576190047546870e-03
1.826917154979112176e-03
1.825275698645254180e-03
1.823630066090131110e-03
1.821961814337867734e-03
1.820656489378732340e-03
1.819086066738909895e-03
1.817405647131637575e-03
1.815567126331223829e-03
1.814285568543098351e-03
1.812758922044364505e-03
1.810757891325993126e-03
1.809065564662704507e-03
1.807745943584328219e-03
1.806409970269628453e-03
1.804726692821757850e-03
1.803041703171135487e-03
1.801631727873225387e-03
1.799911153596276065e-03
1.798255299258936764e-03
1.796421965445075099e-03
1.794773605214121598e-03
1.793080578445104163e-03
1.791269349643790114e-03
1.789982235526044055e-03
1.788495360665727507e-03
1.786877089052920937e-03
1.785126724600083004e-03
1.783334013601255673e-03
1.781440319589135558e-03
1.779786482419897214e-03
1.777907424495919547e-03
1.776297659892337854e-03
1.774698491184450218e-03
1.773060020367368947e-03
1.771442302978046539e-03
1.769900598363307286e-03
1.768781712489429737e-03
1.766969337359075749e-03
1.765282824633551944e-03
1.763671177773001040e-03
1.762027837720470677e-03
1.760604104060545586e-03
1.758843560947220917e-03
1.757672401480990217e-03
1.756094260263748414e-03
1.755211845475815238e-03
1.753398011899163058e-03
1.752591251011576716e-03
1.751175305664303761e-03
1.749560034073438346e-03
1.748211860098872064e-03
1.746768315081360413e-03
1.745290123901585642e-03
1.744260282353960389e-03
1.743380475359011372e-03
1.742027541309249103e-03
1.740898146674551032e-03
1.739517647521872379e-03
1.737896561781201478e-03
1.736789432137408407e-03
1.735578280382921732e-03
1.734347760895077212e-03
1.733078820185594447e-03
1.731773638119178844e-03
1.730532468864307959e-03
1.729132816476142316e-03
1.727961625284507845e-03
1.726206399098388546e-03
1.724975161942546515e-03
1.723989275263492328e-03
1.722482054730457152e-03
1.721162426403351903e-03
1.720225755624178602e-03
1.718793116418126368e-03
1.717361010936055378e-03
1.716354105366859782e-03
1.715015074406719357e-03
1.713956788621072511e-03
1.712685570269110611e-03
1.711633068667528859e-03
1.710339794775623092e-03
1.708959444557385391e-03
1.708032052322802294e-03
1.706839123770898187e-03
1.705688513568510110e-03
1.704656324693445881e-03
1.703295482938012350e-03
1.702043718808437774e-03
1.700720934843610041e-03
1.699284114587831102e-03
1.697987044423905070e-03
1.696782348238586599e-03
1.695367990363683781e-03
1.694216943370785476e-03
1.692871809052137874e-03
1.691869301215704648e-03
1.690342299156942334e-03
1.689105963968463202e-03
1.687941122866393152e-03
1.686655924431500544e-03
1.685659110927232402e-03
1.684395120837367445e-03
1.683510248777151698e-03
1.682070175408058223e-03
1.680765881496344098e-03
1.679276984236951001e-03
1.677971711843434131e-03
1.676628328269358197e-03
1.675472063784448108e-03
1.674271230772048785e-03
1.672607972037499320e-03
1.671433651113167235e-03
1.669872698953472337e-03
1.668635274104693280e-03
1.667381331781381780e-03
1.666199066002690011e-03
1.665110784783912362e-03
1.663743795216770984e-03
1.662570556310494782e-03
1.661544003758876715e-03
1.660400480266879461e-03
1.659376906145935363e-03
1.658211444359606115e-03
1.657064264460565185e-03
1.655845961326700942e-03
1.655002997873598024e-03
1.653844125169301807e-03
1.652839819568592810e-03
1.651897612172578082e-03
1.650493227141142973e-03
1.649583621503861652e-03
1.648453603944749274e-03
1.647743192182516553e-03
1.646703254373143221e-03
1.646045325957614259e-03
1.644979768558106235e-03
1.644129972293127771e-03
1.643072058574178039e-03
1.642174683288934265e-03
1.641412090628322851e-03
1.640473951364789830e-03
1.639645939678127315e-03
1.638917389633206059e-03
1.637924930607736725e-03
1.636980643748109842e-03
1.636150675355578380e-03
1.635371153855848898e-03
1.634124132030132523e-03
1.633119111761099007e-03
1.632375557014488282e-03
1.631165949049524690e-03
1.630097179762890177e-03
1.628863800976712399e-03
1.627376991398836329e-03
1.626647798810512907e-03
1.625607421797182952e-03
1.624861675781012109e-03
1.624003230316863403e-03
1.622920161011721452e-03
1.621958690768080706e-03
1.620924818337347688e-03
1.620530526934728724e-03
1.619784251770307708e-03
1.618970122100419360e-03
1.618016266274896345e-03
1.617229287681126726e-03
1.616630325520060536e-03
1.615886263758933069e-03
1.615167470898470426e-03
1.614138800080707620e-03
1.613172711040470600e-03
1.611987484339977902e-03
1.611248499721586397e-03
1.610246439185716513e-03
1.609296997122877833e-03
1.608034996733228444e-03
1.606953699585528120e-03
1.606031918240686564e-03
1.605019695637724788e-03
1.604271941890933516e-03
1.603334173130065068e-03
1.602436809306819745e-03
1.601199978967259236e-03
1.600041615986617580e-03
1.599289968130114103e-03
1.598248256446952028e-03
1.597157766727538971e-03
1.596242849779036955e-03
1.595169874768198430e-03
1.594048226675830703e-03
1.592914509796630870e-03
1.592173910886122284e-03
1.591480504988157562e-03
1.590999013578120241e-03
1.590165034104744791e-03
1.589133420894455091e-03
1.588147107076023868e-03
1.587471030758528124e-03
1.586865326456187624e-03
1.585850589220426550e-03
1.584912329262606282e-03
1.584173856430105354e-03
1.583197022579223160e-03
1.582443441951224966e-03
1.581696162508149138e-03
1.580898191361078528e-03
1.579970451932656431e-03
1.579368742696154841e-03
1.578493769017955042e-03
1.578336136193758807e-03
1.577497705216653707e-03
1.576774905552595770e-03
1.575994722415169401e-03
1.575173548839767061e-03
1.574191314271777614e-03
1.573366156680302283e-03
1.572546922939962706e-03
1.572087324816528716e-03
1.571461712663381558e-03
1.570855977451555367e-03
1.570067442730037387e-03
1.569367813408078637e-03
1.568842599758948214e-03
1.567985552841292098e-03
1.567537718497837539e-03
1.566556203811188394e-03
1.566011725602078821e-03
1.565539692090122965e-03
1.564691595159485278e-03
1.564071262337996589e-03
1.563401908148633187e-03
1.562843712410092898e-03
1.562592752071656705e-03
1.561816174571306138e-03
1.561120391638244880e-03
1.560291937078514502e-03
1.559685962423062794e-03
1.558851410694091786e-03
1.558072485251415845e-03
1.557390985282235867e-03
1.556631802249112571e-03
1.556005570543966517e-03
1.555017700962521869e-03
1.554288279522251506e-03
1.553541704425828729e-03
1.552792718099423562e-03
1.551970143894680848e-03
1.551194983645432348e-03
1.550398062045631143e-03
1.549716816034852132e-03
1.549085797023205206e-03
1.548502121807123193e-03
1.547710369996119564e-03
1.547049802355755397e-03
1.546251006886520873e-03
1.545507493236686954e-03
1.544738178737059368e-03
1.544054019431692366e-03
1.543095604053413812e-03
1.542202503984380383e-03
1.541471739030082560e-03
1.540890647813037643e-03
1.540236384202945232e-03
1.539386558096471173e-03
1.538693961931544884e-03
1.538392068666967916e-03
1.538028845055663995e-03
1.537307570280872348e-03
1.536526971849735967e-03
1.535950417904845397e-03
1.535373463048894833e-03
1.534716916511985217e-03
1.534297752733721713e-03
1.533309215885448685e-03
1.532928463343084845e-03
1.532426302618187814e-03
1.531797540572219039e-03
1.531088553967063304e-03
1.530416946230021358e-03
1.529720205165005682e-03
1.528729326745716793e-03
1.527956543807769451e-03
1.526989635659345120e-03
1.526131708219242815e-03
1.525172543731291531e-03
1.524406402265126442e-03
1.523795518635104361e-03
1.523269058872772598e-03
1.522896483172748051e-03
1.522468690357223773e-03
1.521699708222151552e-03
1.521140281396107406e-03
1.520639142761448992e-03
1.520103926491667536e-03
1.519585306553094053e-03
1.519164960260038083e-03
1.518858140244239282e-03
1.518191666847858948e-03
1.518064702131155692e-03
1.517463103750211909e-03
1.516990117456517130e-03
1.516515245560853299e-03
1.515984901575663903e-03
1.515211572571798816e-03
1.514951087614535260e-03
1.514418007620677974e-03
1.513963736154755541e-03
1.513285006377057150e-03
1.512587102817227738e-03
1.511929484514799773e-03
1.511471797204107107e-03
1.510874194074298456e-03
1.510236359921763921e-03
1.509731211738801022e-03
1.509079086572068717e-03
1.508255688643755097e-03
1.507559548325676426e-03
1.506718216208543680e-03
1.506313499135148370e-03
1.505719899749589268e-03
1.504897304738024143e-03
1.504334802593248772e-03
1.503378407826001578e-03
1.502698911943583160e-03
1.501826895680096439e-03
1.501039211433797139e-03
1.500101437848567294e-03
1.499553839440276228e-03
1.498596809930001364e-03
1.497595482993327410e-03
1.496525730813977979e-03
1.496028625660793514e-03
1.495694404387594911e-03
1.495053256397574056e-03
1.494450557624030099e-03
1.493776706683787705e-03
1.493434004711934049e-03
1.493089566828007236e-03
1.492950789884300595e-03
1.492419535047600013e-03
1.491823495819828748e-03
1.491581877411118223e-03
1.491045249189869781e-03
1.490635955184164106e-03
1.490377175830647546e-03
1.489499456192738781e-03
1.488955546577530121e-03
1.488416913395585947e-03
1.487704309068858897e-03
1.486878800407786996e-03
1.485951470865033274e-03
1.485151636481950354e-03
1.484454136365911253e-03
1.483896696628331799e-03
1.483113573239250868e-03
1.482681982847656576e-03
1.482109495635815927e-03
1.481436102979032674e-03
1.481088727931659807e-03
1.480568397606020188e-03
1.479838502109204288e-03
1.478912464207671413e-03
1.478320910944712005e-03
1.477838723369160777e-03
1.477299911264804561e-03
1.476745042766204000e-03
1.476222866953219625e-03
1.475843547860197216e-03
1.475591864474986225e-03
1.475061674230460909e-03
1.474699917304906618e-03
1.474066696409925825e-03
1.473941135238104666e-03
1.473520356229669542e-03
1.472823538311341957e-03
1.472444525161645127e-03
1.471721118773596047e-03
1.471092979104099028e-03
1.470684512449304659e-03
1.469930873146161644e-03
1.469403899673093821e-03
1.468782181395000440e-03
1.468515705407165287e-03
1.467827923602239284e-03
1.467483402932401532e-03
1.467155098040265294e-03
1.466628574567809982e-03
1.466278069883440727e-03
1.465578605480015234e-03
1.465364875359292246e-03
1.464994412723476767e-03
1.464248989247059077e-03
1.463810361028310613e-03
1.463156986262618411e-03
1.462983417229204042e-03
1.461942664656541322e-03
1.461449924764748800e-03
1.460480186953501619e-03
1.459968746316424749e-03
1.459286119699193659e-03
1.458818664020685840e-03
1.458281273053839379e-03
1.457625497473978831e-03
1.457352870004917800e-03
1.456559663371019423e-03
1.455941364164265459e-03
1.455122444111691098e-03
1.454740503631226072e-03
1.454131124407363317e-03
1.453800697632131635e-03
1.453311739839305587e-03
1.453073453326301882e-03
1.452619158743452456e-03
1.452631691279632513e-03
1.452214424216087020e-03
1.451927734896837387e-03
1.451372131222307361e-03
1.450973296464728350e-03
1.450883573182205509e-03
1.450128551812231723e-03
1.449858257562546644e-03
1.449269143193134208e-03
1.448861977627640806e-03
1.448336889340740962e-03
1.447679814937140666e-03
1.447316884000343119e-03
1.446972442377810527e-03
1.446506320486153204e-03
1.445754834745766482e-03
1.445489258561190359e-03
1.445033479692238269e-03
1.444933554787726417e-03
1.444375621138847083e-03
1.443694960557127469e-03
1.443594642678088782e-03
1.442963451061408942e-03
1.442849223068480308e-03
1.442635060300342031e-03
1.442112185695636770e-03
1.441856294251312159e-03
1.441580939518594898e-03
1.441527730841995602e-03
1.441303917370626627e-03
1.441181362587084635e-03
1.440773767893486655e-03
1.440667849149843182e-03
1.439875893779135737e-03
1.439453587226607444e-03
1.438948499017411817e-03
1.438205893884854933e-03
1.437587622972700055e-03
1.436975183974684069e-03
1.436649895223639922e-03
1.435768166695938980e-03
1.435570434332031874e-03
1.435206379506207127e-03
1.434827580961665992e-03
1.434189062644408968e-03
1.433663491719783765e-03
1.433183207446454962e-03
1.432913576705061162e-03
1.432585420754816947e-03
1.432292871884832501e-03
1.431791736997901909e-03
1.431222232781524531e-03
1.430977850984740951e-03
1.430579715984687085e-03
1.430338210775724097e-03
1.429956530534723163e-03
1.429231831200826475e-03
1.428687325289917931e-03
1.428249097929240596e-03
1.427505959473595546e-03
1.426993261087791025e-03
1.426601053601081253e-03
1.426128559850194230e-03
1.425295541869037955e-03
1.424882263773783343e-03
1.424265211071837171e-03
1.423551351113119812e-03
1.423138100847161575e-03
1.422624239235345013e-03
1.422299339524488301e-03
1.421431935076526102e-03
1.420921073308511291e-03
1.420574917592371846e-03
1.419868133105376892e-03
1.419537890939292189e-03
1.419244664629950962e-03
1.418839355716431218e-03
1.418460228183110721e-03
1.418293326850679709e-03
1.417900304010932897e-03
1.417316583671631271e-03
1.417047897458714387e-03
1.416449818555246551e-03
1.416135066142699831e-03
1.415756557830765740e-03
1.415564893561194236e-03
1.414988158608122782e-03
1.414734619436921201e-03
1.414307381194557754e-03
1.414337255207358821e-03
1.413920886524750896e-03
1.413546861819921967e-03
1.413256013173411251e-03
1.413065050698233396e-03
1.412845901013086002e-03
1.412404527048316148e-03
1.412113903265502105e-03
1.411986763775498199e-03
1.411333712421679884e-03
1.410890414248890546e-03
1.410518624252383871e-03
1.409826789610642587e-03
1.409449069179424677e-03
1.409413855056834133e-03
1.408915051629437438e-03
1.408533785406973190e-03
1.408228821088980528e-03
1.407861081833314699e-03
1.407415612696771541e-03
1.407128848540156654e-03
1.406875911520062260e-03
1.406788103273206789e-03
1.406785285500141997e-03
1.406513719577989503e-03
1.406338823459986646e-03
1.406227696463825325e-03
1.405949622992176814e-03
1.405784036641910843e-03
1.405623590993862948e-03
1.405635741240493378e-03
1.405285785592621378e-03
1.405187994858224680e-03
1.404976428945080465e-03
1.404677350646556288e-03
1.404518124067570019e-03
1.404216808260946902e-03
1.404246443241184911e-03
1.403877636631364802e-03
1.403873301862926942e-03
1.403520264528710249e-03
1.403212857343699108e-03
1.402562264409255768e-03
1.402202887651283819e-03
1.401914768213192043e-03
1.401570485396780915e-03
1.401077725486396357e-03
1.400808635761213554e-03
1.400434580782210616e-03
1.400000330951611371e-03
1.399650816991316942e-03
1.399415406882621119e-03
1.398786680068785961e-03
1.398182512747237665e-03
1.398135364048369578e-03
1.397670481638542579e-03
1.397268987209585684e-03
1.397221227289605029e-03
1.396968505774277445e-03
1.396530849451311368e-03
1.396323858791374481e-03
1.395861018893584373e-03
1.395737517649375597e-03
1.395801559487108235e-03
1.395414845956793317e-03
1.395283797580627828e-03
1.395037487580301234e-03
1.394824043411347237e-03
1.394676528074179946e-03
1.394356655119924045e-03
1.393978878544288027e-03
1.393892412892254982e-03
1.393694340438847044e-03
1.393137504306385084e-03
1.392891732909729268e-03
1.392625705423852778e-03
1.392267467423944586e-03
1.391611426096890907e-03
1.391438616284207744e-03
1.391087058127903585e-03
1.390537022689427443e-03
1.390250889561360547e-03
1.389912790302201594e-03
1.389454984973769900e-03
1.389434583246624329e-03
1.389049404568885827e-03
1.388657896978815181e-03
1.388354585655941992e-03
1.388099306091873262e-03
1.387563093754504888e-03
1.387453431526370056e-03
1.387211225854941259e-03
1.386747203144169044e-03
1.386602447091512483e-03
1.386245656686020157e-03
1.386260416951666389e-03
1.385908905885504128e-03
1.385716653190488404e-03
1.385508451247832425e-03
1.385259805815966701e-03
1.385158873803608078e-03
1.385181247523164377e-03
1.384928057520297667e-03
1.384745889068083420e-03
1.384617077665473758e-03
1.384319891678358061e-03
1.384014136634555700e-03
1.383823532900564342e-03
1.383869638976328907e-03
1.383396448961978983e-03
1.383059619380959783e-03
1.383036224135608758e-03
1.382726268481430367e-03
1.382494587701784327e-03
1.382301093591464932e-03
1.381926190419193552e-03
1.381812434178366711e-03
1.381702027240175453e-03
1.381484364331480880e-03
1.381593773641838930e-03
1.381267657076644222e-03
1.381121091352026766e-03
1.381012043472088814e-03
1.380518403488872805e-03
1.380445022349223710e-03
1.380558864160047819e-03
1.380228331248876473e-03
1.379486258685039398e-03
1.379764286249499702e-03
1.379316819957880462e-03
1.379069253108025552e-03
1.379035208165515451e-03
1.378710251841151454e-03
1.378611021164194818e-03
1.378225941474119868e-03
1.378102384668894584e-03
1.378060688114710356e-03
1.377728941504566739e-03
1.377639890804040505e-03
1.377186651425694932e-03
1.377103173940596699e-03
1.376695154175406211e-03
1.376426526601019773e-03
1.376056073897511008e-03
1.375828560610174332e-03
1.375338015035938027e-03
1.375219609446707734e-03
1.375207617538921727e-03
1.374782051233510447e-03
1.374773681944868988e-03
1.374577054493444136e-03
1.374472035073420577e-03
1.374123624005348793e-03
1.374121154243950794e-03
1.374026909793785427e-03
1.373707400438589459e-03
1.373648297263339911e-03
1.373000046534206264e-03
1.372820696067693792e-03
1.372163397779367199e-03
1.372061673520984151e-03
1.371573969957633589e-03
1.371042432326267067e-03
1.370556199608673111e-03
1.370534591353719323e-03
1.370250157696086381e-03
1.369962878930902411e-03
1.369826886953166931e-03
1.369703253349440712e-03
1.369257431169891267e-03
1.368879788687880341e-03
1.368475363810698654e-03
1.368123820498349553e-03
1.367800641791939650e-03
1.367297359790473196e-03
1.367023239479438646e-03
1.366896819342274406e-03
1.366711350690690083e-03
1.366865499555231043e-03
1.366718264081721607e-03
1.366621778951737035e-03
1.366503744892083377e-03
1.366015260324625292e-03
1.366164604808393045e-03
1.365657787194338082e-03
1.365749602650788300e-03
1.365309595056306410e-03
1.365105514129407154e-03
1.364920154211642306e-03
1.365046759262435227e-03
1.364623679015971409e-03
1.363974883448916238e-03
1.363903204406812083e-03
1.363310834456013792e-03
1.362798130236603320e-03
1.362613844631159650e-03
1.362044160963433092e-03
1.361982256312588204e-03
1.361523034086677825e-03
1.361381118655850819e-03
1.361274207909120683e-03
1.361231773101821349e-03
1.361208828941511823e-03
1.360671427175161275e-03
1.360584654276096161e-03
1.360394606205414005e-03
1.360493619733971551e-03
1.360079485335615379e-03
1.359765630218447933e-03
1.359669750494237267e-03
1.359566034795274287e-03
1.359452251136595386e-03
1.359174490004853636e-03
1.359403735445449896e-03
1.359421992026501940e-03
1.359059869960913339e-03
1.359139127460553056e-03
1.358812966963273815e-03
1.358466407515023042e-03
1.358581550280628988e-03
1.358266137151503163e-03
1.358257915775337808e-03
1.358068374483413065e-03
1.358082020373415017e-03
1.357844002837312611e-03
1.357756737916678827e-03
1.357717259214860986e-03
1.357523462470660094e-03
1.357652985829997921e-03
1.357319908179039410e-03
1.357079442705923754e-03
1.356714121030337629e-03
1.356726835602576004e-03
1.356651924356462200e-03
1.356284135665011478e-03
1.355783038340603857e-03
1.355561710880257356e-03
1.355496368834087492e-03
1.355720252768746617e-03
1.355723400481046847e-03
1.355835196095906553e-03
1.355803870362837834e-03
1.355325970554318443e-03
1.355554350987923321e-03
1.355337250867401583e-03
1.354877341213227369e-03
1.355036776503907399e-03
1.354624446343284183e-03
1.354822222739172693e-03
1.354858364185209134e-03
1.354661378767443251e-03
1.354465285209404063e-03
1.354564707517747889e-03
1.354573902981712381e-03
1.354346614320294483e-03
1.353976102080190012e-03
1.354161442430354932e-03
1.353870939841733158e-03
1.353755634867177815e-03
1.353421122541453164e-03
1.353335521129820501e-03
1.353143203109880054e-03
1.353225522491093794e-03
1.352884970307489249e-03
1.352833927027540786e-03
1.352547039168783835e-03
1.352641603198791176e-03
1.352367590543813872e-03
1.352201589235215232e-03
1.352012878943216478e-03
1.351756124003588178e-03
1.351549822515144819e-03
1.351335685051475999e-03
1.351165651870146712e-03
1.350748004847453524e-03
1.350571854251624796e-03
1.350129417680136614e-03
1.350284981452014267e-03
1.349913328924024847e-03
1.349947978434777422e-03
1.349994527196040489e-03
1.350071189497664085e-03
1.349841806198808078e-03
1.349873444600647879e-03
1.349996737583464583e-03
1.350029645130137665e-03
1.349893868853650064e-03
1.349892396763313933e-03
1.349841849287869476e-03
1.350123979187556507e-03
1.349782361213872506e-03
1.349892691538715937e-03
1.350137815233622097e-03
1.349945907435315872e-03
1.350169278296840889e-03
1.349897956088428773e-03
1.349995988028296432e-03
1.349984621907036973e-03
1.350179697082333442e-03
1.350299103629665079e-03
1.350138789180198480e-03
1.350451627385446671e-03
1.350888533472632781e-03
1.351243252707305621e-03
1.351595042186319248e-03
1.351920086096955248e-03
1.352064435540806372e-03
1.352054839008302173e-03
1.351975677207906124e-03
1.352244414273794798e-03
1.351972340707823829e-03
1.352220179486701441e-03
1.352322061989001808e-03
1.352705174489755380e-03
1.352663066475435008e-03
1.352841853270958256e-03
1.352848532328211270e-03
1.352785059993543565e-03
1.352663155886233435e-03
1.352315938194820644e-03
1.352427778289095727e-03
1.352054804876245400e-03
1.351974492284890297e-03
1.351725240812616611e-03
1.351502661178734460e-03
1.351198670848894516e-03
1.350827144902762940e-03
1.350573165224114650e-03
1.350085501326825756e-03
1.350126051941589805e-03
1.349884313500683509e-03
1.349672572774631221e-03
1.349431015046854065e-03
1.349630425024637113e-03
1.349506514301191361e-03
1.349335046610334416e-03
1.349075242315842449e-03
1.349190865312079263e-03
1.349213106259510237e-03
1.349013269333596693e-03
1.348958238620422178e-03
1.348714563411262946e-03
1.348697755293002233e-03
1.348635603407065354e-03
1.348577042219553266e-03
1.348250422349086966e-03
1.348003298218468761e-03
1.347999961327766855e-03
1.348280620322052500e-03
1.347958494376450813e-03
1.347875519710322635e-03
1.347706825487354201e-03
1.347634246294949611e-03
1.348151490448642542e-03
1.348237851870293449e-03
1.348145370949267643e-03
1.347991542661279834e-03
1.348037916461120164e-03
1.348419941966761326e-03
1.348321465753460737e-03
1.348424416234897654e-03
1.348521503786032950e-03
1.348640549208631606e-03
1.348657155412730929e-03
1.348523066930193285e-03
1.348650712425054996e-03
1.348589472521867635e-03
1.348973562703141517e-03
1.348944307316561663e-03
1.349026986416709080e-03
1.349188505501675754e-03
1.348928007830680438e-03
1.349038747528245354e-03
1.349135334697168856e-03
1.348842462219742135e-03
1.348700592366269303e-03
1.348201407398268159e-03
1.348070767704257844e-03
1.347826593554038487e-03
1.347801664127948633e-03
1.347366090098234227e-03
1.346672883859651197e-03
1.346251794091840809e-03
1.345797044934696077e-03
1.345457818398473329e-03
1.344952515294350979e-03
1.344485867205450109e-03
1.344424650321062288e-03
1.344001572371401193e-03
1.343704393690811107e-03
1.343549130305146319e-03
1.343395560433124436e-03
1.343409454338894901e-03
1.343112253920691153e-03
1.343233740824848399e-03
1.343378577841533627e-03
1.343481064353635804e-03
1.343620103124827485e-03
1.343515639466981958e-03
1.343829320653226137e-03
1.343875666064520830e-03
1.343777836534885842e-03
1.344027622337800026e-03
1.344216700746855798e-03
1.344088916903775572e-03
1.344393089522994637e-03
1.344383886596977468e-03
1.344552815514194529e-03
1.344377918294102116e-03
1.344521224158862910e-03
1.344254437807897162e-03
1.344107068624249930e-03
1.343890679275894576e-03
1.343737075584294262e-03
1.343191181009002798e-03
1.342751531521634316e-03
1.342638108146141946e-03
1.342212680259342525e-03
1.342098823922068061e-03
1.341855020811301988e-03
1.341513923395670814e-03
1.341666816735337820e-03
1.341242046271541154e-03
1.341134570437931602e-03
1.341146034752058527e-03
1.341153491591247403e-03
1.340938212619242160e-03
1.340680708770329663e-03
1.340748130367311677e-03
1.340625990810211240e-03
1.340292043724725319e-03
1.340134341640815884e-03
1.339992348709399600e-03
1.339815080502181587e-03
1.339793656254909503e-03
1.339538688858325343e-03
1.339471852641581969e-03
1.339193681105786378e-03
1.339514797680034638e-03
1.339335287566088004e-03
1.339566646173219900e-03
1.339678817313871926e-03
1.339480518038028587e-03
1.339517981402885529e-03
1.339689029307696054e-03
1.339552256450688089e-03
1.339571094152957470e-03
1.339426858621924543e-03
1.339137570679321734e-03
1.339208575162667645e-03
1.339197704269697118e-03
1.338918709834682058e-03
1.338622886662851463e-03
1.338256746134241972e-03
1.338177238920122691e-03
1.337982843639969012e-03
1.337673926307242659e-03
1.337553616621306538e-03
1.337497102070329177e-03
1.337286307228486605e-03
1.336831954790023433e-03
1.336554686694249421e-03
1.336050964345022107e-03
1.335725569998318790e-03
1.335482435006634695e-03
1.335388232826664485e-03
1.335144761352783684e-03
1.334667010490202775e-03
1.334709125606891103e-03
1.334549997332598863e-03
1.334618046126398363e-03
1.334425272567471826e-03
1.334509711904760835e-03
1.334289880942749308e-03
1.333910249234703188e-03
1.333973419871495661e-03
1.334157300998890620e-03
1.333819343282884517e-03
1.333174849993714207e-03
1.333006784873061587e-03
1.333048988712479165e-03
1.332739536449945332e-03
1.332571116401025163e-03
1.332597859441533601e-03
1.332409742341095389e-03
1.331973512896082561e-03
1.332065315986070975e-03
1.331769238726759506e-03
1.331614182069773816e-03
1.331405046285878691e-03
1.331189409787893923e-03
1.330855554212742901e-03
1.330810405627651889e-03
1.330657526725823178e-03
1.330473249427906049e-03
1.330329324259588034e-03
1.330320507093733610e-03
1.330261322565105602e-03
1.330139460338550413e-03
1.329856201054179302e-03
1.329721830788394964e-03
1.329839363489528168e-03
1.329831551532606980e-03
1.329905928076511191e-03
1.329963693640461887e-03
1.329898719430992141e-03
1.329886567300787468e-03
1.329908070718783999e-03
1.330207743069617039e-03
1.330425941199022029e-03
1.330783595973368625e-03
1.330724819499817108e-03
1.330715774506242670e-03
1.330612839830231948e-03
1.330902283404422019e-03
1.330988592589179946e-03
1.331260551233702689e-03
1.331367910368395652e-03
1.331321240925266609e-03
1.331245825314272650e-03
1.331251552261985150e-03
1.331186293395192951e-03
1.331220674670218276e-03
1.330796165465300725e-03
1.330737698147523972e-03
1.330850114751983048e-03
1.330631598625720913e-03
1.330499264389595248e-03
1.330335227060286570e-03
1.330485611112879225e-03
1.330558859395445780e-03
1.330438792794937097e-03
1.330403832297359906e-03
1.330365347331514047e-03
1.330366431193601802e-03
1.330080735250547489e-03
1.329859773700742872e-03
1.330394890838571464e-03
1.329918543756357244e-03
1.329816728390379637e-03
1.329935052710648751e-03
1.330010699073490895e-03
1.329953272068314313e-03
1.330130382054044332e-03
1.330204363235195806e-03
1.330545695341671646e-03
1.330409769908808427e-03
1.330632724280649123e-03
1.331001209184781101e-03
1.330732126714255677e-03
1.331076289964613782e-03
1.331047343240997173e-03
1.331063215169924581e-03
1.331052044910548040e-03
1.330860901376047269e-03
1.331220800226281652e-03
1.330940825143904233e-03
1.330848949147913620e-03
1.330814707682800640e-03
1.330831529981768308e-03
1.330917407368754869e-03
1.331077366323036963e-03
1.331343006734247731e-03
1.331240564813868229e-03
1.330966005727117615e-03
1.330847544881440551e-03
1.330847853408978921e-03
1.330677850633379651e-03
1.330883778035886955e-03
1.330596582637061289e-03
1.330133366057450464e-03
1.330038669744001327e-03
1.329937846891856776e-03
1.329724815179100664e-03
1.329691675905402210e-03
1.329502273355065997e-03
1.329209199214819804e-03
1.329260213893307440e-03
1.329019749160045274e-03
1.328904243300194771e-03
1.328944453848112826e-03
1.328559167127340819e-03
1.328772773569225803e-03
1.328888087039588502e-03
1.328967976394356335e-03
1.329028838160993629e-03
1.329006852566126835e-03
1.328955214519479157e-03
1.329185298933647673e-03
1.329234180967642665e-03
1.329359691533836931e-03
1.329446486820098526e-03
1.329759726988258891e-03
1.329950662788508854e-03
1.329864293537331857e-03
1.329861712311841346e-03
1.329959967041170798e-03
1.329906107974380362e-03
1.329860819523899030e-03
1.329942293626151795e-03
1.330036834724107261e-03
1.329951249005091726e-03
1.330186931530500218e-03
1.330236401127734376e-03
1.330336283053231783e-03
1.330277033012898990e-03
1.330319952363625624e-03
1.329984658990905882e-03
1.329634697259774985e-03
1.329657493971338374e-03
1.329227023315238294e-03
1.329205838976999171e-03
1.329548903803801606e-03
1.329096055259719423e-03
1.329147138590437444e-03
1.329250277812488645e-03
1.329084975316075857e-03
1.329112059447668274e-03
1.329176723656936947e-03
1.329374027084230829e-03
1.329333876656373179e-03
1.329433595371539486e-03
1.329623702852002556e-03
1.329604212890613197e-03
1.329911379320785963e-03
1.329818156598520365e-03
1.329922263292770490e-03
1.329994296236502267e-03
1.329783735101765013e-03
1.329560226705157498e-03
1.329789885674031134e-03
1.329525397716862936e-03
1.328999844906469854e-03
1.329220762532988889e-03
1.328983410247235432e-03
1.328611131758887813e-03
1.328594160118040136e-03
1.328462759409238924e-03
1.328662137136391638e-03
1.328834828521837600e-03
1.328695660067576948e-03
1.329063908062201290e-03
1.329106012830190940e-03
1.329489147722326880e-03
1.329616278720801258e-03
1.330203864169237325e-03
1.330692206323891204e-03
1.330765207616827622e-03
1.331157193266801131e-03
1.331364345212295843e-03
1.331392576851287693e-03
1.331777425422209530e-03
1.332142626173369801e-03
1.332455610577896804e-03
1.332585808538192841e-03
1.332760721308634023e-03
1.332878477397389213e-03
1.332765624684727418e-03
1.332977536700089699e-03
1.333137343857854597e-03
1.332947863771036592e-03
1.333079397625330917e-03
1.332756044079437411e-03
1.332623366844430061e-03
1.332658871859774066e-03
1.332287171123228576e-03
1.332236354801034786e-03
1.332229575789102257e-03
1.332151013156820853e-03
1.331655672349663306e-03
1.331789825232624529e-03
1.331600397026809490e-03
1.331481403197876372e-03
1.331106879013686578e-03
1.330970420331414319e-03
1.330810075290965499e-03
1.330697290531272043e-03
1.330648423654087753e-03
1.330462943124302534e-03
1.330604022705173884e-03
1.330241812639246929e-03
1.330129167528834762e-03
1.329983758729070750e-03
1.329999166616392019e-03
1.330107046881190630e-03
1.330091748758970883e-03
1.330245822623132238e-03
1.330331237472529189e-03
1.330270247318851747e-03
1.330272113101032844e-03
1.330918837376074458e-03
1.330909073999209666e-03
1.331381381854539062e-03
1.331502260925321529e-03
1.331907290224025380e-03
1.332139102639005130e-03
1.332149609633191938e-03
1.331960018378943855e-03
1.332447879567060737e-03
1.332133135218065145e-03
1.331796216247479233e-03
1.331828039771974738e-03
1.331810903134862363e-03
1.331841254508914435e-03
1.331944014275958290e-03
1.331512259043086868e-03
1.331816515238031266e-03
1.331193206237847376e-03
1.330951183057619332e-03
1.330778369322102106e-03
1.330635330294184515e-03
1.330849674868764872e-03
1.330557856777137525e-03
1.330325603037602533e-03
1.330290081420418833e-03
1.330467837162713175e-03
1.330616465864448107e-03
1.330769253159533360e-03
1.331060490370654034e-03
1.331066118891853067e-03
1.331395345552803793e-03
1.331815977546149362e-03
1.331834460452086888e-03
1.332247660213361573e-03
1.332440908523381583e-03
1.332759079022953746e-03
1.332973514688766967e-03
1.333294828582969440e-03
1.333384543988668089e-03
1.333827925439635183e-03
1.334139014713315013e-03
1.334450750946440927e-03
1.335037179354730359e-03
1.335542641080210077e-03
1.335916479071639924e-03
1.336512785633240958e-03
1.336928809471333310e-03
1.337213173650310784e-03
1.337913445722763639e-03
1.338140239474041324e-03
1.338283313207638651e-03
1.338558403734895234e-03
1.338988116221439097e-03
1.339245332169584782e-03
1.339151205264619768e-03
1.339272726365827804e-03
1.339321662874416036e-03
1.339306092422267065e-03
1.339201483077868222e-03
1.339411779880151981e-03
1.339385524116304838e-03
1.339346506763027965e-03
1.339413145912279456e-03
1.339620406253388485e-03
1.339659639642672368e-03
1.339742939863429374e-03
1.339955879258680500e-03
1.340247471394138707e-03
1.340267512429100909e-03
1.340510845080451850e-03
1.340549761328818906e-03
1.340646268912522266e-03
1.340541770766790451e-03
1.341033994096734990e-03
1.341404066426313702e-03
1.341352166907613898e-03
1.341384047963078757e-03
1.341582350112424530e-03
1.341572647474023909e-03
1.341739404811838126e-03
1.341797010185689573e-03
1.341851441610181607e-03
1.341712756151500034e-03
1.341709479775633675e-03
1.341574924909569181e-03
1.341487026785329962e-03
1.341543754223228956e-03
1.341397859921882214e-03
1.341359546159910567e-03
1.341338672742297929e-03
1.341617045796271966e-03
1.341988584567516476e-03
1.342405086417653272e-03
1.342231927021351979e-03
1.342736807741396745e-03
1.342913783157359108e-03
1.343179064777515717e-03
1.343080334082278086e-03
1.343313160483773465e-03
1.343333411445743518e-03
1.342915714989824372e-03
1.342841041647803262e-03
1.342972638494056891e-03
1.342885393663648163e-03
1.342769995791732226e-03
1.342639855038280268e-03
1.342702720983553547e-03
1.342671446115335137e-03
1.342504855696090380e-03
1.342766169631068752e-03
1.342569827022531241e-03
1.342089144967963717e-03
1.342098013007888288e-03
1.342063425445931416e-03
1.342141864312428089e-03
1.341928192747180457e-03
1.342231056839188674e-03
1.342139152045665994e-03
1.342113280880600492e-03
1.342033435992386579e-03
1.341910446439796784e-03
1.342327405451157170e-03
1.342048127778228952e-03
1.342041223441660120e-03
1.341706677794598894e-03
1.341852185635698585e-03
1.341873677409889188e-03
1.341847442372247302e-03
1.341850687112726643e-03
1.342132889750069199e-03
1.342220672908235081e-03
1.342584951799930286e-03
1.342955316677051179e-03
1.342885509049818833e-03
1.342690494523251458e-03
1.342688722819657078e-03
1.342590580479861070e-03
1.342625305085431162e-03
1.342742185133994357e-03
1.342480075546516154e-03
1.342642151847603512e-03
1.342807055464702824e-03
1.342962881191595449e-03
1.343369310866098778e-03
1.343413313000910029e-03
1.343375926393596985e-03
1.343933950206528975e-03
1.343785363246524341e-03
1.344131874777536361e-03
1.344441828650565956e-03
1.344591917321778882e-03
1.344537911297904792e-03
1.345013473663916404e-03
1.345111334709642344e-03
1.345100705299962212e-03
1.345175849857952995e-03
1.345339928862883177e-03
1.345488829771310192e-03
1.345642105409653637e-03
1.345713978668297344e-03
1.346019912848332679e-03
1.346188413531230208e-03
1.346338936153149667e-03
1.346435902794336026e-03
1.346537292290611500e-03
1.346506057451656198e-03
1.346693106088824509e-03
1.346491959587993925e-03
1.346585625462671425e-03
1.346644365441167050e-03
1.346504201409843768e-03
1.346346011075414241e-03
1.346342988823334133e-03
1.346347140978951945e-03
1.346509910958501848e-03
1.346973186950558773e-03
1.347027983017790639e-03
1.347183812775452254e-03
1.346902757496584854e-03
1.347005569932670363e-03
1.346788886249452319e-03
1.346856021250899269e-03
1.346678256920660986e-03
1.346615445614625286e-03
1.346342010129500692e-03
1.346438393440720256e-03
1.346299828629399708e-03
1.345754094073896030e-03
1.345600949955626496e-03
1.345330420188076007e-03
1.345270779763666153e-03
1.344988581577972932e-03
1.345027742103229503e-03
1.344967509280197305e-03
1.345006109749685404e-03
1.344919189403057016e-03
1.344920154033861937e-03
1.344768506386853114e-03
1.345415557106163697e-03
1.345236568297635384e-03
1.345584306841766985e-03
1.345752449744363685e-03
1.345502949272705520e-03
1.345834944762249949e-03
1.346072469941482020e-03
1.345979933109363183e-03
1.346319183933174148e-03
1.346059942416070890e-03
1.346324968002553853e-03
1.346192659750482289e-03
1.346414249479349276e-03
1.346547226723480506e-03
1.346368464012032921e-03
1.346369466014788645e-03
1.346317298398665889e-03
1.346576297221903059e-03
1.346288997689893763e-03
1.346479027309470692e-03
1.346763881500496899e-03
1.347028049786344866e-03
1.347042933702564602e-03
1.347175835374690581e-03
1.347324667703462837e-03
1.347373209911438075e-03
1.347527380846680854e-03
1.347698542546687736e-03
1.347737037988339364e-03
1.347879910943351094e-03
1.347975579189681196e-03
1.347817659426991596e-03
1.347833287680902641e-03
1.347978246915401213e-03
1.348402570273257717e-03
1.348236607547849322e-03
1.348221989306926018e-03
1.348073495005873727e-03
1.348146217598543504e-03
1.347895377097521608e-03
1.347923316575624225e-03
1.347702766021724235e-03
1.347873381619963578e-03
1.347747764147050374e-03
1.347396555388995698e-03
1.347528495463375586e-03
1.347497812806291257e-03
1.347624996098994044e-03
1.347506337194949748e-03
1.347473936069630302e-03
1.347263150554763988e-03
1.347029378665063953e-03
1.347437771976274729e-03
1.347174003158467873e-03
1.347534544193564185e-03
1.347340976239336371e-03
1.347388751461866619e-03
1.347457634657568942e-03
1.347545292067605684e-03
1.347930242457106480e-03
1.347664546170147023e-03
1.347949385248556993e-03
1.348066821259270203e-03
1.348278741444335896e-03
1.348342231009964183e-03
1.348515279608873164e-03
1.348658262646791227e-03
1.348718907176003640e-03
1.349134576439883987e-03
1.349177222080805367e-03
1.349277933042135379e-03
1.349351481377421801e-03
1.349337425821554816e-03
1.349688268606003038e-03
1.349892192303514147e-03
1.349795217653058108e-03
1.349825180933948189e-03
1.349515808127808077e-03
1.349810963557790313e-03
1.349334090389815635e-03
1.349137010739894253e-03
1.348860430988269065e-03
1.348847124250207368e-03
1.348227379066095372e-03
1.348054507801121253e-03
1.348066432011808683e-03
1.347889818209416571e-03
1.347913354568205371e-03
1.348084257623057914e-03
1.347886660972667187e-03
1.347934894746083499e-03
1.348155120085523092e-03
1.348393447877312308e-03
1.348601083651827922e-03
1.348654529350898097e-03
1.348523603076932920e-03
1.348937814310222690e-03
1.349045087471996548e-03
1.349081853033531637e-03
1.349242229898066575e-03
1.349589408655601759e-03
1.349708046985588408e-03
1.349823435635778314e-03
1.350119994745401820e-03
1.350255971469997620e-03
1.350483653502372854e-03
1.350598296046157153e-03
1.350741989296553669e-03
1.350945593638087786e-03
1.351148363855378485e-03
1.351186440623779314e-03
1.350980194492919055e-03
1.351167348323223903e-03
1.351372351422722943e-03
1.351518019352938209e-03
1.351408617414809072e-03
1.351361973552480311e-03
1.351488625763468468e-03
1.351949006711908232e-03
1.352066237524806756e-03
1.352362857642830634e-03
1.352704376670507648e-03
1.352982091552720452e-03
1.353272051469422673e-03
1.353422723837791313e-03
1.353348547780827953e-03
1.353395750385138650e-03
1.353273530987118530e-03
1.353632086030451438e-03
1.353448631318761308e-03
1.353659422271699707e-03
1.353792935435663538e-03
1.353480079600100387e-03
1.353500078533690721e-03
1.353626030300478841e-03
1.353553806516511956e-03
1.353365370894022129e-03
1.353191579297497241e-03
1.353045022998976840e-03
1.353210773615843568e-03
1.352868882956539606e-03
1.352862774495228832e-03
1.353009717432432542e-03
1.352828334987615485e-03
1.352858599537076420e-03
1.352961486657120165e-03
1.352987107440228312e-03
1.353032262389474837e-03
1.353145663107047612e-03
1.353289343182319509e-03
1.353366689545101517e-03
1.353465851004325045e-03
1.353835816256945780e-03
1.353391244328036114e-03
1.353473322771737942e-03
1.353263640574011101e-03
1.353004440260032956e-03
1.352993734447957780e-03
1.352741628989531869e-03
1.352586604927293610e-03
1.352302566083275195e-03
1.352024707082301628e-03
1.351980025112762803e-03
1.351495628762484219e-03
1.351211180678399924e-03
1.351164807199724347e-03
1.351056275798164039e-03
1.351068133828573631e-03
1.350885811879019112e-03
1.350428282484700000e-03
1.350484984532222994e-03
1.350242255244777550e-03
1.350091538087744378e-03
1.350166582135621691e-03
1.350091419427924561e-03
1.351009928194396581e-03
1.350832921594282603e-03
1.351490625257172756e-03
1.351936692020470204e-03
1.352001542906551340e-03
1.352262386480250489e-03
1.352294424416516667e-03
1.352340474135811828e-03
1.352548501939539486e-03
1.352302895692669661e-03
1.352415194997090564e-03
1.352305123907480023e-03
1.352070149824979818e-03
1.352094959173263467e-03
1.352014870038252938e-03
1.351913245169972157e-03
1.351932191555543046e-03
1.351258373565594837e-03
1.351126333516998760e-03
1.351136432954364594e-03
1.350841138086029567e-03
1.350705807394446010e-03
1.350354738194871774e-03
1.350246098171965824e-03
1.350303172166125287e-03
1.350107312716962698e-03
1.350100413960030662e-03
1.349936042324247987e-03
1.350006504317140732e-03
1.349850917679812010e-03
1.350153898985924751e-03
1.350206384764331569e-03
1.350198299047506096e-03
1.350426382674406976e-03
1.350445818862664338e-03
1.350579524212739595e-03
1.350732829916765189e-03
1.351038447639764167e-03
1.351086862532936824e-03
1.351216785106824740e-03
1.351261450648970916e-03
1.351155184715136350e-03
1.351238271642778415e-03
1.351096005951259215e-03
1.351323877749639225e-03
1.351310403898845890e-03
1.351322691370560915e-03
1.351153669415823240e-03
1.351101718716877630e-03
1.351003658661885159e-03
1.350974582404694578e-03
1.351138147384786225e-03
1.350854904982448862e-03
1.350998511429297522e-03
1.351114309985444045e-03
1.350659805074310100e-03
1.350991966617237595e-03
1.351069950807149474e-03
1.351020153362937886e-03
1.350807538696514138e-03
1.351061498301555589e-03
1.351056811469179613e-03
1.351456402748830391e-03
1.351474921164935641e-03
1.351738881998591464e-03
1.351727602461845219e-03
1.351352934452886706e-03
1.351542442463754502e-03
1.351783759152154181e-03
1.351882872260309768e-03
1.351850248142959883e-03
1.351904830277727990e-03
1.352110936334458653e-03
1.352002852233444340e-03
1.351896096795566571e-03
1.352086646579335168e-03
1.351967855758783857e-03
1.352118408387487699e-03
1.351885656443235859e-03
1.351927134816601622e-03
1.352050621711750914e-03
1.352206958882959690e-03
1.352214364612627871e-03
1.352065659941699329e-03
1.351800333331003648e-03
1.352029606819990341e-03
1.351825701993314031e-03
1.351827481883401778e-03
1.351739744471242921e-03
1.352011299186736985e-03
1.352024303166401986e-03
1.351872191492249414e-03
1.351608623296767083e-03
1.352005972670174095e-03
1.351983165901530105e-03
1.352206906482591358e-03
1.352071421381996182e-03
1.352245244345395446e-03
1.352495433550856456e-03
1.352084802508984971e-03
1.351817902597372010e-03
1.351506239719544493e-03
1.351726565802965820e-03
1.351849011551977276e-03
1.351470416494132817e-03
1.351268221130964538e-03
1.351285772593541256e-03
1.351383659630877752e-03
1.351396856209055846e-03
1.351518280487135591e-03
1.351674934139852034e-03
1.351551450646015611e-03
1.351857183580253792e-03
1.351806199261908073e-03
1.352137061458019663e-03
1.352420340066877230e-03
1.352290950227597044e-03
1.352254674744448031e-03
1.352144624914672312e-03
1.352424529527825308e-03
1.352399580313001651e-03
1.352392979154026960e-03
1.352286904076254901e-03
1.352421753149840372e-03
1.352128753078296738e-03
1.352226306946668379e-03
1.352006451898126122e-03
1.352371726934191226e-03
1.352486676882252038e-03
1.352637243432635444e-03
1.352263291443338246e-03
1.352198054989591641e-03
1.351802978299598054e-03
1.351768618836161071e-03
1.351729832555567971e-03
1.351726099651790651e-03
1.351555762129162024e-03
1.351198916035666877e-03
1.351531253850696973e-03
1.351608205815047099e-03
1.351505253980226848e-03
1.351787751013992659e-03
1.351906930310017548e-03
1.352122990886977811e-03
1.352121342665325767e-03
1.352171967269570532e-03
1.352101837438282649e-03
1.352095429525398311e-03
1.352439306336607541e-03
1.352425547774782546e-03
1.352467579772012726e-03
1.352386276937830216e-03
1.352328596238603492e-03
1.352261663812144793e-03
1.352528896527235890e-03
1.352375924705414949e-03
1.352345898872672932e-03
1.352432731809001401e-03
1.352278718791835024e-03
1.352484809051367068e-03
1.352210207777413504e-03
1.352159188835341157e-03
1.351861579914474722e-03
1.351673353151586383e-03
1.351800589716708415e-03
1.351772393817111300e-03
1.351859413520267250e-03
1.351919363220732825e-03
1.352003688966642910e-03
1.352159976559584413e-03
1.352130365660318212e-03
1.351794483916068587e-03
1.352098159603667884e-03
1.351783014124551202e-03
1.351654104144808972e-03
1.351856526403046824e-03
1.351764724191008684e-03
1.351354144989208497e-03
1.351516765464518899e-03
1.351575874490034464e-03
1.351584668704486607e-03
1.351424017463141768e-03
1.351216036168020537e-03
1.351398506188877455e-03
1.351637736481668120e-03
1.351690695838907771e-03
1.351726410018685596e-03
1.351676151427015247e-03
1.351545412943193532e-03
1.351930997442889236e-03
1.351903524956916264e-03
1.351986314321174890e-03
1.352124623954358571e-03
1.352367827025000501e-03
1.352590679007462972e-03
1.352802321220765436e-03
1.352747688832534262e-03
1.352767244467092999e-03
1.352920367862804531e-03
1.353078573914208004e-03
1.352968326858552993e-03
1.352931035530869405e-03
1.352955668094392612e-03
1.353056404935801087e-03
1.352811519004908699e-03
1.352962549175025639e-03
1.353194799548456360e-03
1.353373508140818648e-03
1.353157297543675476e-03
1.353455610076786551e-03
1.353666000782039695e-03
1.353911216427206412e-03
1.353977387078959729e-03
1.354304115595615947e-03
1.354228265811058133e-03
1.354562138113264442e-03
1.354705823852880115e-03
1.355050305341922974e-03
1.355046622936699778e-03
1.355155632602608783e-03
1.355230026781717705e-03
1.355775456755913943e-03
1.355752446210176879e-03
1.355731685841713493e-03
1.355592747238648210e-03
1.355336464832005523e-03
1.355402048515582519e-03
1.355057280874624780e-03
1.354853273823868791e-03
1.355109337455399519e-03
1.354878641271537506e-03
1.354482253838423756e-03
1.354641553912216403e-03
1.354600276769783816e-03
1.354737614847360914e-03
1.354386889217307601e-03
1.354856659003905901e-03
1.354861659275644449e-03
1.355117671836221288e-03
1.355514980996488190e-03
1.355925212035547769e-03
1.356371347315987047e-03
1.356714901338268529e-03
1.356809912088150719e-03
1.356913398206767863e-03
1.357302811423134531e-03
1.357480585223564372e-03
1.357782165623153299e-03
1.357989109987918063e-03
1.357983874368287949e-03
1.358277811030931832e-03
1.358531469791207733e-03
1.358709989682166342e-03
1.358745070693494639e-03
1.358682024909854723e-03
1.358375855013557558e-03
1.358276963243299201e-03
1.358471568008963199e-03
1.358253586176475219e-03
1.357938785429785604e-03
1.357736875386726010e-03
1.357448822353076075e-03
1.357610444765299873e-03
1.357362867442528593e-03
1.356855436872855510e-03
1.356840662608790318e-03
1.356349386087695418e-03
1.356233302455327368e-03
1.355972378859834340e-03
1.355445031503886132e-03
1.355720400990842889e-03
1.355376813417408016e-03
1.355612723460580035e-03
1.355544485080590039e-03
1.355442383106874021e-03
1.355204673583606904e-03
1.355067476832268929e-03
1.354782233972511626e-03
1.354635908813452746e-03
1.354454572328879546e-03
1.354535744784827371e-03
1.354238667376974877e-03
1.354442423978042967e-03
1.354418763904011907e-03
1.354397668030318585e-03
1.354479691453370702e-03
1.354200977717313860e-03
1.354323179309554126e-03
1.354207547827819633e-03
1.354533481385680012e-03
1.354327895255968972e-03
1.354311551848440829e-03
1.354211601904557576e-03
1.353905189404042229e-03
1.353808828801017581e-03
1.353452131075817515e-03
1.353430496786400513e-03
1.353292151938925063e-03
1.353358664088568893e-03
1.352988710610275765e-03
1.352979125173601549e-03
1.353027785122270718e-03
1.353071991762134834e-03
1.353365784137637454e-03
1.353533397962047944e-03
1.353662267708082099e-03
1.353711876948244987e-03
1.353780262208439814e-03
1.353524426883435114e-03
1.353437666302772591e-03
1.353319063697574522e-03
1.353479622109391009e-03
1.354106203538594936e-03
1.354015068120930417e-03
1.354111353709094205e-03
1.354277858531286296e-03
1.354292203245328115e-03
1.354449388585226037e-03
1.354334795369116929e-03
1.354180820337488010e-03
1.354031771613933887e-03
1.354199389819807234e-03
1.354181048179528384e-03
1.354163612741797647e-03
1.354160966904537642e-03
1.354400459482809184e-03
1.354215254798924340e-03
1.354571656367765855e-03
1.354719034036280410e-03
1.354890328015145081e-03
1.354917290711302224e-03
1.355090982708662692e-03
1.355587371598762723e-03
1.355590263236927098e-03
1.355947554709187580e-03
1.355961347365256713e-03
1.355858088394751738e-03
1.356179518995680741e-03
1.356223985132130102e-03
1.356330784514196437e-03
1.356181885346769344e-03
1.356271434686127193e-03
1.356418469316461204e-03
1.356584669327038327e-03
1.356610869559651562e-03
1.356303990725816599e-03
1.356602725308610202e-03
1.356419430412161191e-03
1.356407642317188382e-03
1.356649336519437669e-03
1.356741305716501443e-03
1.356573016427511285e-03
1.356654744537251836e-03
1.356078550584908105e-03
1.356072254644687331e-03
1.356170437074759490e-03
1.355858590364601973e-03
1.355944356399416692e-03
1.355702768303514638e-03
1.355449737470857058e-03
1.355243321146007689e-03
1.354956982557782358e-03
1.355335922908299526e-03
1.355190848393049647e-03
1.355167186476075470e-03
1.355093665698908030e-03
1.355220983206694525e-03
1.355071565604193265e-03
1.355307860282480275e-03
1.355389824410912179e-03
1.355331935672330615e-03
1.355435183820839079e-03
1.355470072952698465e-03
1.355904767711003933e-03
1.355940177293878069e-03
1.355851286016080759e-03
1.355916540615091518e-03
1.355944609635011079e-03
1.356198040980932922e-03
1.355920344883393804e-03
1.355859753764177434e-03
1.355612272480675356e-03
1.355620212759237617e-03
1.355739640606415473e-03
1.355233665452094862e-03
1.355400928849463150e-03
1.355241655689857746e-03
1.355321595514803745e-03
1.355280037795290491e-03
1.355481775121744311e-03
1.355450221083512406e-03
1.355675378952104050e-03
1.355738075173439083e-03
1.356262617446297222e-03
1.356506236504290922e-03
1.356743812887862806e-03
1.357379446924333183e-03
1.357657405185684662e-03
1.357825380864029338e-03
1.358025919501442552e-03
1.358425636469120590e-03
1.358842810408891332e-03
1.359249730119853339e-03
1.359376004283010609e-03
1.359676358651269257e-03
1.359491637613370303e-03
1.359234718601232518e-03
1.358923802954445067e-03
1.359309875503000344e-03
1.358974372781422907e-03
1.359042920310667927e-03
1.358856743463794300e-03
1.358717168210647839e-03
1.358662801844818906e-03
1.358639535772797899e-03
1.358507521201875179e-03
1.358836971461271220e-03
1.358838700272871174e-03
1.358439246939008218e-03
1.358578197480001795e-03
1.358834546279176362e-03
1.359002925523790416e-03
1.358901720160959978e-03
1.358767362616807766e-03
1.358829813690238869e-03
1.358934771651920973e-03
1.359036816393251060e-03
1.359012923795252037e-03
1.359136825122973791e-03
1.359075773410817331e-03
1.359255130207018747e-03
1.359062541950445098e-03
1.359251681193662364e-03
1.358969636057991235e-03
1.358776592326550780e-03
1.358980259616476838e-03
1.358807801817403993e-03
1.358576103365921302e-03
1.358276481471262873e-03
1.358029426259434397e-03
1.357839733818358950e-03
1.357569657917913602e-03
1.357254318592568355e-03
1.356891929741433625e-03
1.356437094091529324e-03
1.355941655631794345e-03
1.355925510733418460e-03
1.355442996652323059e-03
1.355272792902911978e-03
1.354854255802751982e-03
1.355016400259151680e-03
1.354567462774838296e-03
1.353945114520213903e-03
1.353730608145368519e-03
1.353648796623897104e-03
1.353653908051114570e-03
1.353318321808305537e-03
1.353452320670457849e-03
1.353388522899907041e-03
1.353531352074396812e-03
1.353251571762212205e-03
1.353543793585475349e-03
1.353687442465109593e-03
1.353875402391482158e-03
1.354053058382020600e-03
1.354166230147466586e-03
1.354393936229117629e-03
1.354819222509327532e-03
1.354854873730033374e-03
1.355000672677353791e-03
1.355162483858016621e-03
1.355201869863757302e-03
1.355180526715826003e-03
1.355017151204703516e-03
1.355349581170788411e-03
1.355342013859608171e-03
1.355444702080011669e-03
1.355404830168656849e-03
1.355627613287534346e-03
1.355599262783998638e-03
1.355548530575886434e-03
1.355517263785455378e-03
1.355681202497153017e-03
1.355542691667006167e-03
1.355437847125923363e-03
1.355308227418775815e-03
1.355119989415292650e-03
1.355045968431187057e-03
1.354995995672896459e-03
1.354773523627846032e-03
1.354739396501986179e-03
1.354994756196240598e-03
1.354985807221387346e-03
1.354550798960848157e-03
1.354739986321834956e-03
1.354672524158476946e-03
1.354073002589015282e-03
1.354432720752029489e-03
1.353887355812614848e-03
1.353864718682347337e-03
1.353704441854689834e-03
1.353987507493272738e-03
1.353946081445799509e-03
1.354067413485306138e-03
1.354142685305858088e-03
1.354022065125359397e-03
1.354017794711134684e-03
1.354079218494229223e-03
1.354321238765116963e-03
1.354512184248162290e-03
1.354520657742322529e-03
1.354429642340152732e-03
1.354480044437183887e-03
1.354728883412586928e-03
1.355094942433661106e-03
1.355087650132208530e-03
1.355368683832969658e-03
1.355113209851649533e-03
1.355524037790111196e-03
1.355324178131163014e-03
1.355341338568700994e-03
1.355032385529780564e-03
1.355280922771026414e-03
1.355295807859231618e-03
1.355430342249105274e-03
1.355231521789311772e-03
1.355336687452108647e-03
1.355350372785028281e-03
1.355139619027298167e-03
1.355435389572946922e-03
1.355277093512195167e-03
1.355122551806664435e-03
1.355047045084224614e-03
1.354990333016877890e-03
1.355131932242994042e-03
1.355063074069133089e-03
1.355088558328844048e-03
1.355173813918691657e-03
1.355283664141890016e-03
1.355338440975341948e-03
1.355186428689466932e-03
1.355284483709871205e-03
1.355133636874702400e-03
1.355326727036546648e-03
1.355323120100861188e-03
1.355213804289133852e-03
1.355304238966279808e-03
1.355492158054285830e-03
1.355635650804814770e-03
1.356120632986219368e-03
1.356168958819712255e-03
1.355988866295697749e-03
1.356177757070514429e-03
1.356357168711869437e-03
1.356415842271024332e-03
1.356332006315528419e-03
1.356217898371434158e-03
1.356294957940777342e-03
1.356283042001094888e-03
1.355969319927772263e-03
1.356090977159098111e-03
1.356121278230762494e-03
1.356017823195681702e-03
1.355732784014380878e-03
1.355624925604800423e-03
1.355405578605351630e-03
1.355097242833756994e-03
1.354907996075560171e-03
1.355168086875204857e-03
1.354916410113574674e-03
1.355005902708979236e-03
1.354896361129545070e-03
1.354685833829111447e-03
1.354354726970682758e-03
1.354078295308831304e-03
1.353844548539993257e-03
1.353645576254773825e-03
1.353520943009316451e-03
1.353765047368843920e-03
1.353652478273655166e-03
1.353523885217793304e-03
1.353654908973064711e-03
1.354164204746167869e-03
1.354266908829010983e-03
1.354084781533738740e-03
1.354125977639610403e-03
1.354297989812935574e-03
1.354551472780181820e-03
1.354637027559814138e-03
1.354760870022936933e-03
1.354629535860557739e-03
1.354466418333631324e-03
1.354312020704427416e-03
1.354414803255460809e-03
1.354207220075353190e-03
1.354504555576673073e-03
1.354091773009639347e-03
1.354037662363579341e-03
1.354148957390866352e-03
1.353975410970894785e-03
1.353960084999461435e-03
1.354011255117808839e-03
1.353987694884063123e-03
1.354168706244412990e-03
1.354365045080553175e-03
1.354644661501597106e-03
1.354823544638691143e-03
1.354770373482401405e-03
1.355283038380110817e-03
1.355561845070326352e-03
1.355642297717454424e-03
1.355791239902436312e-03
1.355862834397849204e-03
1.356153650263837050e-03
1.356204536896022609e-03
1.356421261948334133e-03
1.356369558329717593e-03
1.356249377641315264e-03
1.356185294407329881e-03
1.356344066518741899e-03
1.356537426156560235e-03
1.356552893082498164e-03
1.356475021932999469e-03
1.356613251571102711e-03
1.356483831493790829e-03
1.356448863356234926e-03
1.356406825970001267e-03
1.356244435074135729e-03
1.356512038538626105e-03
1.356514977757935017e-03
1.356693675599218024e-03
1.356915648446008248e-03
1.357096216737132708e-03
1.356787583856648282e-03
1.357238996639000472e-03
1.357345425055718740e-03
1.357444552485797097e-03
1.357604034936057188e-03
1.357722060965937385e-03
1.357984029664714275e-03
1.358489821864416634e-03
1.358653355215666157e-03
1.359115580951319102e-03
1.359170532881006938e-03
1.359536788552658665e-03
1.359743262135221795e-03
1.359798889544458662e-03
1.359973864566024456e-03
1.359912141535927956e-03
1.360183508916862913e-03
1.360482397185814500e-03
1.360667728877411635e-03
1.360814405069286828e-03
1.361284242635617692e-03
1.361239217311171644e-03
1.361547523085005276e-03
1.361546718654555723e-03
1.361941089602014153e-03
1.361655134615921735e-03
1.361634265662119928e-03
1.362327273411926545e-03
1.362512924384107855e-03
1.362635965320491789e-03
1.362526563822568032e-03
1.362646727915907581e-03
1.362269436151708436e-03
1.362213784984201911e-03
1.362287605589581089e-03
1.361956009019991889e-03
1.362315674540268704e-03
1.362158460444332650e-03
1.362031227233646488e-03
1.362090855412713582e-03
1.362099735573483713e-03
1.362104781473485581e-03
1.362187776667890971e-03
1.362372519119221066e-03
1.362281590444396626e-03
1.362065071154135946e-03
1.362065634757790361e-03
1.362163484800716718e-03
1.361905924189982416e-03
1.361343226195376333e-03
1.361518431512395407e-03
1.361189839956611488e-03
1.361110547075024832e-03
1.361012193855680192e-03
1.361250846962852546e-03
1.360902875419257255e-03
1.361147349193304315e-03
1.361095783086095634e-03
1.361218300688973480e-03
1.361093426709062033e-03
1.361224860677646411e-03
1.360975318114388726e-03
1.361116271752038729e-03
1.361021345142613076e-03
1.361052997218057878e-03
1.361242339334110211e-03
1.361319897674082360e-03
1.361252632638338062e-03
1.361345897899943333e-03
1.361283094217351610e-03
1.361181499713960035e-03
1.360938898161882229e-03
1.360662418082428599e-03
1.360636212808245989e-03
1.360427893727291599e-03
1.360207448176054858e-03
1.359972121101850426e-03
1.359771062901699327e-03
1.359822415363712723e-03
1.359420685033900338e-03
1.359131771124411905e-03
1.358827129209205569e-03
1.358552092834145819e-03
1.358465953715292177e-03
1.358339798057586019e-03
1.357917421200568282e-03
1.357862729047298487e-03
1.357903601032580190e-03
1.358031957654150202e-03
1.358119927215594314e-03
1.357854384902570672e-03
1.357555217257575735e-03
1.357650783486781922e-03
1.357627161635801671e-03
1.357722063561351070e-03
1.357660224239317336e-03
1.357736802211033942e-03
1.357736271364610699e-03
1.357508323599654777e-03
1.357303503214201453e-03
1.357580876725023467e-03
1.357346816394446130e-03
1.357379699129359577e-03
1.357441110750395212e-03
1.357243439901747138e-03
1.357220066106946434e-03
1.357641479794523048e-03
1.357632360388834987e-03
1.357819935614069853e-03
1.357986625543207990e-03
1.358306957647634899e-03
1.358345833494586669e-03
1.358452418913075896e-03
1.358445052780520631e-03
1.358834574897203364e-03
1.358958480768150939e-03
1.359127202766656451e-03
1.359366117685989516e-03
1.359709256848739070e-03
1.359864837333639616e-03
1.359860034625766942e-03
1.359753410060122146e-03
1.359854339389159755e-03
1.359915718527631443e-03
1.359725631432497214e-03
1.360004166068912905e-03
1.359981286715780798e-03
1.360385961897707732e-03
1.360903674335127780e-03
1.361209416979024603e-03
1.361304686050994689e-03
1.361513829141920663e-03
1.362039192186277744e-03
1.361706533883860369e-03
1.361855838029556046e-03
1.361793847543484644e-03
1.361741348993454875e-03
1.362053678260409214e-03
1.362131824763430010e-03
1.361854904631501885e-03
1.362153685214721180e-03
1.362566562921965502e-03
1.362693951345087884e-03
1.362586414589144531e-03
1.362710855660038316e-03
1.362667676605085459e-03
1.362407311005124372e-03
1.362559908031446641e-03
1.362346409302422857e-03
1.361932722473184303e-03
1.362117508035667283e-03
1.361750531954105661e-03
1.361490205214541897e-03
1.361041302660074420e-03
1.360800856160744197e-03
1.360441430433682614e-03
1.360242350646399725e-03
1.359976516095250023e-03
1.359845858282857263e-03
1.359729692627818223e-03
1.359437104330243245e-03
1.359126591046916485e-03
1.359155076668397671e-03
1.359147724136052990e-03
1.359064521432528988e-03
1.358919792741254033e-03
1.358832275249082780e-03
1.358974180277317369e-03
1.358871512027956703e-03
1.359101522022375776e-03
1.359170173427481400e-03
1.359070206045366516e-03
1.358927137563119324e-03
1.358995236269832036e-03
1.358604623566098514e-03
1.358634574619211862e-03
1.358415404203088721e-03
1.358331410033903697e-03
1.358687617646187583e-03
1.358458862174600915e-03
1.358247557370622673e-03
1.358332848972064596e-03
1.358571655958034892e-03
1.358850382951294795e-03
1.358883503802382157e-03
1.359070176501509571e-03
1.359082042315358637e-03
1.359097940298839742e-03
1.359264055827944916e-03
1.358878477769818278e-03
1.358957069052197384e-03
1.359216710965626979e-03
1.359519903487521782e-03
1.359452912421181721e-03
1.359745470888043279e-03
1.360229673460897851e-03
1.360297252711240067e-03
1.360557477054957472e-03
1.360910686275196508e-03
1.361114244704005613e-03
1.361134914919551317e-03
1.361487762616565150e-03
1.361198407822995305e-03
1.361732734457901661e-03
1.361799547641537930e-03
1.361628998155578300e-03
1.361857258850944540e-03
1.361814619617538087e-03
1.361940211680447762e-03
1.362156034112071241e-03
1.362255709387659875e-03
1.362521425467931070e-03
1.362217333065636688e-03
1.362087687776406464e-03
1.361911498996036486e-03
1.361810547403749906e-03
1.361895667202370945e-03
1.361944860848358224e-03
1.362012550282160018e-03
1.362152961146082149e-03
1.361694398198509421e-03
1.361407207552019867e-03
1.361040703790941100e-03
1.360912617882026505e-03
1.360484159176221812e-03
1.360178388254340651e-03
1.360051027283017133e-03
1.359671711834713800e-03
1.359521508466866088e-03
1.359271970687439286e-03
1.358939550871672911e-03
1.358977376010679552e-03
1.358950432225070016e-03
1.358549344857976288e-03
1.358552289159668932e-03
1.358794933975001912e-03
1.358573752308521107e-03
1.358428223574716966e-03
1.358601573531813484e-03
1.358451136917249126e-03
1.358282217410437679e-03
1.358641138715711502e-03
1.358161236047754567e-03
1.358044398674114212e-03
1.357975265206284648e-03
1.357744525712551538e-03
1.357758107332257807e-03
1.357428253680962454e-03
1.357412506306404903e-03
1.357560076251557645e-03
1.357269825105752526e-03
1.357237217603994356e-03
1.357202926900043108e-03
1.357132635899060665e-03
1.357069241217181890e-03
1.357085987016731646e-03
1.356839223944220681e-03
1.356672767182178418e-03
1.356470136575736859e-03
1.356730535646902486e-03
1.356866133870882020e-03
1.356956891943510027e-03
1.357006026147655883e-03
1.357077931522820188e-03
1.357121182920977389e-03
1.357002523065684680e-03
