3.938089569531641118e-03
3.938089569531641118e-03
3.571218307075444201e-03
3.175879160804076593e-03
2.961341411635396055e-03
2.747262593110577026e-03
2.608165143169229473e-03
2.507039451933802850e-03
2.439855996575761039e-03
2.380069609288282002e-03
2.367237966342778700e-03
2.350716787189100886e-03
2.342531227174938710e-03
2.347357445903405348e-03
2.373433453241784261e-03
2.415494063097421186e-03
2.502458471466955259e-03
2.793297219476645766e-03
3.109406008972120244e-03
3.467143931488266950e-03
3.825325461764136990e-03
3.986869478016629408e-03
4.116037922718956271e-03
4.401725900358073248e-03
4.947889504207960559e-03
5.310287084980903731e-03
5.440491690555447450e-03
5.565583598585966199e-03
5.666920845778985680e-03
5.845751566436530218e-03
6.147999659792830959e-03
6.444247139888770876e-03
6.500840646756067889e-03
6.681508740389786004e-03
7.115698050584962596e-03
7.574814275005844512e-03
7.916927487241995701e-03
8.123231567171837128e-03
8.194733300018373912e-03
8.345580016601647153e-03
8.572393751334578954e-03
8.761457192503641772e-03
9.046359286499458183e-03
9.386658188497850122e-03
1.033532657249110198e-02
1.106829529944553143e-02
1.121798155510662920e-02
1.172378675094013986e-02
1.215659052893035448e-02
1.252895720465791070e-02
1.296155122020481269e-02
1.322349863006785399e-02
1.374463324041342790e-02
1.397148440325178542e-02
1.400939976917368011e-02
1.435065876924277069e-02
1.462603164394855534e-02
1.494832697517590493e-02
1.540893313726722502e-02
1.620195664787578427e-02
1.675418357297033325e-02
1.723509485878546230e-02
1.770728417314207381e-02
1.795200946163763578e-02
1.817599215954348452e-02
1.868799672548210333e-02
1.929748145050345226e-02
1.978624307088687126e-02
2.044420847504336072e-02
2.128229636015098458e-02
2.184707871975999013e-02
2.217313648676246668e-02
2.293804292529372235e-02
2.351718937039808111e-02
2.417556176185493150e-02
2.489925853088701888e-02
2.534961258008229176e-02
2.583831696968172040e-02
2.658401579299211545e-02
2.741109723522787076e-02
2.802976502328562505e-02
2.876158621213690744e-02
2.961251604402936888e-02
3.015529535478422840e-02
3.075058911994582589e-02
3.132828557925281671e-02
3.188569565079572149e-02
3.277019571652078911e-02
3.367067931080924142e-02
3.477737608166414640e-02
3.553635215194302782e-02
3.598804863574526364e-02
