3.970125283118863986e-03
3.970125283118863986e-03
3.927601219401283782e-03
3.883714727369202112e-03
3.839195642511786070e-03
3.793812963992380417e-03
3.755230911771401895e-03
3.703618370653946872e-03
3.668375607953617765e-03
3.620649047782421338e-03
3.583426494257456810e-03
3.545898255787116333e-03
3.520808090224740276e-03
3.487782096468577519e-03
3.471912469950608985e-03
3.432016320473912571e-03
3.412979911776818989e-03
3.378270819631349394e-03
3.357238024763719523e-03
3.335940728022724483e-03
3.294476096149419331e-03
3.269811990960978278e-03
3.250310860420694940e-03
3.220862187488566022e-03
3.198033583655405989e-03
3.167068287573122313e-03
3.153118750700548926e-03
3.143673493774514806e-03
3.106419852236595117e-03
3.091567463070904031e-03
3.078707612432227732e-03
3.063748961786572945e-03
3.042753683700555409e-03
3.023520082139929867e-03
3.002644675238565208e-03
2.977526286845355932e-03
2.962167964185000862e-03
2.939455856672220681e-03
2.921757771775502967e-03
2.899408395306906586e-03
2.885353250040838084e-03
2.876503861782336770e-03
2.851697021356871392e-03
2.829592079123486540e-03
2.806250539594481661e-03
2.793931181290848151e-03
2.778687561611113688e-03
2.766071487501052702e-03
2.748896332280128564e-03
2.724542177519826899e-03
2.708461438333747452e-03
2.695957129740644137e-03
2.689213182658852647e-03
2.672724353201682765e-03
2.658934605800111414e-03
2.645239533959510038e-03
2.628766855801273426e-03
2.618512256823107408e-03
2.598923658455667106e-03
2.588234093804777768e-03
2.577132788190699547e-03
2.556798871803271818e-03
2.543646891223208181e-03
2.531107273806079694e-03
2.525741208927189535e-03
2.508202202896090728e-03
2.499062622555822243e-03
2.485711628546765674e-03
2.469730522897623480e-03
2.465621911219948760e-03
2.450401437156108676e-03
2.440440088193337933e-03
2.432200112846799427e-03
2.419975001207350616e-03
2.406946639161494650e-03
2.395731533767106371e-03
2.395957224100695674e-03
2.387595072190946965e-03
2.381309083954868955e-03
2.373163011612299846e-03
2.363023176778671249e-03
2.361875275120937576e-03
2.351062185832661442e-03
2.337726908665646239e-03
2.338246593843047640e-03
2.334252275930945829e-03
2.315343134454919943e-03
2.312665226644763927e-03
2.302612712459506644e-03
2.293704794436918736e-03
2.286136212679734745e-03
2.279254987279338666e-03
2.271025921961076794e-03
2.266434944319327058e-03
2.258468651172911186e-03
2.266190796838627158e-03
2.259071160259170600e-03
2.238289832968165874e-03
2.231165311798933258e-03
2.220384219488557263e-03
2.217850663633422030e-03
2.209179000721708200e-03
2.203302257070637211e-03
2.195948122058296280e-03
2.188394660388755589e-03
2.183247650506188985e-03
2.167017939874768540e-03
2.163645949719218697e-03
2.155209075440490604e-03
2.149424937906337704e-03
2.139003081131673426e-03
2.135910616777069500e-03
2.122191692844227137e-03
2.112350711820195921e-03
2.109130331808450800e-03
2.098710967059302587e-03
2.100612883622478971e-03
2.098875393018868798e-03
2.088458775997611722e-03
2.079208289605525249e-03
2.071864142946480691e-03
2.076054542787995894e-03
2.075566228426200307e-03
2.065807995652126083e-03
2.061686478831480183e-03
2.057744922992287874e-03
2.045052054460778229e-03
2.048122980475010520e-03
2.039712061939589691e-03
2.036795812349372330e-03
2.034473707797470124e-03
2.021545066805261002e-03
2.021817049429162991e-03
2.022191549315648096e-03
2.015475778329527644e-03
2.000736209088237964e-03
2.000927116122474918e-03
1.991216515712945518e-03
1.983151284597849031e-03
1.974992693659210433e-03
1.979775350788206233e-03
1.968498981438956096e-03
1.965192601075330288e-03
1.958456789068775076e-03
1.956224094034621566e-03
1.946605943652397665e-03
1.942083627771192932e-03
1.932317181134564181e-03
1.929094927489544489e-03
1.920304449430869972e-03
1.916964931070760806e-03
1.914435418729955145e-03
1.910628079557113003e-03
1.913502277236115660e-03
1.902488929727818310e-03
1.901889495849215343e-03
1.904261969586335673e-03
1.892722095950683274e-03
1.888624134991504942e-03
1.893589500685966855e-03
1.893817272548896759e-03
1.882642409416532053e-03
1.880243022146013297e-03
1.883463204568004397e-03
1.871802977628100320e-03
1.874071495149378036e-03
1.873351244142251000e-03
1.869438374500022315e-03
1.854280632212258707e-03
1.865044722429832916e-03
1.859293510927315140e-03
1.853828565935968734e-03
1.846623754307588107e-03
1.845875938171172336e-03
1.860832324989648238e-03
1.855261967987220520e-03
1.849722118153759821e-03
1.845804214534054952e-03
1.848378820527702771e-03
1.846884871471915490e-03
1.829397599167464743e-03
1.838671214004854691e-03
1.821827199702222028e-03
1.824991662833478408e-03
1.831459731569851481e-03
1.814839041192316217e-03
1.828701675947402069e-03
1.819743018753263450e-03
1.825949394889677703e-03
1.831860729227098236e-03
1.824922895817462183e-03
1.830284076777320993e-03
1.826096007352223790e-03
1.822354661752317861e-03
1.828272327796153646e-03
1.818824583876498284e-03
1.810580480119726964e-03
1.812281973975368027e-03
1.801701730790339871e-03
1.807630120114730185e-03
1.801736832585210373e-03
1.808039595882950188e-03
1.806299971698017114e-03
1.803487483295727759e-03
1.801078409652945474e-03
1.800619730936046546e-03
1.805665695185098858e-03
1.799967812381139762e-03
1.797512182834934066e-03
1.800103658432415741e-03
1.796432948424468452e-03
1.794564024583117454e-03
1.793858366288823879e-03
1.791836743951800114e-03
1.785487882298861890e-03
1.788023765656986943e-03
1.793906828432923449e-03
1.775849951846318695e-03
1.784965703267388671e-03
1.785623172262783102e-03
1.773037714807650447e-03
1.780778400762225277e-03
1.777023699933622533e-03
1.788932066372058262e-03
1.798825521796394711e-03
1.780263483566384879e-03
1.772662162359701791e-03
1.776196713668164997e-03
1.784164536194796438e-03
1.779552397373743936e-03
1.785710741661484646e-03
1.777744813949923026e-03
1.777115218534867837e-03
1.789432091733458158e-03
1.780663855085779131e-03
1.786445954071239550e-03
1.779443671694061826e-03
1.776960524531243264e-03
1.775383601720793804e-03
1.767017305553427245e-03
1.778308019475101148e-03
1.770435899540211307e-03
1.783244046095402904e-03
1.764986093709060115e-03
1.765824399135950675e-03
1.757546899380351248e-03
1.759998259630102604e-03
1.753171386212404922e-03
1.749619764234516817e-03
1.744237441239959328e-03
1.755676686045435806e-03
1.754817195297034066e-03
1.758047044701036054e-03
1.740092131448134219e-03
1.735010977463194741e-03
1.736432912354565370e-03
1.736109523015014113e-03
1.746559774863166211e-03
1.736664946187753975e-03
1.743087091704921803e-03
1.749388264395974023e-03
1.742724489635321837e-03
1.752263132447719239e-03
1.760110353994385514e-03
1.744076175011879774e-03
1.755939292676395036e-03
1.750576329246933318e-03
1.744536294568881747e-03
1.753521223104002142e-03
1.739754573273168342e-03
1.732669616709262917e-03
1.737243538185110269e-03
1.729368401967264603e-03
1.732088649308343321e-03
1.732260182435879778e-03
1.731282800025815347e-03
1.749562999242747869e-03
1.735099973134000611e-03
1.737397317671389094e-03
1.733349971450742462e-03
1.729877932798377710e-03
1.726215640193993432e-03
1.727558805006460061e-03
1.722667168185470750e-03
1.730292711875610137e-03
1.730422741862921911e-03
1.733204263853153860e-03
1.737389701804547843e-03
1.727693839904013724e-03
1.729516415251987262e-03
1.733077399150124813e-03
1.721983546284141901e-03
1.724635252208307811e-03
1.736267717294920397e-03
1.737812560962110784e-03
1.723809554971753207e-03
1.734958742262521832e-03
1.727524951940024667e-03
1.724666989787151028e-03
1.728394917217487793e-03
1.733079459844817172e-03
1.734650688009732426e-03
1.734322355756475007e-03
1.732941262419851686e-03
1.733922686269356818e-03
1.729955196391872417e-03
1.733932139445598175e-03
1.730734591162724724e-03
1.735222015391149532e-03
1.737367481193626689e-03
1.724208699975419068e-03
1.732901741096655414e-03
1.719258046072870329e-03
1.718538236175595063e-03
1.729374254158683134e-03
1.717399236207838541e-03
1.715339717477288922e-03
1.717892774545234967e-03
1.710387084071028196e-03
1.714427640069262704e-03
1.706091086528953782e-03
1.704938126603844622e-03
1.711202709121425634e-03
1.712939756399970348e-03
1.709870390034118988e-03
1.710873502206182364e-03
1.710925443293216447e-03
1.700508783163011753e-03
1.701204334005119567e-03
1.712790579739800713e-03
1.699350556578349027e-03
1.707004484389536758e-03
1.705181125851008709e-03
1.706599966282941515e-03
1.694669121933815468e-03
1.701239099071301299e-03
1.709111244858974379e-03
1.698255065726323332e-03
1.701534516381112121e-03
1.708806046526313615e-03
1.693211449261752604e-03
1.706560667337605726e-03
1.687611102718068962e-03
1.699791560334699188e-03
1.710028273154584827e-03
1.688942620226511560e-03
1.688469091702968087e-03
1.683002594053447992e-03
1.696803533944413189e-03
1.690884434699438475e-03
1.682905822277731963e-03
1.698295825649869927e-03
1.690189235488978288e-03
1.694379698706653713e-03
1.693517730362224544e-03
1.696114580154333947e-03
1.685695104311349347e-03
1.685946005654178313e-03
1.691381768479898904e-03
1.696132499537168293e-03
1.686165709436616761e-03
1.689101404264351956e-03
1.694880212826659028e-03
1.698217098218386244e-03
1.697774887930928421e-03
1.701397545124504022e-03
1.693258086561873991e-03
1.697117382687154908e-03
1.701036740242696738e-03
1.697412728568786604e-03
1.695831271779401142e-03
1.689272219513337971e-03
1.705408441212596894e-03
1.701907227413836142e-03
1.703323547209630983e-03
1.708983202392995015e-03
1.709157138394247445e-03
1.713592108780961345e-03
1.710594020862049027e-03
1.714489281893543694e-03
1.708918084696634063e-03
1.706557229886878670e-03
1.707881169806280868e-03
1.706096530271178358e-03
1.700098711011034918e-03
1.701918739997484911e-03
1.705851356096276146e-03
1.716082138401163210e-03
1.712315792760498801e-03
1.698595835922811883e-03
1.708141412687523954e-03
1.704624601105258954e-03
1.703891026099788042e-03
1.701728660582369846e-03
1.707790220586310982e-03
1.703627001594529506e-03
1.696313810201969825e-03
1.696556989054665747e-03
1.696211252610586948e-03
1.698970418789760200e-03
1.699776569171746040e-03
1.698028472983700464e-03
1.701509869717689714e-03
1.690583772575179672e-03
1.709014095742089406e-03
1.714016432427410350e-03
1.716210789085328894e-03
1.718913615277178897e-03
1.711038386755653990e-03
1.708293759135070611e-03
1.709437760383688372e-03
1.700651879835918820e-03
1.709387952032804516e-03
1.703283810848245849e-03
1.711323330276458797e-03
1.706745437549512644e-03
1.699618438887101754e-03
1.694270644399482450e-03
1.683019151308515638e-03
1.694646779395345311e-03
1.698706047353125675e-03
1.686115394777036982e-03
1.691987327810062563e-03
1.690837278659427286e-03
1.687619140896420194e-03
1.684819799481728810e-03
1.682788527028022734e-03
1.696570620818513894e-03
1.699375263302442280e-03
1.698793927620478135e-03
1.694223375774468960e-03
1.684662587213963617e-03
1.699832848962663052e-03
1.702066251803265647e-03
1.701087812864966091e-03
1.702987780368318566e-03
1.706736966551298997e-03
1.694897594524839412e-03
1.698463638558960799e-03
1.700984812690850816e-03
1.703719621113933096e-03
1.708907930911951435e-03
1.707122370174593172e-03
1.708753531751696199e-03
1.703591137422274474e-03
1.707376834298290208e-03
1.708225390873015009e-03
1.721456749940233292e-03
1.709600821707702670e-03
1.720501900455062658e-03
1.709356906235216193e-03
1.700731093681976270e-03
1.711508068402394682e-03
1.711373481779889178e-03
1.716659554934042665e-03
1.717583848347865221e-03
1.715623608434892417e-03
1.710339789267259361e-03
1.714655108746193949e-03
1.716383941701269625e-03
1.710204172897013654e-03
1.715683663097784979e-03
1.729945725852684258e-03
1.719639591406916948e-03
1.717914053959631758e-03
1.720937936237537007e-03
1.726260263257767009e-03
1.722318029011439761e-03
1.721289917483710295e-03
1.724820001165444650e-03
1.728965351725654520e-03
1.726705821382016042e-03
1.731946140731089809e-03
1.724938219826672135e-03
1.729044401380515307e-03
1.737187592259660648e-03
1.734141097898456727e-03
1.742331146822233365e-03
1.733194943005021910e-03
1.726562929722247819e-03
1.730363030634914263e-03
1.720794082076451854e-03
1.725588141796567448e-03
1.727993903856547050e-03
1.725663674406715262e-03
1.730366879910726205e-03
1.737416858868815568e-03
1.728483785875826280e-03
1.736994551171242929e-03
1.736352016250881317e-03
1.739290758589929695e-03
1.746726820124364565e-03
1.746684918932180216e-03
1.752529773896498817e-03
1.755571513190447210e-03
1.749396663638416857e-03
1.746507759573847187e-03
1.752207646810844451e-03
1.749946130942927128e-03
1.748838167169357955e-03
1.762364402387383167e-03
1.749150409594783101e-03
1.745583709855919258e-03
1.756044611381990181e-03
1.754053298473078277e-03
1.755325996635309508e-03
1.752420804645425569e-03
1.759952348522069452e-03
1.753190960498400173e-03
1.744622981369556075e-03
1.742892427100217398e-03
1.754055527112983711e-03
1.741740796322999380e-03
1.752821824197191292e-03
1.756335104032801181e-03
1.743392425675468040e-03
1.754317054045280650e-03
1.756498322939559426e-03
1.750472018228253638e-03
1.754478153661557073e-03
1.758706885910786642e-03
1.756876286261380799e-03
1.769787702087078458e-03
1.761392897682010836e-03
1.760881654298753797e-03
1.753719250603273314e-03
1.753381648966315185e-03
1.754546547085979223e-03
1.764091327012049567e-03
1.757827087511614709e-03
1.758592882533932446e-03
1.755742748109512946e-03
1.757608451158454259e-03
1.755578674890451727e-03
1.757453931598514443e-03
1.756864344223185671e-03
1.763874656698576722e-03
1.760699322383721399e-03
1.762616221560619513e-03
1.758515169370401809e-03
1.762065151082010993e-03
1.768900392500051023e-03
1.754269270300925663e-03
1.754538244970249095e-03
1.767283321302382188e-03
1.765214494239135488e-03
1.760810562299193992e-03
1.761204702221794757e-03
1.754625897055873702e-03
1.771030029086068233e-03
1.760698798084442710e-03
1.765607024918929317e-03
1.767559631269749942e-03
1.776270051989637571e-03
1.780628498541275348e-03
1.775518490304205674e-03
1.764728238614784528e-03
1.776739813008900489e-03
1.771778283934466545e-03
1.778482055518170639e-03
1.782483835850740906e-03
1.781749778450642278e-03
1.775475013819045400e-03
1.776852763862372649e-03
1.782762372591912420e-03
1.773953255368944729e-03
1.768284627866096746e-03
1.758614271453908971e-03
1.762916516416543431e-03
1.763203139013306154e-03
1.768569703552018077e-03
1.755837335455538890e-03
1.768921620200065688e-03
1.764366393313673365e-03
1.773965362082343235e-03
1.775088724626403339e-03
1.778037190682124928e-03
1.781160541339460402e-03
1.782774534115143163e-03
1.782132464775910757e-03
1.786789335968764960e-03
1.780335653608208215e-03
1.775215043382593000e-03
1.771618498270735630e-03
1.774345203166165404e-03
1.769790750067048654e-03
1.764126692081579737e-03
1.767706314869635972e-03
1.760761401916296478e-03
1.766800821933950166e-03
1.766867019102616064e-03
1.762779412275084423e-03
1.753578371374552849e-03
1.761610871218391309e-03
1.757953023663872544e-03
1.763398537905483399e-03
1.759705007233059500e-03
1.752283474266423755e-03
1.756513314474004040e-03
1.756090139075229279e-03
1.757845311440028781e-03
1.760393183333688579e-03
1.753992532466972431e-03
