3.967177345828656193e-03
3.967177345828656193e-03
3.722602191958310127e-03
3.493749651602586544e-03
3.313556578891329891e-03
3.125881870917503538e-03
3.027118331433844862e-03
2.946008215724799529e-03
2.871382313681870423e-03
2.798074108451549611e-03
2.734244744170049191e-03
2.689655653068744046e-03
2.633885675257675602e-03
2.578442649041335234e-03
2.537722426232644300e-03
2.503692549538218820e-03
2.468982134646337690e-03
2.425183766716906136e-03
2.402148039502206411e-03
2.381052466102386109e-03
2.363079836281576241e-03
2.346155249358499503e-03
2.325802109809766826e-03
2.314838246628298998e-03
2.308372281545206361e-03
2.296385942545605980e-03
2.292143661723484993e-03
2.304155441734284573e-03
2.305450739640949737e-03
2.298319727643383537e-03
2.313604101378329697e-03
2.334258608444338395e-03
2.377304311534820299e-03
2.424036549213172409e-03
2.429658898372425834e-03
2.453592455202594468e-03
2.548595866216113882e-03
2.598146337221150272e-03
2.660304342618379902e-03
2.748877007670702012e-03
2.897713875455321195e-03
3.263850154135826930e-03
3.416348004465037756e-03
3.645535673124585246e-03
4.014502672256006592e-03
4.126582554084248268e-03
4.225187289700991534e-03
4.423800783608921108e-03
4.612085676018444491e-03
4.677728226613414586e-03
4.649903246516350237e-03
4.587917366660595499e-03
4.653741286251710137e-03
4.923101442658409099e-03
5.249653826917633284e-03
5.387783968003699922e-03
5.448740801593902894e-03
5.587617343086918702e-03
5.711062792972631391e-03
6.118036702580217402e-03
6.552246569700007073e-03
6.844156693389761952e-03
7.163401195183626870e-03
7.418828977858154400e-03
7.694678226051048474e-03
7.934088616897573554e-03
7.947612016642135319e-03
7.905750400295582722e-03
7.975845013547562881e-03
8.097361085158611901e-03
8.328990747653001667e-03
8.616126514804188855e-03
8.827627743594863852e-03
8.969286245259467175e-03
9.032209907425328699e-03
8.982584771356494358e-03
8.892387049129656801e-03
8.960913188494632267e-03
9.229114294253248571e-03
9.544278692050130533e-03
9.675110157869194066e-03
9.762935850236407684e-03
9.913233109157816927e-03
9.935716573401131083e-03
1.008061118024527157e-02
1.020830552098533732e-02
1.036120014078816508e-02
1.055044241490098005e-02
1.065776717879096495e-02
1.087000861409272157e-02
1.116575542381702604e-02
1.138954686407371401e-02
1.136701357874614522e-02
1.141835767402071475e-02
1.158094776782484479e-02
1.174879514078761532e-02
1.189216968731284484e-02
1.198742163554620752e-02
1.214530896510121298e-02
1.238298991644270521e-02
1.255142150188001855e-02
1.279708857508820262e-02
1.308459009354633919e-02
1.327185713579470509e-02
1.360625611528533570e-02
1.401026552632177527e-02
1.423910802532439741e-02
1.449589174561567717e-02
1.469891552777184002e-02
1.492361365326765922e-02
1.518822325161002691e-02
1.543062985466734337e-02
1.569235916376841844e-02
1.580383871956886344e-02
1.580507452531125165e-02
1.590588833896788151e-02
1.615675058862580879e-02
1.647504399231906197e-02
1.678814292531047997e-02
1.706780907879881445e-02
1.741928803074992496e-02
1.783076531358911490e-02
1.814927369479351835e-02
1.838570746768909692e-02
1.869460560172917646e-02
1.902883496713206682e-02
1.935104640000393297e-02
1.966899981932425726e-02
1.992488131135136675e-02
2.014481006536745014e-02
2.019475047753903005e-02
2.038705578646316657e-02
2.072071086774781093e-02
2.084898172517002726e-02
2.099235344287469704e-02
2.111307529834976701e-02
2.126111396606236714e-02
2.153690720847848891e-02
2.181280228134152219e-02
2.207933884445289346e-02
2.240435271899083453e-02
2.271691554738115154e-02
2.300543930161647044e-02
2.326684820689202057e-02
2.357610182393281989e-02
2.386303310147494874e-02
2.409837258217452025e-02
2.428236033320508788e-02
2.455121125695047118e-02
2.487779082073639583e-02
2.494742552677405717e-02
2.542992726144773646e-02
2.594086086227858842e-02
2.626230057135331419e-02
2.656731087490046828e-02
2.676299106092808883e-02
2.708546146301509319e-02
2.739644384267895041e-02
2.759682866876545654e-02
2.776221124872949031e-02
2.807218400901401872e-02
2.844425213317421444e-02
2.869806132364219331e-02
2.895477834898045957e-02
2.928652596982804501e-02
2.958540588908497096e-02
2.974310782592258159e-02
2.988873992778420113e-02
3.042944913097594267e-02
3.081085158589445816e-02
3.105015151704479393e-02
3.133314215412980747e-02
3.159966092021087442e-02
3.189010138876659933e-02
3.220324597843995940e-02
3.242986233647828648e-02
3.272019510724272912e-02
3.293868057290559592e-02
3.317104131438595310e-02
3.357340504679449250e-02
3.394251280476592164e-02
3.434679769124764082e-02
