3.878051102496090589e-03
3.878051102496090589e-03
3.291483934737322262e-03
3.161825496116746695e-03
2.945683884605299757e-03
2.839497805860307159e-03
2.896224543421450394e-03
2.881703414700914883e-03
3.014179995300889960e-03
3.335478794546538599e-03
3.704478580298435370e-03
4.298877245299722802e-03
4.749951420202508726e-03
5.563217977830524526e-03
6.016085365814764774e-03
6.545141478345995606e-03
7.093227749360906352e-03
7.722143745008099372e-03
8.091685487133954205e-03
8.491740995484779037e-03
9.004301928189566151e-03
9.713991620916706884e-03
9.821277689532007665e-03
1.017971805765098374e-02
1.035554433835450018e-02
1.099564135301407848e-02
1.143259958604247312e-02
1.210133558076728795e-02
1.275099918375954475e-02
1.308486746153981507e-02
1.355132870234371061e-02
1.464575642832766783e-02
1.512819984232692712e-02
1.544271063031828206e-02
1.616549474181936882e-02
1.693410891655111258e-02
1.747269838238608639e-02
1.809861975576045404e-02
1.834345746234576288e-02
1.880622743324084772e-02
1.922065764948827429e-02
1.975104766553978028e-02
2.078021241623024054e-02
2.148913186159986249e-02
2.234220753402970175e-02
2.279915415718120411e-02
2.359446683661885549e-02
2.455135470986591698e-02
2.472841274924730132e-02
2.529246111338889769e-02
2.610397045802148250e-02
2.648502205100719542e-02
2.705663676067409512e-02
2.766266333543642916e-02
2.811709563403725146e-02
2.900611828826333075e-02
3.024957895999859370e-02
3.045798695531468092e-02
3.110821356364250334e-02
3.148895283636881509e-02
3.245842441234101511e-02
3.358165475324004223e-02
3.408283249189107689e-02
3.451464148344750987e-02
3.505246269135939285e-02
3.586234990546782742e-02
3.663435075288499349e-02
3.740803912900357575e-02
3.815103766385184031e-02
3.810167057579504080e-02
3.920601673183443658e-02
3.970833813094970521e-02
4.057738938637808768e-02
4.114143129561394219e-02
4.198661218666056849e-02
4.238727463512530214e-02
4.276434099076816681e-02
4.401701891304850289e-02
4.431548904930539268e-02
4.501402236202937251e-02
4.525466029181050148e-02
4.570203610590245491e-02
4.688428994878601069e-02
4.752589315796477976e-02
4.805563221271881569e-02
4.829030685641057252e-02
4.912809624305458644e-02
4.926292715043883302e-02
4.989793340968555480e-02
5.024297126122284629e-02
5.032368332929661181e-02
5.118203484939729681e-02
