3.938089569531641118e-03
3.938089569531641118e-03
3.345841749401809277e-03
3.198471968371848027e-03
2.879030438592417897e-03
2.779759473657580308e-03
2.654705906346012823e-03
2.618930519618256625e-03
2.557574328425513306e-03
2.506921201287679729e-03
2.507708311021663704e-03
2.461132152371113980e-03
2.512158832079260107e-03
2.545463158561444769e-03
2.574566504466623777e-03
2.731151623678488433e-03
2.956041868184895033e-03
3.550947258213145354e-03
3.749321410349125243e-03
4.175448353063456949e-03
5.088146968141396033e-03
5.608703184325488506e-03
5.927549092406318547e-03
6.479364882993902432e-03
6.763802184906193837e-03
7.482104356602261447e-03
7.871122952911065521e-03
8.429030959512790952e-03
9.155797525001741974e-03
9.449743376733585332e-03
9.678327027162135845e-03
1.000671680209451464e-02
1.038982821888751601e-02
1.063551902341328993e-02
1.103544250834712429e-02
1.147375563960222403e-02
1.200875955100019765e-02
1.200168739952551210e-02
1.244815697492299839e-02
1.298477105651768895e-02
1.390271091413149314e-02
1.456036294613661554e-02
1.558999982731453481e-02
1.625228381322866081e-02
1.655190800433108816e-02
1.702883429125369094e-02
1.785865495799399821e-02
1.867426862394269693e-02
1.913570163058474216e-02
1.970198007174128046e-02
2.019754413874269225e-02
2.066269543406539649e-02
2.097326058340811053e-02
2.186178564340850866e-02
2.299748466388661788e-02
2.363676984114866653e-02
2.444908865751802343e-02
2.491579820009199100e-02
2.555861893432216994e-02
2.616204600694543858e-02
2.675804828952551076e-02
2.741061587616129558e-02
2.790331471028969015e-02
2.862772163977743770e-02
2.902108195289325454e-02
2.973981713929146203e-02
3.090322387990872277e-02
3.130516567468628192e-02
3.201863784303210503e-02
3.275734786925408454e-02
3.361280652771021088e-02
3.435322231768375006e-02
3.513088070575590138e-02
3.563621758939494732e-02
3.691833862245409020e-02
3.752402913969546394e-02
3.807439676812852253e-02
3.866537583186024224e-02
3.927552565275069935e-02
4.040110996378829672e-02
4.094172495225444075e-02
4.191468217134830532e-02
4.226508758739046245e-02
4.294387255590535746e-02
4.384931142766585604e-02
4.461462252117624760e-02
4.530865095967052253e-02
4.626467266756632835e-02
4.644794829615141868e-02
4.665720432569870485e-02
4.725401226869269805e-02
4.798446879417658101e-02
