3.970125283118863986e-03
3.970125283118863986e-03
3.862750739651284095e-03
3.816487841728259927e-03
3.726168189772905044e-03
3.685481201635409758e-03
3.630857489427248650e-03
3.585505880564912335e-03
3.528698431183312396e-03
3.492021525169807482e-03
3.450043945401685182e-03
3.416734699298272331e-03
3.388709735659188246e-03
3.360983071990907706e-03
3.331658339213793268e-03
3.303543945850362807e-03
3.279329873052984172e-03
3.254946543642748755e-03
3.228672401348659741e-03
3.207684573644654057e-03
3.184733259929311503e-03
3.164649635284360555e-03
3.142524613096700416e-03
3.125399052009788896e-03
3.104586682242061781e-03
3.082162078887480151e-03
3.062113576171040987e-03
3.042425357125862814e-03
3.023799705072471953e-03
3.006681543324295474e-03
2.991696470759056155e-03
2.976058139914713237e-03
2.961516018078895560e-03
2.948062897933813233e-03
2.934214465519907004e-03
2.920358252652252053e-03
2.903719682564160059e-03
2.888443684061302048e-03
2.874060931375009564e-03
2.860238812973869404e-03
2.845807692835501321e-03
2.831048240536376479e-03
2.816380844597329413e-03
2.801918377022447580e-03
2.787693681436713422e-03
2.772715541280322896e-03
2.759230917126187597e-03
2.747067815747746000e-03
2.733820690370310485e-03
2.721343043531779075e-03
2.711281034081001757e-03
2.698659123391212132e-03
2.685324027151923722e-03
2.671475405970302058e-03
2.658709649535675231e-03
2.645734107568531186e-03
2.632538450583251938e-03
2.619104408299649002e-03
2.605806703443209072e-03
2.596293156797450843e-03
2.584724723609697818e-03
2.572367387694213421e-03
2.558771985819185014e-03
2.544685184330537902e-03
2.533579322760909358e-03
2.523127226823645378e-03
2.510357186471957186e-03
2.497019675868499683e-03
2.484721309468814789e-03
2.474330772894859937e-03
2.465202368062443042e-03
2.454300307554683515e-03
2.444601679613569219e-03
2.435715112948822359e-03
2.426347014945636014e-03
2.417431496129286792e-03
2.407197036423152931e-03
2.395510228801196306e-03
2.385130680047056057e-03
2.376076196107086702e-03
2.369805329808193344e-03
2.362159278407756444e-03
2.353138112608353476e-03
2.346679622192208731e-03
2.342759439985850085e-03
2.337969996302441660e-03
2.334087041179271245e-03
2.330033191704108334e-03
2.324143814044686129e-03
2.317207777513768593e-03
2.311668081443789876e-03
2.310438625372071564e-03
2.305383522884480330e-03
2.301221396220552891e-03
2.296088150548871495e-03
2.292629630247599790e-03
2.289237804768648812e-03
2.284690214928186604e-03
2.282112744569853458e-03
2.277181210536474622e-03
2.270154085989847109e-03
2.266961066377977396e-03
2.260041443281706440e-03
2.255882346268942192e-03
2.251021293808666383e-03
2.245949927063733195e-03
2.241588961683691535e-03
2.238045608611878481e-03
2.234627770654968107e-03
2.231098040435087505e-03
2.230144974070866811e-03
2.229486315956877122e-03
2.227445241486356291e-03
2.225637395241547318e-03
2.224613644560430922e-03
2.223627422843112676e-03
2.222808603283346618e-03
2.222552914516073581e-03
2.221385320835528917e-03
2.220745510452922650e-03
2.218849202756020909e-03
2.217794831641904576e-03
2.214689998539606623e-03
2.212014318378262116e-03
2.211043914685050134e-03
2.211030041500355349e-03
2.212497560182666214e-03
2.213275102803341152e-03
2.213072339124810221e-03
2.212305024132641979e-03
2.210654269525294709e-03
2.209674634663916486e-03
2.208927063110744347e-03
2.209632581032955692e-03
2.208331868865094465e-03
2.205780479169158845e-03
2.202274576270882300e-03
2.199105473449528957e-03
2.191460933095652937e-03
2.187633865274995777e-03
2.184909436991561062e-03
2.184062085180313827e-03
2.179382481493892607e-03
2.175633993011555530e-03
2.172160691765169255e-03
2.167850870253991077e-03
2.167653846323922689e-03
2.166362127553436798e-03
2.166134555717629147e-03
2.165461816003050322e-03
2.163085000593722475e-03
2.163469352561647307e-03
2.161925199289526592e-03
2.160432511828698238e-03
2.158356540109626891e-03
2.156478694040171555e-03
2.154381964118799470e-03
2.152503356122986624e-03
2.152348352677567814e-03
2.151843871544374936e-03
2.151173586709314526e-03
2.151642732151464073e-03
2.151934139734795227e-03
2.152184724800662759e-03
2.152468806266748507e-03
2.151734059355286943e-03
2.152029911120508215e-03
2.151142416577353760e-03
2.150251722365457974e-03
2.149624769580483260e-03
2.150615798335350770e-03
2.151544355351268836e-03
2.151668377880710473e-03
2.149621071976616938e-03
2.147906328810826430e-03
2.149466914073644517e-03
2.148596292728060554e-03
2.148429879003463210e-03
2.146564593103254120e-03
2.145745606301887286e-03
2.143358996245974327e-03
2.141013331466067038e-03
2.139326538092770850e-03
2.138325971242915902e-03
2.138341156506730519e-03
2.136288072379375139e-03
2.134128671499569817e-03
2.131620177626603833e-03
2.129935970133546314e-03
2.130640792275842639e-03
2.130371939322829849e-03
2.131001089703756565e-03
2.132412097726752234e-03
2.134208043554505340e-03
2.135754352230657960e-03
2.138012589005916422e-03
2.138039856364492338e-03
2.138182266025224609e-03
2.136728413820951095e-03
2.134645116981493621e-03
2.132351500962611449e-03
2.128754532785168043e-03
2.128151017367936083e-03
2.125062443527265740e-03
2.122508548434946709e-03
2.119768169777953588e-03
2.118443771708753993e-03
2.118139044709500644e-03
2.116676260749544413e-03
2.116333775461440476e-03
2.117780256774072153e-03
2.118726681801157662e-03
2.119694988764363446e-03
2.121406867346499036e-03
2.122573070953527336e-03
2.122533576951061377e-03
2.125605763117500210e-03
2.128699487993937749e-03
2.130215792302206021e-03
2.132255131072569032e-03
2.131731982005960046e-03
2.131670273427691952e-03
2.129395875642025975e-03
2.127100864952452802e-03
2.123686062446632130e-03
2.122262989640558931e-03
2.120799785392873168e-03
2.120088553590845915e-03
2.121492752984987726e-03
2.123776969132331639e-03
2.122410042988643816e-03
2.121797623908889315e-03
2.120714741044045244e-03
2.122102462362461528e-03
2.122696966789509431e-03
2.123737997238320241e-03
2.123762648083891199e-03
2.121908163314478735e-03
2.121910670123352497e-03
2.121298238156419692e-03
2.119660214862796599e-03
2.120996781011717097e-03
2.121984378901343397e-03
2.123770042801296012e-03
2.124757803716501893e-03
2.126378034176788084e-03
2.127136332228247908e-03
2.128838864740573503e-03
2.127742452892599032e-03
2.126863827529799997e-03
2.126667292228686182e-03
2.126293731996880230e-03
2.127209216608506870e-03
2.126234820546375054e-03
2.126120465924768825e-03
2.127386576994766843e-03
2.127314887042814143e-03
2.127068973647215557e-03
2.127206986919470168e-03
2.127696116744593260e-03
2.126274661466346586e-03
2.126451607558386969e-03
2.126916225877259568e-03
2.128605430039791531e-03
2.130488073908253042e-03
2.132375254807548047e-03
2.133364827023309651e-03
2.132124672692242619e-03
2.133951399627121576e-03
2.136579506896676538e-03
2.138223807225046215e-03
2.140590212495906662e-03
2.143914737844819767e-03
2.148411383802930220e-03
2.150461265904183433e-03
2.151462074912252869e-03
2.153862798721701936e-03
2.155428907465958312e-03
2.155963027038753504e-03
2.157676708013038687e-03
2.161559419982784190e-03
2.162475028850196612e-03
2.162627777971141366e-03
2.165912457419307598e-03
2.167259291356258069e-03
2.166680852126802535e-03
2.167153105578392171e-03
2.166541655882110902e-03
2.163319818403242664e-03
2.162033268797978070e-03
2.162687757819849350e-03
2.165788788867629294e-03
2.166907218748485506e-03
2.169692701193634814e-03
2.168767709541871268e-03
2.173392575375449227e-03
2.176387172722393792e-03
2.180963975960510497e-03
2.183477131102724671e-03
2.187816793672343538e-03
2.190984556264637638e-03
2.194501888468443958e-03
2.194492934297705752e-03
2.198391374109025503e-03
2.199316568408475440e-03
2.205055908771045865e-03
2.207577402969020629e-03
2.212000014574765430e-03
2.211935511654802237e-03
2.217179888515153491e-03
2.223286129021366606e-03
2.226985157992164392e-03
2.220771112717650608e-03
2.219167174403429820e-03
2.219347369707286473e-03
2.221999378859283465e-03
2.221019168010844244e-03
2.229519332935105385e-03
2.241694698843521485e-03
2.253256724641725019e-03
2.261280159676150835e-03
2.266180357965973287e-03
2.273140978762719193e-03
2.282845243853949980e-03
2.297439389101818986e-03
2.310974296805528867e-03
2.321251415214174545e-03
2.329661117571434157e-03
2.336881361732786808e-03
2.342666698077836614e-03
2.344958941471071093e-03
2.348295238962151091e-03
2.348358343970124995e-03
2.348270620807968792e-03
2.347237425050242680e-03
2.352479714748058250e-03
2.353329246149424119e-03
2.357562431259520828e-03
2.359524177102512339e-03
2.364855225381629067e-03
2.370315286455820444e-03
2.374690037578707554e-03
2.376015149754114476e-03
2.378877000177103285e-03
2.381086223536953844e-03
2.381258547080101085e-03
2.381470302192985160e-03
2.381321827892690212e-03
2.382670076711689445e-03
2.379584549391136877e-03
2.373752321173751029e-03
2.374259411111225883e-03
2.371346190863759130e-03
2.374827751638254169e-03
2.378272597988074707e-03
2.378547493762807503e-03
2.385847795100200924e-03
2.389417977810098966e-03
2.396926350105731910e-03
2.402834917669355395e-03
2.411608835527476614e-03
2.417604302499814974e-03
2.422488330934882781e-03
2.425860004563910183e-03
2.429335303767154574e-03
2.431177849932807805e-03
2.432309406202068196e-03
2.428766357135780322e-03
2.426002930599013233e-03
2.422966023731568282e-03
2.419963059563703597e-03
2.417055728991873362e-03
2.415670723499006335e-03
2.416898316118824917e-03
2.415550033666462228e-03
2.415930261778311862e-03
2.416416402655240537e-03
2.417841093778379160e-03
2.420130980941966915e-03
2.420243522810522612e-03
2.429315449231630227e-03
2.431026971859970298e-03
2.430984954897136806e-03
2.434890807869362437e-03
2.441899585110878131e-03
2.443879396800661703e-03
2.450681997441864907e-03
2.442819041854984909e-03
2.443952469193171832e-03
2.447962551839048990e-03
2.444970203897739273e-03
2.444976569517947305e-03
2.443569328375029461e-03
2.438572187998509951e-03
2.436483186080819728e-03
2.435899220377806765e-03
2.431702230743073949e-03
2.428126794744491640e-03
2.426711937908670232e-03
2.427350491803126429e-03
2.428223324257611400e-03
2.426251719281859263e-03
2.424038347086639698e-03
2.415498746701640921e-03
2.408171220255638997e-03
2.402008013973603272e-03
2.399664181234905259e-03
2.398864819452732784e-03
2.394144433608747825e-03
2.391723931719808190e-03
2.389987601143160091e-03
2.383508970369293926e-03
2.384058773402214764e-03
2.387295639067323148e-03
2.387541477096746193e-03
2.391427541231486067e-03
2.397253183162285049e-03
2.401081894124179866e-03
2.402530275714403075e-03
2.409087273688631081e-03
2.411409437239204253e-03
2.415252300452248695e-03
2.414815399424205793e-03
2.416638705605806889e-03
2.416453051122849274e-03
2.417037031717066391e-03
2.412197545736503336e-03
2.409791781068312561e-03
2.406027949745840819e-03
2.402846035307821052e-03
2.403148235431196589e-03
2.402766466190344764e-03
2.402082232298963314e-03
2.402214541158066447e-03
2.402624139348448918e-03
2.402342452412234864e-03
2.397161219369594188e-03
2.396290674466892631e-03
2.396876081361219452e-03
2.401129364898407607e-03
2.403227875032686468e-03
2.407215933704212781e-03
2.408680383558339019e-03
2.410010759519645718e-03
2.408762991974575454e-03
2.410922130928744647e-03
2.408531813164606610e-03
2.406547155119050183e-03
2.407740044562347095e-03
2.406290943947561774e-03
2.400884957853578403e-03
2.402824203137316882e-03
2.399340253788568092e-03
2.401304267852586837e-03
2.401687457525850979e-03
2.402479539260255707e-03
2.402926427343859625e-03
2.400448842746592468e-03
2.400157642916915437e-03
2.401564922345443640e-03
2.407500416840351216e-03
2.404468974885559749e-03
2.409006074141151980e-03
2.410039870841022228e-03
2.413148304484357375e-03
2.409435494137577346e-03
2.414895118180081842e-03
2.404365634719849050e-03
2.410800888264109671e-03
2.405031621090449219e-03
2.406783752113889844e-03
2.401462088098190242e-03
2.401725027878039674e-03
2.399598435307717138e-03
2.401653850864477521e-03
2.400625965012483098e-03
2.395453461871410988e-03
2.397794625088509567e-03
2.395099201313796722e-03
2.392984706585097199e-03
2.394017766973973935e-03
2.391782995178406545e-03
2.391430605733890942e-03
2.391487630299287022e-03
2.391970167413947062e-03
2.395876897987291206e-03
2.396697153502490383e-03
2.401902271252525679e-03
2.406765645736974255e-03
2.408828853298480930e-03
2.410393520931649203e-03
2.407033379697191052e-03
2.408602573752053385e-03
2.408628180223672255e-03
2.407954732755059665e-03
2.406239944399237753e-03
2.402350165742199190e-03
2.399216903424379165e-03
2.398614790893198023e-03
2.394358672824987641e-03
2.388446077925706918e-03
2.384796565992715594e-03
2.382667426868248419e-03
2.386459844651014125e-03
2.386929383269458579e-03
2.391248673910855837e-03
2.395812733640570371e-03
2.397917371778549630e-03
2.398908283446958990e-03
2.398354678362986554e-03
2.403017435255054568e-03
2.406802448064725066e-03
2.407332252152177051e-03
2.411069235896631281e-03
2.410784099175092201e-03
2.409109644895615632e-03
2.410446920510188589e-03
2.407407209848465290e-03
2.402203756045699894e-03
2.399006818270795708e-03
2.394821738030811480e-03
2.392134821697912157e-03
2.390885941309788508e-03
2.390005365620690141e-03
2.390184791630446150e-03
2.394294266546995349e-03
2.393221108058331877e-03
2.391219532912918638e-03
2.395547631236062593e-03
2.398252088291569824e-03
2.396650414716559440e-03
2.402752251206300739e-03
2.408248516091926993e-03
2.411718704304951794e-03
2.413646764093544273e-03
2.414057682926730626e-03
2.420645998570048613e-03
2.416351332786267903e-03
2.418606571699532127e-03
2.414033252358614365e-03
2.415541159460465447e-03
2.419321413635955667e-03
2.428545969638195960e-03
2.437287008066983500e-03
2.441358239745274224e-03
2.443174834986744891e-03
2.448272874862501489e-03
2.455853688648420869e-03
2.471378573978468256e-03
2.469695356670155266e-03
2.479188477824584812e-03
2.496698327909284681e-03
2.506839115189921259e-03
2.520283770330874074e-03
2.532955852487750893e-03
2.547254664301397842e-03
2.552493038823456899e-03
2.554154521180186568e-03
2.563801944058119540e-03
2.572656125598117398e-03
2.570339236119087000e-03
2.572232234647540364e-03
2.564944737941039429e-03
2.559972766069709173e-03
2.552428039901746652e-03
2.555110923888648938e-03
2.548136445962558873e-03
2.549940372351600180e-03
2.549463313291661787e-03
2.550095586718720102e-03
2.544442783343958767e-03
2.541820774453540550e-03
2.543855734699592645e-03
2.544924222609005939e-03
2.548177628598106287e-03
2.552953908406614420e-03
2.560085616056197080e-03
2.559144188479519928e-03
2.567128075046492576e-03
2.571720405564424054e-03
2.577316927092248959e-03
2.577745311549460919e-03
2.584303823388270794e-03
2.586920363505194626e-03
2.590952420777295050e-03
2.590702840460431134e-03
2.602908460324058083e-03
2.615824440326710090e-03
2.617942334479604009e-03
2.626646370950252562e-03
2.633088496512292227e-03
2.632890051236707728e-03
2.629775299634758406e-03
2.631675660704429088e-03
2.633363562223662701e-03
2.633833800363704486e-03
2.633852319433702040e-03
2.636203179485934519e-03
2.640795297680644058e-03
2.649880471750590705e-03
2.649231909463197615e-03
2.660009125805906996e-03
2.661352993942456627e-03
2.666567302175237852e-03
2.670555903727023575e-03
2.671638394381332330e-03
2.671894833890738757e-03
2.667741891795629046e-03
2.663465764035987966e-03
2.665989605860984765e-03
2.665944813059207153e-03
2.666784741463889587e-03
2.664461048798144691e-03
2.662881244830164144e-03
2.669453645622998222e-03
2.670062433032637916e-03
2.677271703600154866e-03
2.678528614357048639e-03
2.686313212073338993e-03
2.686821630715953684e-03
2.691220154246873764e-03
2.688066164800240535e-03
2.684044687467561623e-03
2.683128800404233245e-03
2.673336959657726230e-03
2.671732095810706170e-03
2.660896356159381769e-03
2.661278787222400109e-03
2.658600954488533463e-03
2.659917826097890538e-03
2.658532774332772724e-03
2.658968626106850228e-03
2.663990447574107745e-03
2.666071012774976282e-03
2.672849614423353486e-03
2.672475717915687513e-03
2.679944843748007302e-03
2.681149127229400485e-03
2.688495608404850752e-03
2.690312815453229072e-03
2.701842917418806160e-03
2.703080573791286252e-03
2.707094671116527535e-03
2.707573397020964726e-03
2.707794223394079190e-03
2.711063461629639997e-03
2.714392612315329016e-03
2.713809871982354131e-03
2.707440686961093673e-03
2.704335066532525568e-03
2.698190539271545004e-03
2.699347364452253043e-03
2.701450541076779073e-03
2.700785284459869106e-03
2.706603048663509120e-03
2.708114719270179622e-03
2.711561955031182962e-03
2.717205576876311791e-03
2.718591744296044305e-03
2.725045612573264841e-03
2.731322789745898455e-03
2.730673426041694413e-03
2.731041184335421951e-03
2.732256011889598862e-03
2.728809482887275747e-03
2.726893187469586061e-03
2.730354682574963939e-03
2.726068995466897609e-03
2.726413696609545235e-03
2.722910109632157780e-03
2.730179768498419094e-03
2.735012458541610271e-03
2.740045329005250108e-03
2.737413698788676401e-03
2.741155127525069825e-03
2.749849494750446731e-03
2.747103849786185735e-03
2.749346596132769185e-03
2.744460034298806198e-03
2.746391326804337868e-03
2.739449665015120366e-03
2.735058081287935865e-03
2.731681240808322194e-03
2.730794238992559179e-03
2.728820499462199321e-03
2.726437982638667875e-03
2.730492566999139208e-03
2.732324399013878313e-03
2.733176316761805943e-03
2.738536246946961326e-03
2.739957125501309328e-03
2.743795475260431532e-03
2.741256573055150282e-03
2.743698728582761107e-03
2.736836711239490783e-03
2.745170189393202412e-03
2.738498785681117622e-03
2.740407049232378416e-03
2.740449911208541617e-03
2.732651977645873548e-03
2.732189849579757558e-03
2.713629047854828561e-03
2.710287827541191415e-03
2.694529627091546420e-03
2.695186681299022429e-03
2.692726605754120362e-03
2.698213717279194894e-03
2.697164528923263853e-03
2.706740065953800595e-03
2.707285037221817021e-03
2.717997767426190512e-03
2.723820957005799754e-03
2.733817074851438780e-03
2.741823910260778215e-03
2.743938235484280098e-03
2.753883864694440554e-03
2.757574737827868296e-03
2.764499982797857976e-03
2.764221415138257403e-03
2.764454883192992221e-03
2.761014675135114484e-03
2.755908938921859588e-03
2.755334393063029082e-03
2.751008418570064559e-03
2.752603385988947569e-03
2.748470406063748418e-03
2.748504406653446298e-03
2.742574448934513055e-03
2.741175330598146723e-03
2.736282502875808306e-03
2.741117153928510509e-03
2.741848582270016346e-03
2.752543070179366749e-03
2.754285315923782340e-03
2.764576167631910015e-03
2.774312671669173971e-03
2.783663581223876776e-03
2.784155197277725802e-03
2.782395938535278147e-03
2.782452112008954558e-03
2.787101791881570027e-03
2.786950388402719553e-03
2.782224357572997062e-03
2.779879609192465427e-03
2.775674092190321459e-03
2.774943525876760308e-03
2.774983037641096367e-03
2.779668350970009028e-03
2.784118532806707964e-03
2.792765810990076748e-03
2.798950806434026897e-03
2.800687648747480704e-03
2.801033079801456757e-03
2.803097249598961345e-03
2.805569767709318804e-03
2.808277641281480257e-03
2.810577091603709294e-03
2.806477341625711591e-03
2.810532303226827896e-03
2.811528686833920671e-03
2.807579780941625320e-03
2.801898955759218445e-03
2.795327296985342796e-03
2.792815902181043988e-03
2.795085940213750276e-03
2.793463265079650006e-03
2.799044276590344042e-03
2.804192828638510729e-03
2.807269559135552352e-03
2.811542541263965279e-03
2.816320993641479621e-03
2.819443544299686522e-03
2.816474592067567083e-03
2.818390086393635346e-03
2.819033245985215572e-03
2.818045631425048457e-03
2.816269429528470234e-03
2.813418252225311639e-03
2.813219443900073433e-03
2.814464191388269844e-03
2.806225471801486199e-03
2.807747948436166603e-03
2.813586126397238461e-03
2.818065121055413763e-03
2.809941585049550734e-03
2.813806371630327933e-03
2.817452096536616178e-03
2.818769641707494916e-03
2.816230260009841644e-03
2.825947962779420519e-03
2.838160275967061864e-03
2.837210920814238393e-03
2.842411406307702743e-03
2.843646986993006876e-03
2.843076413167703546e-03
2.843787550280031575e-03
2.851618557930113776e-03
2.851645319540487260e-03
2.852079964766511457e-03
2.850408047721012493e-03
2.852903779777154255e-03
2.855747232884655196e-03
