3.967177345828656193e-03
3.967177345828656193e-03
3.641933979062521570e-03
3.532906086893630032e-03
3.287568795799403198e-03
3.194505984824128758e-03
3.071308342558135094e-03
3.015883959094757625e-03
2.911276798059724610e-03
2.871837770317643354e-03
2.807869297254496355e-03
2.767994940224758043e-03
2.735455804524083122e-03
2.695096779229230310e-03
2.676298669347192821e-03
2.646955657810628765e-03
2.633387924876597237e-03
2.613493568450121762e-03
2.657826323415670398e-03
2.728774142823628575e-03
2.765279860561153848e-03
2.718908421411021879e-03
2.858576804520990885e-03
2.885670702317141845e-03
2.842048759963193300e-03
2.882175382996603891e-03
3.000024412982567421e-03
3.039984397885533464e-03
3.135796152568338761e-03
3.175218953970512011e-03
3.220644383086051967e-03
3.244430561193914226e-03
3.291321076515205894e-03
3.295214085328769960e-03
3.307013486909168073e-03
3.340890379865621169e-03
3.355368202636771144e-03
3.409727215030430077e-03
3.428929930704813396e-03
3.451458960638654691e-03
3.363683843097986081e-03
3.383458016817899282e-03
3.386830218573593648e-03
3.435382782653441901e-03
3.486239873701796159e-03
3.570943346017894492e-03
3.615528268786265612e-03
3.622180630613873204e-03
3.641636872136744946e-03
3.572164164416373813e-03
3.652266603311892131e-03
3.694413314816541449e-03
3.778630635440368563e-03
3.822386237461095591e-03
3.905219305304529192e-03
3.987307929934993424e-03
4.078974068947784949e-03
4.077519533282180503e-03
4.189218481329431802e-03
4.259073382094696533e-03
4.432740607924829518e-03
4.497654715793465534e-03
4.662562082988957156e-03
4.751477606549209774e-03
4.785861681307384402e-03
4.852663126199926492e-03
4.875422887024805085e-03
4.915734247305480510e-03
4.997042086230991248e-03
5.155318223494887407e-03
5.138202219774081446e-03
5.207937807563914334e-03
5.348578822458219251e-03
5.351555235614488884e-03
5.435312909532192052e-03
5.462061323303937267e-03
5.572147426098124183e-03
5.660740869827043768e-03
5.781709689412205602e-03
5.807758179983902452e-03
5.889087826962086797e-03
5.958805575207570988e-03
6.047019757716374719e-03
6.130212198855415108e-03
6.162296981980816372e-03
6.265859934031255477e-03
6.676234011185430695e-03
6.613920854092297449e-03
6.812107850314701001e-03
6.929729830884350829e-03
7.036708504406275454e-03
7.206530081789250773e-03
7.433192042798504248e-03
7.567948269620863519e-03
7.512831915947335536e-03
7.692101452860405225e-03
7.763724085426438118e-03
7.991139672145200143e-03
8.254406213854210972e-03
8.510607070859727702e-03
8.766203389871694146e-03
9.036325702553789016e-03
9.371439737524597455e-03
9.642781384116434415e-03
9.987040488947586392e-03
1.027325478883966449e-02
1.053350384327247924e-02
1.066153333261705624e-02
1.076554581953267919e-02
1.103428730100391129e-02
1.125077649716460688e-02
1.122638283719426706e-02
1.162460082408311654e-02
1.143874739336546605e-02
1.177458072036341799e-02
1.196799013174196930e-02
1.211242943878617848e-02
1.230503212657125915e-02
1.253240041334537438e-02
1.264349375467874702e-02
1.298534772025757705e-02
1.318817224710759628e-02
1.337237830080533971e-02
1.366739662863110209e-02
1.391919005230265842e-02
1.392808306238627232e-02
1.433286626473550228e-02
1.453242253486909316e-02
1.482987948406118937e-02
1.506529586949529459e-02
1.542599364128898268e-02
1.558626537500308433e-02
1.606228206959794264e-02
1.624825179584124188e-02
1.663736424277948919e-02
1.685717698312030541e-02
1.703424582900352549e-02
1.734700192476562944e-02
1.764837544435295114e-02
1.793851056327450816e-02
1.851686596624537232e-02
1.878447796811518952e-02
1.912162897689638485e-02
1.927572044406901386e-02
1.974391080077524466e-02
2.004474533089204910e-02
2.039304894043567074e-02
2.062299642206503678e-02
2.083369007439476658e-02
2.138242746713530165e-02
2.172411037314835383e-02
2.196100632767948244e-02
2.257096238991568304e-02
2.279429302329769383e-02
2.321185106240571464e-02
2.331607949990446502e-02
2.366427872104479718e-02
2.390373110991250716e-02
2.420631951409286248e-02
2.454175496193996067e-02
2.482273986026346108e-02
2.500178661487240453e-02
2.536694902374762167e-02
2.585539387725120306e-02
2.612840980305183858e-02
2.653055445423137954e-02
2.674863373196598865e-02
2.693595106804337266e-02
2.714263386855573362e-02
2.771752322802174123e-02
2.774087797942044117e-02
2.794344963395046719e-02
2.825858178226907033e-02
2.866282582983600835e-02
2.900296012745458632e-02
2.932283825139242808e-02
2.962471850829071288e-02
2.985782553515475835e-02
3.039716575293468712e-02
3.067098922973481370e-02
3.083989516752363297e-02
3.121809439668260175e-02
