3.945394954300631210e-03
3.945394954300631210e-03
3.944270908086978597e-03
3.935835053738206968e-03
3.921544351673573840e-03
3.910162121947013264e-03
3.901389940478049937e-03
3.894657046019863855e-03
3.889900477976412311e-03
3.882833481325130391e-03
3.875233257615687526e-03
3.869315593930536170e-03
3.858988202288427156e-03
3.850913165405308019e-03
3.847134608837010205e-03
3.838990915578422564e-03
3.833912228790870447e-03
3.827878535020346439e-03
3.820286551877211893e-03
3.814558922038931762e-03
3.805768404803482139e-03
3.801142397673333041e-03
3.793552149115013254e-03
3.789530086258808411e-03
3.782069055777299328e-03
3.774581037913130911e-03
3.772319458064212535e-03
3.762382077796433671e-03
3.758262981569583487e-03
3.749114824026817273e-03
3.743357558689357906e-03
3.736972307642633887e-03
3.731258059719274548e-03
3.723925150574671113e-03
3.714568211244789579e-03
3.707607954332970204e-03
3.700106275933613947e-03
3.695335004223338372e-03
3.691677568594844364e-03
3.686372552627424984e-03
3.679813080710936293e-03
3.672766110642202916e-03
3.668543698451615358e-03
3.664246176250978565e-03
3.658073184975003597e-03
3.653899915229779499e-03
3.645905914698033094e-03
3.641789200482559250e-03
3.636092871328808207e-03
3.629832388899408707e-03
3.626677530241003474e-03
3.620186725188692580e-03
3.612034770508967905e-03
3.605582578377032436e-03
3.599591381803565401e-03
3.594021478478752040e-03
3.588768343388366779e-03
3.584925589035083821e-03
3.577012853958105257e-03
3.573339470296160118e-03
3.567582415963303430e-03
3.561620967339635627e-03
3.555339780363528379e-03
3.548680479779388764e-03
3.544986459171050111e-03
3.537433991946653273e-03
3.533594510341019155e-03
3.529122437295788544e-03
3.522503043067452995e-03
3.519863497959360189e-03
3.515172750234012503e-03
3.508776612987984499e-03
3.505076686336549858e-03
3.499352434255258333e-03
3.497591263348388650e-03
3.490930780576761809e-03
3.486972758619382665e-03
3.479070077926097772e-03
3.476269656301892320e-03
3.470238527917121098e-03
3.464125971192028464e-03
3.461574504764222421e-03
3.453021927044751423e-03
3.452164770949232592e-03
3.446266838350163942e-03
3.437573291369468674e-03
3.433779198479938299e-03
3.427829490561836237e-03
3.424754496961437619e-03
3.418940207352750942e-03
3.414645346597923112e-03
3.407902750997247876e-03
3.403550253114063107e-03
3.396979503551147885e-03
3.391436025127982871e-03
3.389611760773132264e-03
3.383138255523822531e-03
3.377768694915082685e-03
3.375074918389335977e-03
3.369799110860255582e-03
3.364687631093207960e-03
3.358855644153797143e-03
3.351722788614627715e-03
3.346997585385158309e-03
3.341951263948395815e-03
3.336830882343337114e-03
3.333168828816188492e-03
3.326822823656213225e-03
3.320588516874780575e-03
3.313115011079243583e-03
3.308395940475032920e-03
3.306296892152240340e-03
3.301342725953081581e-03
3.295421472475789596e-03
3.293045077878333643e-03
3.286696795475921654e-03
3.283358545998007767e-03
3.278497791304673704e-03
3.275364421172985169e-03
3.269772915923840027e-03
3.262468562717453068e-03
3.259380195389968184e-03
3.255722605207894606e-03
3.250193394561360759e-03
3.245185162536376976e-03
3.243864228601495755e-03
3.237746597638987457e-03
3.233167905869368999e-03
3.228755543295361210e-03
3.222663976333280458e-03
3.221192275783127997e-03
3.215619265612855784e-03
3.212089221931360445e-03
3.208245512210283496e-03
3.204355222456517927e-03
3.198140360714140772e-03
3.195279590514548806e-03
3.189987331735993307e-03
3.183834208061596567e-03
3.181482046857780476e-03
3.176950777905334766e-03
3.171717390786355211e-03
3.170398259000789618e-03
3.163122969926842384e-03
3.157161455241734409e-03
3.153914722003808152e-03
3.148316567491429244e-03
3.143739592057074369e-03
3.138828455033593461e-03
3.134822849744546645e-03
3.131623457255230687e-03
3.127769755606825668e-03
3.123378910586997736e-03
3.119762362527998822e-03
3.114811890052813018e-03
3.112661611666176550e-03
3.108374407416792263e-03
3.106402595345503226e-03
3.102514982363654191e-03
3.097248210875821941e-03
3.094714153098622900e-03
3.089288855019542077e-03
3.086072722914977046e-03
3.081328032740221490e-03
3.078083251142339685e-03
3.073209549675394968e-03
3.070955569353155546e-03
3.066756606019791116e-03
3.062876311874977633e-03
3.060099177919949325e-03
3.053310872090755131e-03
3.051440241077654682e-03
3.050355708938648058e-03
3.045798338278081063e-03
3.043028239114812725e-03
3.039300857388404185e-03
3.035010939857578360e-03
3.035033877120323336e-03
3.027508334906323095e-03
3.022303353472028178e-03
3.020336121422125160e-03
3.016006585644276459e-03
3.012351482115434732e-03
3.010276475456587827e-03
3.004515941515869312e-03
3.000985719935736311e-03
2.996984316415449243e-03
2.995716425095134704e-03
2.990619084756313429e-03
2.988137350075527245e-03
2.984874797347453895e-03
2.979841688584932997e-03
2.978591111603394112e-03
2.975092293929417625e-03
2.971870199694406564e-03
2.967136822912657280e-03
2.965146829645810920e-03
2.960319298415049066e-03
2.959639496830116564e-03
2.954841481302373108e-03
2.952485629331773245e-03
2.947126474313802209e-03
2.944085512233180282e-03
2.942412168869581231e-03
2.936355202780289390e-03
2.938834947703923128e-03
2.933354821008243157e-03
2.929178233751586393e-03
2.924785396302319145e-03
2.919971421716424306e-03
2.916448808451018240e-03
2.915544893206870828e-03
2.911659711726301194e-03
2.910385431608507323e-03
2.905995693897668250e-03
2.904476432768773961e-03
2.900114887316327696e-03
2.898125966803310246e-03
2.892801073286386040e-03
2.892428628721792350e-03
2.889098357331807039e-03
2.886377785176217313e-03
2.884748762741847460e-03
2.883048739291231566e-03
2.880471943381434068e-03
2.878788972153577871e-03
2.875242595912315662e-03
2.870981537254150770e-03
2.868554464034337587e-03
2.866869901839504305e-03
2.862411565946134176e-03
2.860031458801208688e-03
2.857870584670650204e-03
2.851440688811169785e-03
2.849431173422008884e-03
2.846659649066904038e-03
2.842728513700282060e-03
2.839056974724301664e-03
2.840080040295867372e-03
2.834000555807297903e-03
2.832423038593557749e-03
2.827565376436923066e-03
2.827030466634319634e-03
2.822675198824434965e-03
2.819268553676283848e-03
2.812230983982870643e-03
2.811736850840772413e-03
2.808105998006686817e-03
2.807479464032993331e-03
2.804178483317541857e-03
2.802234904247270612e-03
2.798874494522773232e-03
2.794903545200988146e-03
2.792161726808791138e-03
2.788640517624337272e-03
2.783961029525039692e-03
2.780893692737760811e-03
2.780323787891818971e-03
2.777136563955734470e-03
2.773680420568098298e-03
2.770855332061810360e-03
2.769877918651895022e-03
2.765357837546489599e-03
2.766514619428900833e-03
2.761568136016616208e-03
2.757391475132369308e-03
2.756553023482102242e-03
2.749661473216121702e-03
2.749247993705336134e-03
2.744654065054104915e-03
2.743971764980763627e-03
2.740702536951748931e-03
2.738374538289594338e-03
2.731645465577926465e-03
2.731784452677916541e-03
2.727152518104548895e-03
2.722004134735395240e-03
2.721769470573300563e-03
2.718684674307920556e-03
2.717768483310040607e-03
2.715682131072212624e-03
2.714336884449382575e-03
2.709964819920475734e-03
2.705132757804809638e-03
2.706221900678806250e-03
2.700069020066365490e-03
2.697280397611131770e-03
2.696236819528683056e-03
2.690393562731659572e-03
2.688652359002505383e-03
2.687519696759362205e-03
2.683029353103666068e-03
2.679643265205773357e-03
2.679059080038868022e-03
2.675828242388923056e-03
2.671859150599108224e-03
2.671752422004145932e-03
2.668667965337657901e-03
2.665752266322330474e-03
2.664333930919479156e-03
2.661199298173743885e-03
2.658052020109088597e-03
2.657842617991958492e-03
2.652783703490226280e-03
2.652622683387005718e-03
2.649784316039578702e-03
2.646389519633910847e-03
2.647989988201955493e-03
2.645581764083586047e-03
2.642776939604741127e-03
2.638205507229349038e-03
2.634363149806891093e-03
2.630726684595791846e-03
2.629396715429392368e-03
2.626444054271751503e-03
2.623967497245772388e-03
2.622207210757308404e-03
2.619866521218824386e-03
2.620033274719363921e-03
2.617798233630300175e-03
2.614498047036594927e-03
2.611558875130195675e-03
2.609066904271732310e-03
2.604223498917919259e-03
2.600920630047632610e-03
2.598355944172514587e-03
2.597287261433055966e-03
2.596785008453788342e-03
2.594996419466033977e-03
2.590748039984347786e-03
2.588497593846174859e-03
2.589258101254968483e-03
2.588137970861971015e-03
2.584735157167837669e-03
2.582669379641318926e-03
2.584006351210238212e-03
2.577801590570163743e-03
2.576918583977935977e-03
2.571710841437737250e-03
2.570141125921800510e-03
2.566323717882660563e-03
2.566800012343817966e-03
2.562901633891134269e-03
2.559102104496596437e-03
2.557272956666666649e-03
2.553276725938770191e-03
2.552392387192695990e-03
2.548943807523304864e-03
2.552251205223630363e-03
2.545685305684723416e-03
2.544398665209302371e-03
2.544013998943419654e-03
2.540077939214149122e-03
2.538540304030098994e-03
2.536964405164935082e-03
2.534770020155202586e-03
2.530551497373150719e-03
2.531412717105946918e-03
2.530357883829725124e-03
2.529123321773479698e-03
2.526649389602603386e-03
2.525614782397392778e-03
2.523285582944215146e-03
2.519843543495320273e-03
2.517400566247458577e-03
2.515501317857415584e-03
2.512339676689978509e-03
2.510898277163135447e-03
2.509313095595539292e-03
2.507080635419626276e-03
2.506817982340735825e-03
2.500786265835638726e-03
2.503911528373460593e-03
2.498661928774124994e-03
2.497589443900651192e-03
2.497232071464923226e-03
2.497092542520778970e-03
2.497633364127512402e-03
2.495771644040507050e-03
2.495581366203974451e-03
2.492800484991928005e-03
2.488574176862653337e-03
2.488038149191176482e-03
2.487598644295633925e-03
2.482990320410701033e-03
2.479976109683829349e-03
2.480005816063734353e-03
2.477716253917302148e-03
2.476826907441371291e-03
2.476098140184559634e-03
2.472280191209087936e-03
2.467905157389765555e-03
2.467720129423718340e-03
2.465677852370454920e-03
2.464834455520980693e-03
2.463546748064978937e-03
2.459471585007548013e-03
2.456253160610836518e-03
2.452757237220101055e-03
2.449781217749896940e-03
2.449957050452110808e-03
2.447583230074479570e-03
2.442841123689957865e-03
2.441468440088647839e-03
2.437367414863253739e-03
2.436534409328562547e-03
2.435585327478111996e-03
2.430486486550901930e-03
2.430885997449709016e-03
2.426578207678402668e-03
2.426865390601906126e-03
2.427612012934084358e-03
2.424843578871980609e-03
2.422295938054525640e-03
2.418697029925138790e-03
2.416043751490628503e-03
2.415790527696273522e-03
2.410904320371392347e-03
2.412044045863434051e-03
2.410267026968352256e-03
2.408310859758196372e-03
2.402513998936421213e-03
2.401538216172133949e-03
2.400672493708551434e-03
2.397660759920402455e-03
2.395893280178534521e-03
2.393310823272913872e-03
2.390477937122595896e-03
2.392158532340055415e-03
2.391558822414570698e-03
2.391420023901658001e-03
2.387306290823828191e-03
2.386432687293256558e-03
2.386674740504504157e-03
2.383995126751424325e-03
2.383929356773519925e-03
2.381348390594102780e-03
2.382757172267383622e-03
2.378319146669448120e-03
2.381019762342609890e-03
2.378123666925199744e-03
2.377663743173144030e-03
2.376334751099463353e-03
2.375977951313999834e-03
2.376691086393956879e-03
2.372407683891709744e-03
2.370360388741806282e-03
2.371532796710600251e-03
2.369556592757612618e-03
2.368020277093736171e-03
2.368555031721013455e-03
2.368244055260407613e-03
2.365136397255379521e-03
2.365974713695642370e-03
2.359389982293891123e-03
2.355645946761864614e-03
2.352519720100470970e-03
2.351428954024575510e-03
2.351346755100267721e-03
2.350472350884543361e-03
2.354623100018193513e-03
2.351265743307406030e-03
2.347496373374047523e-03
2.345779801666192290e-03
2.343007410853552384e-03
2.343172641757631548e-03
2.341800927159820925e-03
2.339416210383005266e-03
2.338759828302271974e-03
2.332809024978923802e-03
2.331130031415432156e-03
2.329533856041515402e-03
2.328162470272909096e-03
2.324252127487546303e-03
2.324371103193516655e-03
2.323577915672276565e-03
2.323240296217537332e-03
2.321371259720151226e-03
2.323763248809949163e-03
2.321358275453303324e-03
2.322512939878006253e-03
2.320065873145025961e-03
2.318911053241194762e-03
2.315821068673305349e-03
2.314889117063620612e-03
2.311085358307249805e-03
2.311559526069939703e-03
2.307631019408903396e-03
2.307001213422680067e-03
2.307541237011862152e-03
2.306957502539816289e-03
2.306817251645036908e-03
2.304776802796676058e-03
2.304456524606520416e-03
2.303975920529184769e-03
2.300831327359142107e-03
2.301852518984030729e-03
2.300212725366924341e-03
2.298215788937108504e-03
2.291910772320119617e-03
2.293893019411829756e-03
2.293995901603112977e-03
2.291712843728255233e-03
2.292261670268890168e-03
2.289658833019955504e-03
2.287459390506735388e-03
2.284156616541105356e-03
2.282720181426858581e-03
2.279365772427536206e-03
2.279004786442980022e-03
2.276300788629687360e-03
2.275305670872220225e-03
2.275018504725673761e-03
2.273892803879648192e-03
2.274805096637753325e-03
2.273746253428193462e-03
2.275599222464349571e-03
2.275842502972578226e-03
2.271404812091162417e-03
2.268173424005901634e-03
2.269465849694844890e-03
2.268571654605639702e-03
2.266902211430188354e-03
2.266442111916277483e-03
2.263668306061836829e-03
2.264886860227083819e-03
2.263461528810284222e-03
2.262163989705546878e-03
2.256990729315427012e-03
2.255282302728880538e-03
2.254994386857148495e-03
2.252037886503150538e-03
2.246706788313895288e-03
2.243102450914193427e-03
2.243690171472809483e-03
2.243212267652586796e-03
2.244701316818558355e-03
2.240227020832441258e-03
2.240566967668654232e-03
2.237089538331298207e-03
2.235784830823099763e-03
2.235344923638600285e-03
2.235568238509470264e-03
2.236119152944802176e-03
2.232778110214166285e-03
2.233076558669962793e-03
2.232516864912846132e-03
2.230653766719606617e-03
2.230738667648011434e-03
2.228900200515972121e-03
2.226955935417270632e-03
2.226147501005315728e-03
2.228082367279194190e-03
2.225807175170770036e-03
2.226122751900206243e-03
2.224647609273819500e-03
2.223725127341074498e-03
2.223710489034078693e-03
2.222359739138381283e-03
2.220875257208775738e-03
2.220929619116915679e-03
2.219980203379474590e-03
2.223228041561710507e-03
2.219103352447012161e-03
2.219867010738426575e-03
2.216109748694084121e-03
2.213334289288010608e-03
2.216833274457787311e-03
2.213579685221156099e-03
2.212937033341395941e-03
2.210814628202442504e-03
2.210870034172861785e-03
2.209911806482725821e-03
2.207528482226153374e-03
2.207171274541922575e-03
2.207342942638541600e-03
2.201448348525225120e-03
2.203411590241498210e-03
2.203997260909230926e-03
2.204185926868788316e-03
2.201165284458723656e-03
2.198152186668033987e-03
2.195018467786119271e-03
2.194614381485274039e-03
2.194563154661891870e-03
2.194009451613124304e-03
2.189574272900192149e-03
2.191502296350563567e-03
2.190027794045189616e-03
2.189213122258703778e-03
2.189201013476175465e-03
2.187732025502096486e-03
2.187108588754222132e-03
2.185845527126773716e-03
2.187378601332348738e-03
2.187734302303505352e-03
2.188061413692147638e-03
2.182897521097210136e-03
2.183657237656645104e-03
2.183369887326358331e-03
2.181943587843142209e-03
2.178708836701227520e-03
2.176896688091018838e-03
2.174021682970661302e-03
2.175751057762569975e-03
2.172693838938770296e-03
2.172489856495821419e-03
2.174585136359674133e-03
2.171728455099552601e-03
2.173805358827423945e-03
2.170020779740921505e-03
2.170274927115819260e-03
2.168574340591692805e-03
2.169720211377748620e-03
2.165429908400041785e-03
2.167852280530019413e-03
2.170403662122078955e-03
2.164790638092091522e-03
2.165272510237818346e-03
2.163287334635412545e-03
2.160236170105697164e-03
2.161888561467776183e-03
2.161366842847564813e-03
2.159136406894458533e-03
2.155066264276142823e-03
2.156667616676329058e-03
2.157623977057861707e-03
2.156008232817026131e-03
2.155153301549687060e-03
2.158807045164299818e-03
2.155394475550633741e-03
2.155618721034177447e-03
2.155649293159345690e-03
2.156058888991421903e-03
2.155490918410044986e-03
2.155445474501650402e-03
2.155763343895558942e-03
2.156162558200529298e-03
2.156411518924500163e-03
2.155462762027724258e-03
2.154347966236996263e-03
2.150599504517049666e-03
2.150513597460824034e-03
2.148974454914071800e-03
2.145572495689774487e-03
2.148156814637221419e-03
2.143907113525965556e-03
2.144339388291689914e-03
2.142730769984132252e-03
2.142907928761258757e-03
2.141143801568358429e-03
2.139971195662937302e-03
2.139152209029983494e-03
2.140011897778743531e-03
2.137969247966690564e-03
2.138681651349335494e-03
2.136413711289569979e-03
2.137442898407636294e-03
2.134707137264297162e-03
2.133349087311237329e-03
2.132914318186372726e-03
2.130877156215109629e-03
2.127830354569456954e-03
2.126838364427403438e-03
2.125710089920268987e-03
2.126986326156359713e-03
2.126882831758270410e-03
2.123361226995051920e-03
2.121403385474347758e-03
2.120087546225529751e-03
2.121152974376455669e-03
2.117589481301504744e-03
2.117685867463346173e-03
2.116753864393539249e-03
2.117458592665345633e-03
2.118020495777009262e-03
2.113995818805080619e-03
2.115836465792781361e-03
2.113542017263725110e-03
2.115713026549841721e-03
2.112412173177363219e-03
2.111792499749404976e-03
2.112512042234926911e-03
2.107694033496683092e-03
2.112358459438377044e-03
2.105619583223915323e-03
2.105861436715566592e-03
2.107539685004890771e-03
2.106554892989474966e-03
2.104322019575110680e-03
2.104785695771522504e-03
2.103747666635067889e-03
2.101598039614639354e-03
2.102944588289238758e-03
2.102251966591257848e-03
2.102225544070933805e-03
2.098733000000440382e-03
2.097182019804633146e-03
2.098410860245386849e-03
2.098688803772891156e-03
2.099186749226963303e-03
2.097827155180928028e-03
2.094942405893409406e-03
2.094120506967820684e-03
2.095707032328131096e-03
2.094156508929241860e-03
2.090897437900574290e-03
2.090957253038767082e-03
2.092138286851966556e-03
2.091858880838286684e-03
2.088385920053165059e-03
2.084983933101827031e-03
2.087647997943521856e-03
2.088818652435289920e-03
2.087150883274539303e-03
2.087463977344997806e-03
2.084329381508767069e-03
2.085719019095372186e-03
2.084527740289040219e-03
2.084097789190372807e-03
2.081814513696396592e-03
2.080928332045085989e-03
2.081090912872980616e-03
2.080957980367458687e-03
2.080159514035408684e-03
2.077799625504694013e-03
2.077953509181194175e-03
2.073158596230497124e-03
2.074021384526647180e-03
2.074111176345783038e-03
2.072282101646032680e-03
2.073284482876920198e-03
2.069235181472940405e-03
2.071089337033819172e-03
2.067936822933499810e-03
2.070560229118615942e-03
2.065878975903702192e-03
2.066990800898177959e-03
2.065096728058304822e-03
2.064597370501806365e-03
2.064180917544623708e-03
2.063939779804906290e-03
2.063657400637742157e-03
2.063364149424326468e-03
2.063564450709052481e-03
2.061894461890658847e-03
2.064385256616698121e-03
2.060259941606984706e-03
2.060304119976767885e-03
2.061408152359685449e-03
2.059400149438998795e-03
2.058687968311154366e-03
2.062391791181123445e-03
2.059960956733034813e-03
2.057954126255776960e-03
2.057661902108408065e-03
2.056414658654922602e-03
2.055340477796386775e-03
2.054264279970886408e-03
2.052918615152931996e-03
2.052029342124814942e-03
2.049732910008779125e-03
2.046638893313905416e-03
2.045462760501671681e-03
2.046188696610408246e-03
2.047104858576788769e-03
2.046014337571953109e-03
2.040186230496527503e-03
2.043226048873596126e-03
2.038042785298210900e-03
2.038950107311967349e-03
2.038668942176653093e-03
2.035632434365679602e-03
2.036873251453099037e-03
2.035352655135122188e-03
2.032700043625892093e-03
2.030857180241860561e-03
2.029345820412652417e-03
2.027844912615266344e-03
2.026468658095804867e-03
2.025891255983520121e-03
2.026990901230969842e-03
2.025264220821499685e-03
2.020885673987301342e-03
2.020672178365331886e-03
2.018697908227694727e-03
2.019948226620291686e-03
2.018795311045279255e-03
2.019946307177095720e-03
2.019144084308178988e-03
2.016100633058155213e-03
2.015550005688094594e-03
2.012047800390034079e-03
2.011476669323677968e-03
2.012243156036841365e-03
2.011354517666511573e-03
2.015785546884325558e-03
2.012318898512245428e-03
2.014374532367837946e-03
2.014016268769549135e-03
2.013258970648327314e-03
2.014634763667528909e-03
2.013085478897510151e-03
2.011474571428039076e-03
2.013574059273580148e-03
2.010054719995393435e-03
2.009078051804966212e-03
2.009932332248827273e-03
2.010288902222625868e-03
2.007828855383067459e-03
2.010464540397153676e-03
2.009910867948445489e-03
2.005409251781491587e-03
2.003630248573666593e-03
2.000643140356119822e-03
2.001644440512626716e-03
2.001751652224114525e-03
2.002081590209725016e-03
2.005438908979674095e-03
1.999544096815424402e-03
2.000777894652761620e-03
2.004224418210412244e-03
2.001158107558067330e-03
2.002125626978987823e-03
1.998513435153490003e-03
2.000041682851387125e-03
1.997925928124600400e-03
1.997108178797566205e-03
1.996702712962939493e-03
1.995911811834195741e-03
1.993670435111165751e-03
1.991261799353208871e-03
1.993500351654250470e-03
1.991895663454226056e-03
1.990310806419122360e-03
1.989483378886936372e-03
1.991172921502536858e-03
1.987186868806772779e-03
1.986591202261574034e-03
1.987383491613075454e-03
1.985246246710755530e-03
1.988695927161819935e-03
1.985278438526766592e-03
1.986899233610262515e-03
1.984274005051167664e-03
1.986816325085100522e-03
1.984744474065715594e-03
1.984905086868637633e-03
1.984496959362340961e-03
1.983149846856684627e-03
1.983715521372914504e-03
1.985157027371923285e-03
1.982422994984087486e-03
1.982246540484882118e-03
1.983468745346001014e-03
1.982624491491520764e-03
1.983314269148453868e-03
1.983805857565758800e-03
1.984022770873621229e-03
1.980808272529049809e-03
1.978693516561274342e-03
1.976779555665523699e-03
1.974901302947862803e-03
1.972994996696052997e-03
1.972315122963011827e-03
1.971486018333676749e-03
1.970224423142518441e-03
1.970496632138598811e-03
1.971653431181187837e-03
1.965916803894850271e-03
1.969447659555285859e-03
1.968370601333516937e-03
1.968520187831283592e-03
1.968194970235694671e-03
1.969557515801282147e-03
1.968934748096923260e-03
1.966950795463405077e-03
1.967027773564694604e-03
1.964103565224005650e-03
1.964706092346077491e-03
1.962973983086552070e-03
1.961474529768173717e-03
1.961195476522883431e-03
1.961256859923213563e-03
1.958842673590591426e-03
1.959253385560168204e-03
1.961101582842065226e-03
1.957982329327566991e-03
1.957990067093480242e-03
1.953632416513834125e-03
1.952164661933226270e-03
1.952008402927436293e-03
1.950096487838212439e-03
1.949050445208244751e-03
1.950066059101346946e-03
1.946358088645408534e-03
1.944664756487443679e-03
1.944884133548252991e-03
1.942137799978123055e-03
1.945165123123002463e-03
1.944834782716144605e-03
1.945017520274535099e-03
1.944901661654588939e-03
1.945043064464006431e-03
1.941628939436065761e-03
1.939480302075380705e-03
1.940613462911387494e-03
1.939743681205611083e-03
1.939084514556037092e-03
1.937476073187833006e-03
1.937227386766092810e-03
1.933456767113278995e-03
1.933155675361346477e-03
1.936109909526125081e-03
1.935095039002346449e-03
1.934329474352674150e-03
1.934107246842497844e-03
1.935123305391636640e-03
1.930762168834276784e-03
1.931476212735095928e-03
1.931925775075817031e-03
1.931081042670914185e-03
1.930499524001671715e-03
1.929876174584471520e-03
1.932521958839794433e-03
1.926857259835407666e-03
1.924424775091737420e-03
1.928292211149691552e-03
1.925465606808062901e-03
1.926208512949886126e-03
1.925301033507258305e-03
1.924816307807189876e-03
1.928390477990067110e-03
1.926977115008401530e-03
1.923519985379716461e-03
1.923503586225199695e-03
1.926511315915042499e-03
1.925512552656650144e-03
1.923568430322888717e-03
1.923526179635638668e-03
1.922759719530125816e-03
1.921216624188237451e-03
1.921968215862809208e-03
1.920933961204483297e-03
1.921026692064832682e-03
1.921370612440524012e-03
1.920974499655050179e-03
1.921320127031339890e-03
1.917760861068640993e-03
1.920135264340375658e-03
1.914481885194930589e-03
1.915153038948316528e-03
1.913427205415689546e-03
1.914943574936845859e-03
1.911917620530413685e-03
1.911680319124802341e-03
1.908055469022962476e-03
1.907129698013731046e-03
1.909471265020514907e-03
1.909613015386049098e-03
1.905277326420332313e-03
1.906162554577803909e-03
1.906992151546696782e-03
1.904051347260076301e-03
1.904483350190716703e-03
1.900245404228116750e-03
1.899393242739163060e-03
1.901040796389739636e-03
1.899258384367299730e-03
1.899677586248091311e-03
1.902191466071587265e-03
1.900143801116196355e-03
1.901136484595833181e-03
1.902649932534971082e-03
1.900409114402098728e-03
1.901777730773891598e-03
1.899673482913755802e-03
1.900658733077564746e-03
1.901458039358063868e-03
1.901460828217558987e-03
1.903245280895331975e-03
1.902027089559490177e-03
1.900010007253634479e-03
1.900653485523746402e-03
1.898667003168196758e-03
1.898002798747758452e-03
1.898293535872482354e-03
1.898255797590656232e-03
1.899179426407807906e-03
1.897048366999110492e-03
1.901988114839566748e-03
1.901002200497884948e-03
1.901210166165885488e-03
1.903956708880087710e-03
1.901572840698606244e-03
1.900984318186427820e-03
1.901983989692983268e-03
1.902196907544609220e-03
1.902209737873851621e-03
1.898090623972395301e-03
1.901105050453009114e-03
1.903743419776291043e-03
1.900836290669455884e-03
1.897994135196289780e-03
1.896607822460921874e-03
1.897039496638924100e-03
1.893723481201140283e-03
1.893328552174166962e-03
1.893604793062175513e-03
1.891499601040491944e-03
1.894384395402518061e-03
1.892357193371296516e-03
1.893342880619631801e-03
1.895536156009380510e-03
1.897035093044858317e-03
1.897050650297524982e-03
1.896280930484161697e-03
1.899144045783511710e-03
1.900225193185935092e-03
1.897756487449421114e-03
1.898528310740245405e-03
1.898706149299508308e-03
1.898234887421164927e-03
1.898049202279390030e-03
1.895564310050875572e-03
1.896340756754890788e-03
1.896755141346817466e-03
1.898652529569651391e-03
1.895220034351991715e-03
1.899445039055835428e-03
1.900031217558751989e-03
1.897591311542618214e-03
1.895440942956908709e-03
1.893447990754046654e-03
1.894497192754631895e-03
1.896422974133752434e-03
1.896937552508067958e-03
1.894568755239898301e-03
1.892961548754398555e-03
1.895787049788854152e-03
1.891776706401366182e-03
1.892509397232300990e-03
1.890098696054769590e-03
1.889527388149564576e-03
1.888412899976095504e-03
1.890913700100618246e-03
1.889648720839405159e-03
1.890648852805892075e-03
1.891691702441061296e-03
1.889314994322383338e-03
1.891745640442312479e-03
1.889972289508378821e-03
1.889176732559699539e-03
1.892185158131046673e-03
1.894993540120027894e-03
1.895469406705576872e-03
1.896735966134296351e-03
1.894322325610047972e-03
1.895415209917647404e-03
1.892915604990914359e-03
1.894295878740374570e-03
1.895610169932441646e-03
1.895930504292708601e-03
1.894138379519534794e-03
1.892741814061089890e-03
1.892964616977306285e-03
1.894616801566085217e-03
1.892240882595131422e-03
1.889109335991998474e-03
1.890475872940707317e-03
1.888888186723997834e-03
1.890951115591522555e-03
1.889280703859117817e-03
1.890038382171851375e-03
1.886585127774904891e-03
1.888565065543821274e-03
1.889332754764172896e-03
1.888157836256172065e-03
1.885768943399436168e-03
1.885576030997439777e-03
1.884384182027403799e-03
1.885008352429321486e-03
1.881504240021839199e-03
1.884255181020398802e-03
1.885122598750051419e-03
1.885868622852972286e-03
1.880724615992745378e-03
1.882648200984108917e-03
1.885976279810726167e-03
1.882434155298221652e-03
1.880784911819009982e-03
1.880636206143426097e-03
1.883733609401017778e-03
1.882081097101766590e-03
1.885333589260763335e-03
1.881895029200052064e-03
1.884447340187592537e-03
1.882903993056666420e-03
1.888277570340567797e-03
1.886669683749198859e-03
1.886705415521331341e-03
1.888384431119511080e-03
1.887176224927243238e-03
1.886473490340250013e-03
1.887528331551093516e-03
1.888610944776519590e-03
1.888630960652908650e-03
1.886844697293802494e-03
1.887583910998242307e-03
1.886855321936686293e-03
1.885797617938421173e-03
1.886588084007754769e-03
1.885088944939397604e-03
1.883153034016100957e-03
1.883162155415616431e-03
1.882154334029537135e-03
1.882485136054405954e-03
1.883488469865782786e-03
1.879891586221052674e-03
1.878351442539974393e-03
1.879201733978276860e-03
1.879986511368724432e-03
1.879133625974872259e-03
1.876072666689665826e-03
1.878465074753606686e-03
1.874248665074225743e-03
1.874375988751545655e-03
1.874517302257500302e-03
1.875554661528972857e-03
1.878540502718375332e-03
1.876626304855883972e-03
1.880846007578236253e-03
1.880453297065441285e-03
1.878049148241090968e-03
1.878346195203283364e-03
1.876734781161649816e-03
1.879109570804233641e-03
1.881392965748944534e-03
1.880531820544674047e-03
1.882229102566822677e-03
1.882897174542950752e-03
1.883678913310984741e-03
1.881336397660811777e-03
1.879684251767767180e-03
1.879172815590828948e-03
1.879178701753769906e-03
1.880562968990117430e-03
1.879858605957899836e-03
1.880980608881273504e-03
1.880721221513429690e-03
1.881910255599598437e-03
1.878484826540098660e-03
1.874891977527145008e-03
1.875768418185047885e-03
1.875881033982820714e-03
1.874551730326773141e-03
1.871944433070781011e-03
1.871341358006513864e-03
1.871939539746126898e-03
1.871838236294457326e-03
1.876165043722373546e-03
1.877563543977846120e-03
1.876295858652704757e-03
1.876201466494132036e-03
1.879053866094913556e-03
1.874792507420411803e-03
1.878377781232696241e-03
1.878867969270101674e-03
1.875492140205543444e-03
1.879390288696110951e-03
1.877640352286072791e-03
1.877490028658866834e-03
1.876853805596150494e-03
1.879886928838254241e-03
1.881350950736861150e-03
1.875584971605646434e-03
1.873608174178417263e-03
1.876062941675541969e-03
1.874630490217493511e-03
1.874822825620405973e-03
1.873825345065711868e-03
1.873959847178936072e-03
1.873297223996433060e-03
1.870970906436331387e-03
1.875162159363958107e-03
1.872364236723968178e-03
1.870545218526241307e-03
1.869001125317786656e-03
1.867504086578156185e-03
1.865854467497538634e-03
1.870872474566156974e-03
1.868986529884028580e-03
1.869174009969419093e-03
1.866540117824755894e-03
1.870723826465448946e-03
1.868581825095925629e-03
1.868752170978776059e-03
1.868143554627582853e-03
1.869309084768942288e-03
1.871008992884832470e-03
1.866842476477319690e-03
1.869982922102270692e-03
1.870350011250675746e-03
1.868855248808744219e-03
1.869431487616088523e-03
1.869201567151418083e-03
1.872812324212085738e-03
1.873409323383369920e-03
1.870361258732718482e-03
1.869464744583478793e-03
1.867199983212162236e-03
1.866995948489706247e-03
1.865685243298714465e-03
1.866893611962251818e-03
1.868862000184411077e-03
1.867245580918452030e-03
1.871008226639686578e-03
1.868748739823315828e-03
1.863862293811135561e-03
1.865863467033839060e-03
1.865195821004030866e-03
1.863815774120993656e-03
1.864589037720034391e-03
1.860736960369531933e-03
1.860715919460436373e-03
1.858717035171823751e-03
1.862179708014340780e-03
1.858998680468022368e-03
1.863174719133214776e-03
1.859897671975015241e-03
1.860290850108192728e-03
1.860833294997769590e-03
1.860308619512513958e-03
1.862705888000907488e-03
1.861288002137212287e-03
1.863843305115653022e-03
1.861880386236308997e-03
1.860716702945789574e-03
1.861331546914385014e-03
1.863532194506595284e-03
1.861721876394759273e-03
1.861809443662359748e-03
1.861500041824644749e-03
1.861902009259670202e-03
1.859499459292464438e-03
1.861487439353790756e-03
1.860776031621899727e-03
1.858664838503094755e-03
1.856433535571666875e-03
1.855853324684959664e-03
1.855803145323620378e-03
1.857373945476712817e-03
1.858279175312613826e-03
1.859217171581621338e-03
1.856849548769009444e-03
1.856254135703269475e-03
1.855400800029729418e-03
1.856776799127258810e-03
1.854256579495211672e-03
1.852507007469292527e-03
1.855439352548173340e-03
1.851336600594114239e-03
1.852543674559043937e-03
1.852122846282440493e-03
1.852275350306610124e-03
1.854435924417996992e-03
1.853500133432289636e-03
1.853468905965115036e-03
1.851650663763887861e-03
1.851142560298238643e-03
1.852688725428670597e-03
1.849851877174558045e-03
1.851139362254006432e-03
1.849041640742646927e-03
1.848645332704313424e-03
1.849249722925632410e-03
1.850262598047249830e-03
1.851913372012236507e-03
1.848214970758231762e-03
1.847657833682533326e-03
1.843191838031066950e-03
1.844338577029768856e-03
1.842516348906544270e-03
1.846649332333635124e-03
1.843385102094085909e-03
1.842248356216793581e-03
1.841470682845005799e-03
1.840300584110420848e-03
1.840815230846737979e-03
1.840643253120298689e-03
1.841008785808277703e-03
1.836117621836856270e-03
1.839747066832801963e-03
1.840350116901999077e-03
1.837859037137635912e-03
1.839920562104215484e-03
1.839111984364249445e-03
1.837534016563300687e-03
1.841649263301795405e-03
1.839329067589012302e-03
1.842209747515412450e-03
1.842914394201064336e-03
1.842541738516599061e-03
1.843487691235980988e-03
1.844759612372415866e-03
1.846056487162622958e-03
1.845986524319989750e-03
1.847712260977404887e-03
1.847950967057896765e-03
1.849079989287355161e-03
1.846736311868851137e-03
1.846071051790341673e-03
1.844336512733261903e-03
1.843005717918040328e-03
1.845001884350585793e-03
1.843065422255174687e-03
1.847319985462613032e-03
1.846449053303060974e-03
1.847153938103042762e-03
1.847523045384928458e-03
1.848066112710074985e-03
1.848583019352961288e-03
1.849695583566859924e-03
1.852385251812450895e-03
1.850197897970596791e-03
1.850418970821482174e-03
1.850549298833101004e-03
1.852332940554243367e-03
1.851201443810649057e-03
1.855399023293278745e-03
1.852942353113773465e-03
1.851631894402974926e-03
1.853446256021098332e-03
1.855454784842433535e-03
1.857633945671999937e-03
1.854813772511889822e-03
1.856387441167814010e-03
1.856179318420766219e-03
1.856225670731711467e-03
1.857106704075659181e-03
1.856073977798689207e-03
1.858131624696379757e-03
1.858577744960822342e-03
1.857819297542940727e-03
1.859690445857621870e-03
1.863163581022744169e-03
1.858148940515022855e-03
1.859124112906547369e-03
1.856418665133629251e-03
1.858255377708216980e-03
1.857369776706299961e-03
1.858869971302959910e-03
1.856009515648377123e-03
1.858046031346771883e-03
1.857398595678469997e-03
1.857490780292540052e-03
1.857317253229075768e-03
1.857746452506075759e-03
1.856474566782131529e-03
1.855641639235849688e-03
1.855546350594753334e-03
1.853879476385310657e-03
1.854642210180748553e-03
1.855042938481380821e-03
1.853125938088309461e-03
1.854179046157324994e-03
1.853649103080150934e-03
1.853021696789312932e-03
1.852596949122523604e-03
1.853202267692543453e-03
1.853775026798258488e-03
1.854814341317815576e-03
1.850114924873124192e-03
1.853671482881034732e-03
1.852599736051267808e-03
1.853153959852944267e-03
1.855219636893640873e-03
1.856112795367444689e-03
1.854917314389527196e-03
1.857304184893160187e-03
1.852997676114621212e-03
1.849966840897640128e-03
1.850756115412806541e-03
1.853136706300239885e-03
1.850630735684890638e-03
1.849226017417511699e-03
1.847152945929431914e-03
1.845823817881188898e-03
1.847158384713884884e-03
1.847999042875914533e-03
1.850354500478607793e-03
1.845314771135020014e-03
1.845147804840596402e-03
1.845602890387735119e-03
1.847891596453784960e-03
1.843227554096562269e-03
1.843522900935187564e-03
1.845472158989610234e-03
1.843035421153116317e-03
1.842250651763762889e-03
1.842015342368186117e-03
1.843638495768397129e-03
1.842002831258253122e-03
1.842871258487983237e-03
1.844336340444163768e-03
1.844699398857476552e-03
1.843803422982466305e-03
1.846228370299217826e-03
1.843994240431973868e-03
1.843295704821383335e-03
1.845129428084752799e-03
1.845009408479373692e-03
1.845177275978426672e-03
1.845153412243018352e-03
1.847092906880973360e-03
1.847083908272612734e-03
1.844291893532343241e-03
1.847703855608591808e-03
1.848173874947605733e-03
1.844827325781793308e-03
1.845949412804689677e-03
1.844599539993058666e-03
1.845807602380965078e-03
1.844844232903238793e-03
1.849890979673700321e-03
1.847311387182880293e-03
1.848516133935308075e-03
1.847503150896903385e-03
1.846925486643138459e-03
1.843371629719107486e-03
1.845275141529119541e-03
1.845189801539020387e-03
1.841629382535392261e-03
1.845408545369262108e-03
1.843147991594446368e-03
1.846789155281761781e-03
1.850288717432592130e-03
1.848733819980066025e-03
1.849629588084368515e-03
1.850778958522594601e-03
1.849412302942728126e-03
1.847904877111352555e-03
1.846274218784413291e-03
1.846709946574671057e-03
1.847707199744773104e-03
1.848890277451876096e-03
1.848719747967927148e-03
1.849852958059833860e-03
1.849165791069978023e-03
1.851494731152153765e-03
1.850817600662435416e-03
1.847867142368718159e-03
1.848964940782801304e-03
1.848319543606979920e-03
1.849119157556318666e-03
1.847171573786757790e-03
1.845603752477049551e-03
1.843850803262278267e-03
1.843946024786979930e-03
1.845504177285683294e-03
1.850061156221362519e-03
1.849968502600271960e-03
1.849968210738960799e-03
1.847798402616677299e-03
1.847738421428833265e-03
1.847881731811602639e-03
1.846170604851761834e-03
1.849833639979879367e-03
1.849878699054990005e-03
1.849995474974329944e-03
1.849479597910923690e-03
1.849732208788562376e-03
1.851491022501623642e-03
1.848795130635287826e-03
1.846908073076899753e-03
1.847912877177099351e-03
1.845715408338026312e-03
1.847948749194916040e-03
1.846203740326063294e-03
1.849846029033802748e-03
1.848739058479744552e-03
1.843722628088840382e-03
1.844431928719805812e-03
1.843398239475467883e-03
1.846739733075199088e-03
1.844403743827613754e-03
1.846244303292324121e-03
1.843785737476185500e-03
1.845358625659769720e-03
1.843547644844254450e-03
1.844940252364447473e-03
1.844567567672072408e-03
1.843456756516650800e-03
1.843826407401882644e-03
1.839680378982737992e-03
1.842291711171230653e-03
1.839380644024669800e-03
1.842856625580160512e-03
1.842963100970867281e-03
1.842361129303142454e-03
1.841438784818613455e-03
1.838903755960167750e-03
1.842886990770138634e-03
1.837897149480678931e-03
1.839114120298469303e-03
1.840605370124707074e-03
1.844086746372200795e-03
1.842511282493946440e-03
1.845220519287362306e-03
1.842184056430169964e-03
1.844660235972620703e-03
1.843562741065275096e-03
1.842370206034574893e-03
1.839503034513684590e-03
1.839987283021590281e-03
1.837647429589057014e-03
1.838694299642065159e-03
1.838672641212575837e-03
1.835830462445182942e-03
1.837275749091639388e-03
1.837093108157251313e-03
1.838236985713335428e-03
1.837138453112727339e-03
1.837979841645786270e-03
1.836839944603922475e-03
1.836948683334050075e-03
1.838952951197213911e-03
1.840750690596784124e-03
1.837870272575292544e-03
1.839759851786173768e-03
1.837087755646395985e-03
1.838706122304695949e-03
1.839436747539203998e-03
1.838538711515845178e-03
1.839707806512524621e-03
1.837313304554224211e-03
1.840460064596746497e-03
1.843294068202439668e-03
1.842003464153545936e-03
1.842982987919351313e-03
1.839860713823742756e-03
1.839817602127345264e-03
1.838889352859155108e-03
1.839217819892157617e-03
1.836124112125451895e-03
1.837539594624100839e-03
1.831842239736346635e-03
1.831796872182321926e-03
1.828724581265386622e-03
1.830898664278577314e-03
1.830153934574104682e-03
1.829551949307619066e-03
1.828624159166758380e-03
1.828023844259340841e-03
1.828588083792702943e-03
1.827937180724295303e-03
1.829765070820899833e-03
1.826795685198349863e-03
1.828333707730596044e-03
1.828334158130001750e-03
1.825510700658413907e-03
1.825770402234753315e-03
1.826309533964967213e-03
1.825294540392166220e-03
1.822587031709966545e-03
1.825896216452979918e-03
1.824392241913039931e-03
1.827529985070524112e-03
1.827867817294580050e-03
1.824454318189210099e-03
1.827433784948423586e-03
1.823877436233086553e-03
1.825260465043744172e-03
1.825139802614249296e-03
1.820232838069918120e-03
1.822783226707528747e-03
1.822313751797724870e-03
1.822271097161774593e-03
1.820773442035087926e-03
1.820857530676053392e-03
1.824399402184172453e-03
1.822843311982487143e-03
1.825776085389668518e-03
1.824099978254597586e-03
1.820650890949570893e-03
1.822808387733280576e-03
1.819591283178290672e-03
1.822081293556296376e-03
1.821924764785875844e-03
1.823898409016171422e-03
1.820557923397532907e-03
1.822351736048064778e-03
1.823810705402516925e-03
1.822307694119285060e-03
1.821458252890693170e-03
1.822650966180139895e-03
1.825032614095407858e-03
1.824879915055626278e-03
1.824303761713207258e-03
1.826375581413617428e-03
1.825938685240985305e-03
1.824827351001550094e-03
1.826105076932162423e-03
1.827591115353000093e-03
1.827684948936163798e-03
1.829862172752054657e-03
1.828084067907668640e-03
1.830437759108060345e-03
1.831981816514491540e-03
1.829497442538096470e-03
1.828997160214851543e-03
1.830984583406063820e-03
1.831151302099758450e-03
1.830595617670957966e-03
1.831529085143889478e-03
1.828784113174307131e-03
1.830407164907803816e-03
1.827169958479472021e-03
1.827720586231157277e-03
1.828450055101350042e-03
1.826528922073325035e-03
1.826754106230004705e-03
1.824980870714304395e-03
1.829299012692568510e-03
1.826672043798325748e-03
1.828154205025611309e-03
1.824843939470862254e-03
1.823341153627793454e-03
1.823225220370470502e-03
1.824659510394727960e-03
1.822736502861039198e-03
1.821611062755779196e-03
1.823100759979465017e-03
1.821461446180083679e-03
1.823740648108123936e-03
1.825287619557107747e-03
1.826000668322703534e-03
1.826474949759614077e-03
1.825780531465129438e-03
1.825025454243126921e-03
1.825814348282320775e-03
1.824978681756621746e-03
1.825013963494304635e-03
1.828105251862750715e-03
1.828296315198872299e-03
1.826347168808588502e-03
1.825979547138965571e-03
1.824744932403194689e-03
1.824092462995272577e-03
1.825279280100984688e-03
1.825327802815626763e-03
1.824557732312512802e-03
1.823719110761175743e-03
1.823145992274066490e-03
1.824071718306063961e-03
1.827821294737971315e-03
1.825991330768106597e-03
1.826239062616656986e-03
1.823447544847746522e-03
1.822288542480662854e-03
1.821997496162299944e-03
1.822354067279679428e-03
1.822132793640704766e-03
1.825114780274725767e-03
1.822955006568768334e-03
1.823368554678762247e-03
1.822221224190618280e-03
1.821951735917731090e-03
1.821234853831810727e-03
1.820808154915006753e-03
1.819761574627903672e-03
1.820250817542194786e-03
1.818254144173127047e-03
1.818340022497185208e-03
1.816632543061310863e-03
1.818048146082482976e-03
1.815155745537690764e-03
1.815160084611966212e-03
1.819199853331716779e-03
1.819657947865665646e-03
1.821752505073708818e-03
1.821046745176916910e-03
1.820408331089878309e-03
1.821975621078258901e-03
1.824112804496376763e-03
1.824903015684752874e-03
1.823218341661704935e-03
1.822006847202443111e-03
1.823138279501367552e-03
1.824528859099631669e-03
1.821092115632638947e-03
1.818136119557656021e-03
1.819882736211306641e-03
1.821226002432477621e-03
1.821175787481559526e-03
1.824508423448683962e-03
1.822070341660180903e-03
1.820366877625978095e-03
1.821452007637152509e-03
1.819502219028960085e-03
1.819341084720618902e-03
1.815438119304868449e-03
1.819735879631023895e-03
1.813786592661929689e-03
1.817007006056956626e-03
1.816194783365491757e-03
1.817749116564606072e-03
1.818644683997832452e-03
1.819197465728750315e-03
1.821742241336248404e-03
1.819686442374304335e-03
1.820780318958783355e-03
1.817708692544640469e-03
1.821127032071282121e-03
1.821648562929233540e-03
1.821385823647142911e-03
1.819141892878207815e-03
1.818749806711440200e-03
1.818138429552429176e-03
1.821466401749439589e-03
1.820049822644012171e-03
1.821045757692505394e-03
1.821717604466734086e-03
1.823787548102780934e-03
1.818323555327361297e-03
1.814287674928910868e-03
1.813270943570614510e-03
1.817164149124631065e-03
1.816183803415920891e-03
1.815977163441075647e-03
1.818455035461969370e-03
1.818945080749292433e-03
1.818373148513014901e-03
1.821277661322061184e-03
1.821180958951204402e-03
1.822655555128192828e-03
1.824139669771366419e-03
1.823948426860068492e-03
1.819847908416573389e-03
1.821470722541321426e-03
1.821395624956648022e-03
1.824497723244652547e-03
1.823247793076196140e-03
1.823290146941231949e-03
1.820572948898230292e-03
1.823509067788473036e-03
1.821431387745310560e-03
1.826611408681707519e-03
1.827358243096294244e-03
1.824687308515976188e-03
1.823809236862999721e-03
1.823373705516280257e-03
1.825852402668733847e-03
1.828729336102671160e-03
1.826932976840941764e-03
1.828394321501366224e-03
1.825984260663930442e-03
1.824153773802696414e-03
1.825259030938823851e-03
1.828633942388524286e-03
1.831275523032769269e-03
1.831132469397184605e-03
1.830617930758835117e-03
1.829833458710959735e-03
1.829196754100423546e-03
1.829405900298205871e-03
1.829419651761894335e-03
1.833239596710125501e-03
1.832137392594178479e-03
1.833085252665177765e-03
1.834631556435365862e-03
1.832550554471680439e-03
1.833133031971723908e-03
1.830365526500384987e-03
1.828948941809874175e-03
1.831708798237637265e-03
1.833304194021809696e-03
1.833076925631440743e-03
1.829933529260654350e-03
1.830910617361933106e-03
1.830378651316500642e-03
1.832507583439862975e-03
1.832646213987445876e-03
1.833429112671357405e-03
1.834550134210773467e-03
1.830415782967095405e-03
1.832525325378244092e-03
1.834349304925729290e-03
1.833045667901146659e-03
1.834764948150495630e-03
1.833759083098763674e-03
1.831679245379590031e-03
1.831061562310731545e-03
1.832042316043193007e-03
1.830752022349394414e-03
1.831582611215750540e-03
1.832115819666657510e-03
1.833579873736986736e-03
1.830872922411057140e-03
1.831940117120355515e-03
1.832378830314227705e-03
1.831524912891085597e-03
1.832316800156946843e-03
1.832997015019001289e-03
1.832488649911383780e-03
1.832352425771947412e-03
1.830287398494813856e-03
1.831899345450764679e-03
1.832774785354673776e-03
1.831823441396446088e-03
1.831067135143784642e-03
1.829175908214531734e-03
1.829691794773361749e-03
1.827527133816261038e-03
1.829054624929349251e-03
1.826617543314279415e-03
1.825920898445761338e-03
1.826574221589517431e-03
1.823916972551306711e-03
1.826230793206848379e-03
1.826436397679140127e-03
1.821637356275190855e-03
1.825987904237657243e-03
1.826147431326948303e-03
1.825654659863626969e-03
1.826949692559214642e-03
1.827593532408137511e-03
1.826926352935624503e-03
1.829894970966706438e-03
1.828950449925770012e-03
1.829622223472459220e-03
1.829142039948914366e-03
1.828653529177469818e-03
1.829691491316801522e-03
1.832298827545443196e-03
1.832242727988963801e-03
1.834993302130402118e-03
1.833753409810870384e-03
1.833148619950066699e-03
1.836453035391375421e-03
1.837295759689366609e-03
1.835067517119174426e-03
1.836446952966841115e-03
1.833234023714495203e-03
1.834388560882712618e-03
1.832537021756128334e-03
1.830343816942953290e-03
1.834318641988063117e-03
1.834666552376257352e-03
1.836247519224906396e-03
1.838729667502651778e-03
1.838801178440721334e-03
1.839407843403285513e-03
1.836691538225656856e-03
1.836428738612047151e-03
1.834747988758948485e-03
1.836538648567156984e-03
1.836424154245990892e-03
1.834708938316618847e-03
1.836581036054493483e-03
1.832355407644183521e-03
1.832959255532179291e-03
1.833755336492277248e-03
1.835633497747674600e-03
1.833899897534065895e-03
1.835289875173839796e-03
1.834659765011917298e-03
1.834513813203147254e-03
1.835851366114272902e-03
1.830668904777482025e-03
1.833353329490546415e-03
1.834177626990212773e-03
1.835577510982138024e-03
1.833640760932083065e-03
1.835113496705815996e-03
1.835201638320081968e-03
1.835594343649316973e-03
1.833441226414883910e-03
1.836661352172445786e-03
1.837222488195034645e-03
1.839583847132286298e-03
1.834312853735016327e-03
1.838037003566054834e-03
1.840307387549988422e-03
1.835699813752741071e-03
1.838161675279666217e-03
1.834479765074513479e-03
1.834445376080073853e-03
1.831984510154364108e-03
1.830245325706490300e-03
1.829158479252913395e-03
1.830466211458611249e-03
1.831676441333865901e-03
1.832751408813060095e-03
1.830794903857190003e-03
1.832821324558217861e-03
1.832728707851874602e-03
1.832171753855262562e-03
1.834201433066106343e-03
1.833072299042543159e-03
1.830450868995685265e-03
1.832556376475289036e-03
1.830842136749984443e-03
1.828629715996204618e-03
1.828800419813438136e-03
1.828729024172446021e-03
1.827995811912917551e-03
1.829177771438740985e-03
1.831222459013824317e-03
1.832133494603712049e-03
1.832790671216840729e-03
1.830555258026961979e-03
1.829113022015244928e-03
1.829936444425812230e-03
1.832896253084212532e-03
1.830911011382816084e-03
1.829999247700340396e-03
1.827067305491476010e-03
1.828605502402449795e-03
1.831420933082924130e-03
1.827330827515395240e-03
1.829452104300366595e-03
1.826947963252034549e-03
1.825819415206146167e-03
1.823599792955793658e-03
1.827160016972178636e-03
1.824947338962215008e-03
1.828121808158821807e-03
1.825994521998801010e-03
1.825482622152661220e-03
1.827320811653894818e-03
1.824050914650197181e-03
1.825932873379121574e-03
1.825914707194390167e-03
1.828426488225071882e-03
1.825684641068627163e-03
1.826296732902515842e-03
1.826963245484744969e-03
1.822076237483879297e-03
1.826979961452525510e-03
1.823369102654445739e-03
1.826287788810001481e-03
1.826444658392521259e-03
1.825945148556459710e-03
1.827308953022954751e-03
1.825119747002008691e-03
1.828398436350290061e-03
1.822830638278381214e-03
1.825569323694138310e-03
1.823777206307674453e-03
1.825523335785916770e-03
1.825497787554527596e-03
1.827318738310950872e-03
1.826417073670424896e-03
1.827256553538282677e-03
1.827344196068875389e-03
1.826111692289794771e-03
1.829112631413493681e-03
1.826996488299140924e-03
1.828320664090042754e-03
1.828814621547203249e-03
1.828466253294710022e-03
1.828242731528222217e-03
1.828434082935055400e-03
1.826430775499474080e-03
1.824329359646322240e-03
1.826395034644669483e-03
1.822695682878255289e-03
1.825025589873848853e-03
1.825597847871457055e-03
1.826046679619780597e-03
1.824767933623691303e-03
1.825518414365803537e-03
1.827259317090635564e-03
1.822140659571611825e-03
1.827451769876066228e-03
1.825338472092313726e-03
1.826430645513770021e-03
1.826760555134168207e-03
1.830159327849792059e-03
1.828856943753228359e-03
1.830713388259376127e-03
1.825707217425485583e-03
1.830599168954097269e-03
1.826584906566422212e-03
1.829366655800348509e-03
1.827139538372643968e-03
1.824535836644319538e-03
1.825837220610546834e-03
1.827236403373055755e-03
1.829248224056250014e-03
1.827534413600406110e-03
1.826374478027651283e-03
1.825893977482869694e-03
1.825590543076989610e-03
1.826742238739775901e-03
1.824755782429435431e-03
1.820330407020032256e-03
1.820843755421469026e-03
1.818507105118426573e-03
1.820753956920722174e-03
1.819563180077417340e-03
1.819102268143593659e-03
1.817978700670854061e-03
1.814363940780284448e-03
1.812925675911021117e-03
1.814078750605993160e-03
1.811513387835301907e-03
1.813000930912283615e-03
1.812373614537166749e-03
1.816572274972715409e-03
1.814028208214217650e-03
1.815485817564785548e-03
1.812824529258011972e-03
1.813612388911656171e-03
1.812081354694313959e-03
1.813563634044467127e-03
1.809863882801732854e-03
1.810328090189410131e-03
1.813385036869028704e-03
1.810275384100364874e-03
1.811397030496993566e-03
1.813447171476782792e-03
1.812277896258307095e-03
1.813233609134926776e-03
1.815453595088932850e-03
1.815692490231233039e-03
1.812182832611432780e-03
1.816389107576710195e-03
1.814908346591807614e-03
1.816678092157216276e-03
1.817700896210591418e-03
1.817701747369272064e-03
1.820898067956735339e-03
1.817745318591740180e-03
1.820290425272869887e-03
1.821163708003209003e-03
1.818380067739146190e-03
1.818702992449352900e-03
1.819655551844729085e-03
1.816589011158477752e-03
1.819017111727845104e-03
1.818803484010655903e-03
1.819846681950469149e-03
1.821487511989182710e-03
1.820200139235545302e-03
1.820088049824922704e-03
1.821111694494482363e-03
1.822141357199102540e-03
1.820846068824337818e-03
1.819542166305952030e-03
1.825289184543389372e-03
1.821027356279821636e-03
1.818464341534400041e-03
1.819105364714427610e-03
1.818335415708331824e-03
1.818752103439442427e-03
1.820036882386467849e-03
1.819570310153927018e-03
1.820517325032847220e-03
1.821941180511101824e-03
1.820786548038611907e-03
1.820743226299000473e-03
1.820175776304004634e-03
1.815463524917809972e-03
1.818239339471206277e-03
1.814640163103679827e-03
1.816284283444872649e-03
1.815649721712916768e-03
1.815237165080132867e-03
1.815003457734341462e-03
1.815850801981053328e-03
1.817839921158316422e-03
1.817814919018165450e-03
1.817381451907073252e-03
1.821382284474155466e-03
1.821811265239216661e-03
1.823220072862282142e-03
1.823289600166714359e-03
1.821296465688421662e-03
1.821572439692908853e-03
1.824201952151187443e-03
1.820835160477085211e-03
1.821263078333296929e-03
1.817259342115292798e-03
1.818203500934827480e-03
1.819647007781108631e-03
1.820660031026222810e-03
1.824343859993597357e-03
1.823277007980415474e-03
1.819150459855487303e-03
1.818031838630066116e-03
1.820605624468771928e-03
1.818575588839004258e-03
1.816651948471581946e-03
1.820025421944806423e-03
1.817297509345671379e-03
1.816991793252518798e-03
1.819643480715257659e-03
1.819549544351769556e-03
1.820171970286039650e-03
1.816387569804674834e-03
1.818967271081605407e-03
1.818539284268109579e-03
1.816474429459526748e-03
1.815784758246519366e-03
1.818082965779072111e-03
1.818838119972294607e-03
1.817081120558096180e-03
1.815656648524554715e-03
1.815346541721294792e-03
1.817933590917046940e-03
1.820700631752594865e-03
1.823102137371392963e-03
1.823273150154319571e-03
1.818726084833411673e-03
1.818392581795803429e-03
1.817271595373514022e-03
1.815924300086477596e-03
1.817069130290280016e-03
1.814123571181536698e-03
1.815579996486555705e-03
1.816711233698122202e-03
1.814869982260791789e-03
1.817133078274125102e-03
1.815875986190285682e-03
1.815471368820221684e-03
1.814911810261036432e-03
1.815815018318163313e-03
1.814287047410012479e-03
1.814403923014182903e-03
1.815503850295629691e-03
1.815569702425083327e-03
1.815691665015413099e-03
1.814015518034596541e-03
1.818089210759146410e-03
1.820263417884899993e-03
1.820640525638689581e-03
1.818901852520149898e-03
1.819395648302352250e-03
1.821513227393907822e-03
1.821993156504073640e-03
1.821226403912946717e-03
1.820346175451235168e-03
1.820940188768688890e-03
1.820945875768647084e-03
1.817314323260442932e-03
1.819966263343276557e-03
1.819011005852583761e-03
1.818833715741727339e-03
1.820049994817401215e-03
1.816813631770180680e-03
1.820461601096075256e-03
1.820526618606971032e-03
1.818615798712795110e-03
1.820649851140972511e-03
1.824399497941382991e-03
1.819676450234165160e-03
1.821690936630666847e-03
1.821830387957169405e-03
1.822956201999575412e-03
1.823663315831152787e-03
1.820748975184570753e-03
1.823508722751343960e-03
1.825318619509151913e-03
1.824547619392969354e-03
1.827524399709632222e-03
1.827656308490573133e-03
1.824909110630309160e-03
1.827346651822694219e-03
1.824488984997868187e-03
1.824442238264144429e-03
1.825370328352511184e-03
1.827097877923107225e-03
1.828144739902963847e-03
1.830527251165554696e-03
1.829826323439325778e-03
1.832404189839319545e-03
1.832068702533284866e-03
1.827822378809430218e-03
1.828264214668225704e-03
1.824096756539746742e-03
1.824621154869440418e-03
1.821479695912105266e-03
1.820608516456570253e-03
1.823581239069338878e-03
1.823236684558354010e-03
1.827717080602241214e-03
1.826367915378985466e-03
1.828011127288714987e-03
1.828337403724412382e-03
1.827702145819464635e-03
1.829393984523562189e-03
1.827321910443726292e-03
1.829628112281677255e-03
1.828493894107668808e-03
1.830274298377296185e-03
1.827333844404595503e-03
1.828934000133620053e-03
1.830253942520186248e-03
1.828777826755869458e-03
1.831667212728744273e-03
1.832686432469027857e-03
1.830087044158165829e-03
1.834055874620285718e-03
1.831438379055092772e-03
1.830939596198308782e-03
1.831439722523022775e-03
1.831254998029029253e-03
1.829789657350119501e-03
1.832876499028241466e-03
1.833598862601449556e-03
1.830598722972030671e-03
1.830309546463161196e-03
1.825532106715637998e-03
1.826399435312390986e-03
1.825670617676163629e-03
1.826970485092412879e-03
1.827984336844350969e-03
1.826490165480250004e-03
1.828988604095535672e-03
1.827149210012893061e-03
1.828161557728098753e-03
1.828516084306910493e-03
1.826418197924792016e-03
1.826592636492953324e-03
1.825914672942719006e-03
1.828244635774151560e-03
1.827769892493791683e-03
1.825077977222689957e-03
1.827353304908321124e-03
1.822693176948219978e-03
1.824150327185345300e-03
1.821818663326376471e-03
1.823237111427902400e-03
1.821808898220173435e-03
1.823321107900306888e-03
1.821517563633089348e-03
1.820566743025527198e-03
1.820738641097485776e-03
1.822476670459780316e-03
1.822457868373016706e-03
1.824836005323676432e-03
1.825449881582755620e-03
1.826191365108030193e-03
1.824948841971757571e-03
1.829021319077734188e-03
1.825951624182754881e-03
1.824832287752032461e-03
1.824962949460537170e-03
1.828341837406301891e-03
1.826808496408969563e-03
1.829430658597987073e-03
1.827599410708701053e-03
1.830076577998066868e-03
1.828860632996670999e-03
1.826487780041039476e-03
1.826629409646273470e-03
1.825199629638825675e-03
1.826039941011003932e-03
1.823835767359812407e-03
1.825445116165384145e-03
1.823951177667458307e-03
1.825086783206680786e-03
1.824857697445117109e-03
1.824438946240485113e-03
1.822097056753127541e-03
1.821102954466818306e-03
1.822026124132629767e-03
1.824120103666697010e-03
1.822279530727349004e-03
1.824685390537624744e-03
1.824637214971659444e-03
1.824943384340422213e-03
1.823402366084914562e-03
1.824705736564387641e-03
1.826005454691822941e-03
1.825413150558927210e-03
1.824151203762034140e-03
1.822238237834717094e-03
1.826989806692268107e-03
1.822844265724901398e-03
1.824273899451188397e-03
1.825262267808975972e-03
1.826945568906549432e-03
1.826036328062874458e-03
1.824802852800238564e-03
1.824340392259664236e-03
1.822514700719388018e-03
1.821900769465160204e-03
1.821955482851510396e-03
1.820134822874102786e-03
1.820568270404542563e-03
1.820817430808208733e-03
1.823148726114703000e-03
1.820659227298912844e-03
1.819488722017993101e-03
1.816818914778311686e-03
1.818526399604697636e-03
1.816320651995348076e-03
1.818614589732021111e-03
1.817419654911921374e-03
1.815975494135079480e-03
1.817830589030642067e-03
1.816194889096844466e-03
1.814651873131474481e-03
1.815340305326170736e-03
1.817447755667891355e-03
1.816224225620810843e-03
1.817542928076685280e-03
1.820508839149738390e-03
1.818815979270641892e-03
1.818731370436371762e-03
1.820112529343873454e-03
1.821007775564541329e-03
1.820009807737632893e-03
1.821193926957074931e-03
1.822732265419663980e-03
1.819257291986874255e-03
1.817125333548630069e-03
1.821066248479529144e-03
1.819889474267377422e-03
1.824006123292021535e-03
1.821233222396018061e-03
1.823181784824450110e-03
1.822983299977468889e-03
1.821984352154255643e-03
1.822782609097246386e-03
1.823809173423428416e-03
1.821902049687551626e-03
1.820445598665522283e-03
1.817670913271700415e-03
1.816041610945007918e-03
1.817158460638184205e-03
1.819108724388499975e-03
1.818052070863488811e-03
1.817415984993459802e-03
1.816446617318655168e-03
1.814896146843944210e-03
1.814441419106868104e-03
1.813147981588578844e-03
1.813480626439585445e-03
1.813099734724212117e-03
1.815664403741353971e-03
1.813660763464678772e-03
1.814953918581255557e-03
1.813781894903193420e-03
1.814240100623981536e-03
1.816831539005145943e-03
1.819235016652755122e-03
1.817664542540726839e-03
1.820329139369753673e-03
1.820661675553209837e-03
1.822090138343175408e-03
1.817315121127755081e-03
1.820035977981769148e-03
1.822357648314929662e-03
1.824007810702741369e-03
1.823711936635119286e-03
1.822952306528797650e-03
1.820807956267226019e-03
1.826975582202780774e-03
1.824603170574598662e-03
1.823016533959562549e-03
1.826589536292309380e-03
1.824398468432525270e-03
1.825393723958143675e-03
1.823070307253627474e-03
1.825917490687969458e-03
1.825894481164921273e-03
1.827343899677702065e-03
1.824896945374685116e-03
1.827115606297487291e-03
1.826215449353139723e-03
1.824413655134224420e-03
1.825598984346637295e-03
1.821897663669153544e-03
1.824772986799018263e-03
1.821994552750071583e-03
1.820630489247931829e-03
1.822922581691926655e-03
1.821808857447704700e-03
1.821142476916800309e-03
1.821973410317406306e-03
1.822762746057017720e-03
1.824138935991406665e-03
1.826893317256099870e-03
1.827566753898507727e-03
1.826811862518361871e-03
1.825293156155247988e-03
1.821973507144936241e-03
1.825431176000385462e-03
1.825687916790518167e-03
1.825678602333051341e-03
1.827083024030490017e-03
1.823261639427930375e-03
1.824966054088003305e-03
1.824429684829657634e-03
1.824907050772680509e-03
1.823676545429889174e-03
1.824680997264408388e-03
1.826006835830908202e-03
1.824584385832402457e-03
1.821877199713678496e-03
1.825768370752625831e-03
1.827060041521226920e-03
1.823772000520997938e-03
1.825560983725151411e-03
1.823552077591570307e-03
1.821772574927876722e-03
1.822418312916932294e-03
1.822824291987087302e-03
1.822335433480794025e-03
1.826173128400479214e-03
1.823645036526450091e-03
1.824528635975649488e-03
1.824568764428086956e-03
1.825006867490807380e-03
1.822223079035912349e-03
1.822930760367696707e-03
1.824222307803800153e-03
1.823261916580271383e-03
1.825709513564031158e-03
1.824101784465100582e-03
1.825396651449736566e-03
1.824649131861401808e-03
1.825817838800284851e-03
1.823355404574920251e-03
1.823357259671616734e-03
1.824352200615734316e-03
1.825760070049412941e-03
1.824243222223348795e-03
1.823119087517934304e-03
1.823431158790405661e-03
1.821935238936268778e-03
1.824416855763708522e-03
1.825362203569995574e-03
1.823358767811313194e-03
1.823574492652033866e-03
1.824054180913741103e-03
1.824492047703267809e-03
1.822270325861013920e-03
1.822624566281124976e-03
1.822766306646578325e-03
1.820985171329273693e-03
1.823837566857119865e-03
1.825251704779499475e-03
1.823680036855519554e-03
1.824419684853406925e-03
1.824336126647647200e-03
1.825839532586728950e-03
1.827006041107834093e-03
1.827992789619158759e-03
1.825005669124810451e-03
1.825127945161232222e-03
1.821892216933263539e-03
1.826409987744604183e-03
1.823902664687772129e-03
1.824349932813878940e-03
1.824363678107935541e-03
1.824628418562072169e-03
1.823660402033806371e-03
1.824414829583478415e-03
1.823535474358573081e-03
1.819015961729205603e-03
1.822294789458060466e-03
1.819039552748105909e-03
1.821901852908555533e-03
1.820831968331432151e-03
1.823762096010376772e-03
1.823550264464771434e-03
1.824343551886483316e-03
1.821122156021638423e-03
1.825575345023737516e-03
1.822109630675094539e-03
1.823468866752839387e-03
1.826708004518277266e-03
1.827021589410114969e-03
1.826013877196350959e-03
1.828583857275146215e-03
1.827013966233688924e-03
1.828844351217000837e-03
1.827062799437514842e-03
1.828575896612400463e-03
1.828431293056345186e-03
1.828886576424619244e-03
1.833953540388042185e-03
1.831341306950293960e-03
1.830517432621139255e-03
1.828231829276349670e-03
1.831585956989371369e-03
1.833336896009707916e-03
1.831873391555090356e-03
1.832393113532574487e-03
1.830580555483415179e-03
1.832479597281513667e-03
1.834892791146150188e-03
1.833329022835108449e-03
1.832973682824585396e-03
1.833941015642727521e-03
1.830515294663820694e-03
1.834669107517966462e-03
1.835861090841451812e-03
1.834300832452151345e-03
1.837407373129515452e-03
1.836411261697335710e-03
1.839716564022761142e-03
1.841613973875459416e-03
1.838678021271275163e-03
1.840517385714366110e-03
1.841349100999993462e-03
1.836990842701070317e-03
1.841283723059256331e-03
1.838036907795479770e-03
1.837383259667965240e-03
1.839550775928749330e-03
1.838119907380318489e-03
1.839955495674140077e-03
1.835234510515529847e-03
1.837143160277073363e-03
1.838628006013319971e-03
1.836070738151914352e-03
1.837024406157657455e-03
1.835813125879759682e-03
1.840334668936119064e-03
1.838454480749580119e-03
1.843095683243300585e-03
1.839262470584947890e-03
1.843371100544075568e-03
1.838899898551199334e-03
1.844267237221694673e-03
1.844040291962763777e-03
1.846201336248112041e-03
1.847190585886957512e-03
1.848581762214635774e-03
1.847631091043145431e-03
1.847023094044161502e-03
1.848333301406827412e-03
1.847097809279478519e-03
1.849336973399395628e-03
1.851093525703899302e-03
1.846672240890942767e-03
1.848419188762102537e-03
1.844720046566748935e-03
1.851428610456890347e-03
1.848403903047014536e-03
1.845190489742801676e-03
1.848920794028395542e-03
1.849254888514018048e-03
1.847454785849508840e-03
1.843343637337723721e-03
1.844631886416277407e-03
1.845332539906649211e-03
1.843046260803349280e-03
1.842856710542345369e-03
1.843067838544771480e-03
1.839660250374712189e-03
1.841811210545136719e-03
1.838752122311645976e-03
1.839749432247477293e-03
1.838294112070175488e-03
1.841752512630624684e-03
1.838601425772891590e-03
1.837175325703054290e-03
1.836640218085158500e-03
1.833943321534962272e-03
1.834704579488296260e-03
1.838463157739955245e-03
1.839632059020756931e-03
1.841226388006185618e-03
1.841786928878812396e-03
1.842801837071138130e-03
1.843638075187812447e-03
1.843870708051670304e-03
1.844615822103562496e-03
1.843506978921754169e-03
1.839776870499696846e-03
1.840540586150422571e-03
1.844150918871642316e-03
1.842640443681664098e-03
1.846476504778387382e-03
1.845646391595546403e-03
1.845141193457264977e-03
1.845426062106468026e-03
1.845506474643963469e-03
1.844245501574631003e-03
1.844261672026315272e-03
1.847081793881322643e-03
1.847702002130383004e-03
1.847162416783517704e-03
1.845251840069582917e-03
1.844688091014759458e-03
1.847535805690802462e-03
1.845007303523923297e-03
1.847511958998501519e-03
1.846167662352598019e-03
1.849365349456778785e-03
1.844140924542297076e-03
1.845010657767985271e-03
1.843688777562559056e-03
1.843874359159717495e-03
1.845239739414590574e-03
1.842829058819826435e-03
1.843048557456522909e-03
1.843438431230231839e-03
1.843789192080001185e-03
1.842762674253979865e-03
1.843547367123969747e-03
1.842014022482607897e-03
1.846025493872274726e-03
1.844391784782128518e-03
1.843565480949967486e-03
1.842676092442920412e-03
1.841316375278498124e-03
1.841049291845973370e-03
1.841916906143428604e-03
1.842020380179533890e-03
1.844462803180918313e-03
1.844013848104302748e-03
1.844087370069647999e-03
1.843305877348002785e-03
1.845914358070445621e-03
1.845286617267672324e-03
1.846105426049986752e-03
1.847095975565182877e-03
1.846442770963841384e-03
1.847764077021039290e-03
1.845990787039189290e-03
1.849221041313194687e-03
1.846444081821788964e-03
1.846784711381826245e-03
1.846214466454125210e-03
1.844908287162689816e-03
1.844615884874745712e-03
1.847727885769188646e-03
1.846211816906431118e-03
1.848621587878150835e-03
1.848128531347119179e-03
1.848385757455076441e-03
1.848966769574801518e-03
1.846762988244909790e-03
1.845029877108119408e-03
1.849775182975196093e-03
1.848627455184764486e-03
1.848777033469152595e-03
1.847444578445338022e-03
1.850592794649448319e-03
1.849738781328790372e-03
1.846736395973227595e-03
1.848230727514204447e-03
1.848830813716913386e-03
1.847255543819211138e-03
1.845477333022651220e-03
1.846143085793911865e-03
1.843719458063242242e-03
1.843279724283137340e-03
1.843278102917930098e-03
1.844444028593970929e-03
1.844262490331983291e-03
1.844146387638353340e-03
1.842887823790531317e-03
1.846541761753155717e-03
1.843130701807004987e-03
1.843320915768376349e-03
1.841133801858185976e-03
1.840403321249826441e-03
1.838159537044597829e-03
1.841721874214900930e-03
1.840805518486843999e-03
1.837850381893234080e-03
1.838191633977701803e-03
1.838240180452706913e-03
1.837108942897760361e-03
1.840276965562686294e-03
1.839769466469706174e-03
1.841319401895082000e-03
1.839989473317968577e-03
1.838854574730436646e-03
1.835100173792079785e-03
1.837229544394387111e-03
1.839068157451203677e-03
1.837021106619003653e-03
1.834983688005849224e-03
1.836751542625740313e-03
1.835852680116738982e-03
1.837948138802418183e-03
1.838279708814298009e-03
1.837456207993394975e-03
1.836813721867361533e-03
1.835579686560250218e-03
1.836399377801470291e-03
1.837228477607725933e-03
1.839102870662421944e-03
1.837774335053367998e-03
1.836267650066524199e-03
1.835407330724177916e-03
1.836625294440447868e-03
1.837920189036748760e-03
1.840345008417159939e-03
1.836573287271361411e-03
1.834419593500180752e-03
1.833839648047170699e-03
1.832708381963585277e-03
1.831490031243174351e-03
1.830707961127949141e-03
1.834100135193534936e-03
1.833169832063291909e-03
1.830629481167650278e-03
1.833666655914649923e-03
1.832564644408414501e-03
1.834199669203149608e-03
1.833685541244224615e-03
1.836434972999187150e-03
1.833190967850681277e-03
1.834109581871828931e-03
1.833183804801126080e-03
1.834408978760574153e-03
1.833594639595208199e-03
1.832848620411252957e-03
1.834504036021205806e-03
1.832473812528530831e-03
1.833574026125616568e-03
1.833665191889090286e-03
1.832622457313025886e-03
1.834869339482747075e-03
1.834371346010849751e-03
1.832199775703729615e-03
1.835971080554806793e-03
1.835628352406266667e-03
1.836228662913039645e-03
1.835156816297622709e-03
1.834256472931786218e-03
1.835472916342938913e-03
1.833990647651541957e-03
1.834123581992743064e-03
1.832447397756089419e-03
1.833989172156509813e-03
1.834995571344344737e-03
1.833035520925105355e-03
1.832905859868975626e-03
1.833545059049109579e-03
1.831889461365617325e-03
1.834251544787426393e-03
1.834400152036760705e-03
1.835486055539035282e-03
1.833815806124349489e-03
1.830829922466507874e-03
1.832223566508820768e-03
1.831395576475286545e-03
1.831757023417893539e-03
1.830699789647081098e-03
1.832472118647814801e-03
1.832126931149442601e-03
1.834053542152073221e-03
1.831755820383186746e-03
1.831001746248812814e-03
1.833988527311973321e-03
1.833383754708564368e-03
1.828277256027876097e-03
1.830261553221047876e-03
1.828277939832280907e-03
1.827591644947275428e-03
1.826825098585125977e-03
1.826189661153075411e-03
1.826761664518184282e-03
1.825464044178547272e-03
1.824345180075389932e-03
1.821846925604413440e-03
1.823087593806155000e-03
1.820363198437222572e-03
1.819049395546509492e-03
1.822947392294418847e-03
1.821078314629186483e-03
1.820851450123287668e-03
1.821025518948762856e-03
1.819736230997880729e-03
1.817088194653239180e-03
1.818061837506165703e-03
1.818710317270965217e-03
1.818012185578566546e-03
1.816782175221573871e-03
1.819646592394464496e-03
1.816810480971790039e-03
1.823047676147958752e-03
1.818831489585355250e-03
1.819868282047585033e-03
1.820271343561794073e-03
1.823364424211825451e-03
1.819762940001971386e-03
1.822672071728371947e-03
1.823152052761539037e-03
1.822720526318842354e-03
1.822396861104424743e-03
1.820049642382630395e-03
1.820889573408580398e-03
1.823159726956808963e-03
1.820729707294279449e-03
1.823375738609609147e-03
1.822954930256207896e-03
1.825744554368093986e-03
1.828374284937437592e-03
1.824114503537226832e-03
1.826847569826428163e-03
1.826093937684105913e-03
1.827776844316783729e-03
1.823517495924366219e-03
1.823378959758513180e-03
1.823473896745160050e-03
1.824190489204119111e-03
1.823269975793808794e-03
1.823882390274851042e-03
1.823344278173391186e-03
1.826690987208969908e-03
1.826348021268050029e-03
1.826838046782127550e-03
1.829774946190806419e-03
1.828417661107008913e-03
1.827368557497658069e-03
1.828902270071912188e-03
1.827043928553707865e-03
1.827299187373001991e-03
1.827356985198955652e-03
1.829362687593251609e-03
1.829175669596039147e-03
1.830820079437622859e-03
1.828965946268422014e-03
1.829788263954253364e-03
1.829271090400752791e-03
1.830757428799499945e-03
1.832818917516050279e-03
1.832739611835912342e-03
1.833976555020454041e-03
1.834535035298451647e-03
1.832369577162367954e-03
1.833483329233048711e-03
1.832908739350374390e-03
1.829845116906437955e-03
1.833418123071518325e-03
1.830713965758487159e-03
1.835056647064749712e-03
1.830565433475410658e-03
1.828995055005124513e-03
1.827880070916256417e-03
1.828636609170616097e-03
1.825292190421968185e-03
1.823801348212748677e-03
1.823085924884365822e-03
1.823081450622218410e-03
1.823515334004289883e-03
1.825978040974186303e-03
1.822547097898380691e-03
1.824009377501630350e-03
1.826893107932659344e-03
1.825541681988850778e-03
1.823939018866760266e-03
1.825948021917161643e-03
1.823543353953118286e-03
1.825798804305429554e-03
1.823043772771280446e-03
1.824012085400529386e-03
1.823097487742973916e-03
1.824935532742327652e-03
1.824188788759617541e-03
1.822909189387750218e-03
1.821699667736707265e-03
1.821865343740598255e-03
1.822719546424091293e-03
1.821638904324907266e-03
1.819040027478903334e-03
1.821473731547916313e-03
1.819487171122497089e-03
1.822076362833265333e-03
1.820990597404504750e-03
1.816456574925243627e-03
1.818912927980051095e-03
1.819953369401778719e-03
1.819311372534009172e-03
1.821947587858437252e-03
1.820013047018600918e-03
1.819275891856065967e-03
1.815054444037719544e-03
1.817332383693457927e-03
1.814174023118512741e-03
1.814643988438844561e-03
1.815881371313555733e-03
1.818974381148746574e-03
1.814756540272596894e-03
1.817214293110759995e-03
1.821229911976900411e-03
1.820440708969708237e-03
1.824063783182220582e-03
1.824464979541028618e-03
1.826501292661173847e-03
1.822254732423099315e-03
1.821090441609487512e-03
1.821170333227951086e-03
1.823426735789107763e-03
1.822804658108144286e-03
1.827212178543100810e-03
1.824133611166282214e-03
1.825767125905362149e-03
1.824039957736448914e-03
1.821592688877685063e-03
1.825553640999253401e-03
1.825792026317501256e-03
1.826123548130109686e-03
1.829369068815878087e-03
1.827511770437618196e-03
1.828701973936508766e-03
1.825325484218795957e-03
1.827139593696132814e-03
1.824372343939152001e-03
1.827130375681232811e-03
1.825538609752432387e-03
1.831915913408255431e-03
1.828331724348516811e-03
1.830704600554423087e-03
1.830990363657609889e-03
1.831471684856661713e-03
1.832526762361655044e-03
1.832010214062635475e-03
1.830504277209879559e-03
1.829314472175556103e-03
1.827751959226728501e-03
1.827992107966583228e-03
1.825311798842103829e-03
1.829504346063242325e-03
1.827294186270369495e-03
1.826767684773514342e-03
1.827494258162087014e-03
1.825194773304081395e-03
1.826804745212547935e-03
1.823444271403026591e-03
1.824264380666514290e-03
1.823779157329328800e-03
1.825631350805539867e-03
1.825008176526306952e-03
1.828209278118568884e-03
1.826180449014286420e-03
1.826850215494632860e-03
1.824358397432424310e-03
1.823224761526878908e-03
1.821493073498153727e-03
1.822612183094913510e-03
1.823082770331198744e-03
1.828114582444508463e-03
1.826623804241285422e-03
1.828741975117289479e-03
1.830342325907158242e-03
1.826940700668055030e-03
1.828091049334228980e-03
1.825981569478156213e-03
1.827353658515678062e-03
1.829991171952533805e-03
1.829591102278473654e-03
1.828843218404837536e-03
1.828916178957874436e-03
1.828782575395870207e-03
1.830066801213134017e-03
1.830646888531568209e-03
1.833600501302692400e-03
1.831345211468637588e-03
1.832586997515847464e-03
1.832723381178147284e-03
1.828818147103766518e-03
1.826543289590218909e-03
1.833786232060186832e-03
1.830590496937398778e-03
1.830154868674766519e-03
1.828286329692134634e-03
1.825639101867438741e-03
1.826060657992616782e-03
1.825858581901832790e-03
1.825885576477271482e-03
1.825548486618023408e-03
1.822270216381102238e-03
1.825878842252142992e-03
1.826464689874224018e-03
1.824753733143324183e-03
1.825461102736447398e-03
1.827996086706473516e-03
1.826136259976577714e-03
1.826220635057954934e-03
1.824583955020606931e-03
1.824377974680498494e-03
1.826972877874016377e-03
1.825957005371050407e-03
1.829293345059754923e-03
1.825728734037807086e-03
1.827569651706513866e-03
1.822519243400912365e-03
1.822557276357931588e-03
1.823943357054357830e-03
1.821416030432769333e-03
1.823121944421718810e-03
1.822266250454877010e-03
1.824580540049849584e-03
1.824080462124665850e-03
1.822589183992290264e-03
1.824897262032846613e-03
1.823401063727853391e-03
1.824166419699683539e-03
1.820954586921784456e-03
