3.945394954300631210e-03
3.945394954300631210e-03
3.927974263870818300e-03
3.916765743198586877e-03
3.900384058610449622e-03
3.886831878699398279e-03
3.875879345290130732e-03
3.866039454157838007e-03
3.857484496882999589e-03
3.847435849338172020e-03
3.837201833926215562e-03
3.827809972170396428e-03
3.818167005071916326e-03
3.808351500341882259e-03
3.799882898915379718e-03
3.792026433460069911e-03
3.784102430148754415e-03
3.776619991449944001e-03
3.769029591808613529e-03
3.760482358330754279e-03
3.752617673799230578e-03
3.745390476690899778e-03
3.736594588377132806e-03
3.727665909336275347e-03
3.719608728901358224e-03
3.711259796272765778e-03
3.702710599684191743e-03
3.694155178889061298e-03
3.686044619240634763e-03
3.677867240893593730e-03
3.669757006800930099e-03
3.662237213460952084e-03
3.654393965166678054e-03
3.646323854661954848e-03
3.638356528888293112e-03
3.630316229088010466e-03
3.622417922884577958e-03
3.615487199502685333e-03
3.608837806777240222e-03
3.601753751432996628e-03
3.594540827765627545e-03
3.587580659603865820e-03
3.580260960295497674e-03
3.573055124205236702e-03
3.565902113162436587e-03
3.559416097043312330e-03
3.552461089195765604e-03
3.545106742140086489e-03
3.538240639060272370e-03
3.531823725171163476e-03
3.525075117208458560e-03
3.518338483903123062e-03
3.511788550181694103e-03
3.504935555688162407e-03
3.497813169150176729e-03
3.491006688559489431e-03
3.485111733657970251e-03
3.478649944344680903e-03
3.471611624613529182e-03
3.465434305387564938e-03
3.459545449610392388e-03
3.452961978333738725e-03
3.446546287575244418e-03
3.440078025329291241e-03
3.434002399425982108e-03
3.428094478123750247e-03
3.422814365523909469e-03
3.416720977131151860e-03
3.409745857238611743e-03
3.403003279287043509e-03
3.396990689708256125e-03
3.390726305030821071e-03
3.384034865400725647e-03
3.378086322347395500e-03
3.372288688671818552e-03
3.366264452283685652e-03
3.360033221891801491e-03
3.354180863003698027e-03
3.348756545918682697e-03
3.343310161843438769e-03
3.337625719990630797e-03
3.331405907324652867e-03
3.325500008304144595e-03
3.319756509662288597e-03
3.313616130611072869e-03
3.307484486297978740e-03
3.301468278937121342e-03
3.295320890371859594e-03
3.289408380406987770e-03
3.283653670027920825e-03
3.277652747086324918e-03
3.271657970280267887e-03
3.265651829053060201e-03
3.259578882093476775e-03
3.253566132144296644e-03
3.248048606003568848e-03
3.242186929436731337e-03
3.235887867675387927e-03
3.229502782472969645e-03
3.223717750231936980e-03
3.218213554778632472e-03
3.212758675738875032e-03
3.206877409638131480e-03
3.200635977525361289e-03
3.194684994765562610e-03
3.188912492488862101e-03
3.183237860621856985e-03
3.177179609234336184e-03
3.171028871552608944e-03
3.165277830695334329e-03
3.159764486423736161e-03
3.154225216163078407e-03
3.148448837701309667e-03
3.142346354798883270e-03
3.136251391139130689e-03
3.130412417785546561e-03
3.124849383924516166e-03
3.119290640834374972e-03
3.113438255335200088e-03
3.106828027241844044e-03
3.100293959162410146e-03
3.094140466248960879e-03
3.088666201833096571e-03
3.083227814132465452e-03
3.077640075896741993e-03
3.072107401177885319e-03
3.066731510660532581e-03
3.061177248042386539e-03
3.055421097032780687e-03
3.050255821228197838e-03
3.045173145645188595e-03
3.040241204738468751e-03
3.035219113282002727e-03
3.030176888859593444e-03
3.025087049054456332e-03
3.019911834057177179e-03
3.015375818480434730e-03
3.011560218391412958e-03
3.007444401144097283e-03
3.002297930884327646e-03
2.996600305365330116e-03
2.991229969667692692e-03
2.985938583151832859e-03
2.980610039487845142e-03
2.975079013705191327e-03
2.970029348841613046e-03
2.965171049829764399e-03
2.960182971720026930e-03
2.955295664128591241e-03
2.950577505548089736e-03
2.946093318329067422e-03
2.941436412534624480e-03
2.936918941322435531e-03
2.932138081118655561e-03
2.927113125678157401e-03
2.921871695429997806e-03
2.916621516496559381e-03
2.911686757414475458e-03
2.906922542100938943e-03
2.902056434517231737e-03
2.897301929820639884e-03
2.892815774122926755e-03
2.888348981280890529e-03
2.883613835653250738e-03
2.879127644336192029e-03
2.874533082968091895e-03
2.869798753197799496e-03
2.864875577867108565e-03
2.859817992107594603e-03
2.854664114075871825e-03
2.849642167804837620e-03
2.844803861648941782e-03
2.840359304300101376e-03
2.836017423421503727e-03
2.831169150361158120e-03
2.826477850568103779e-03
2.821866244724483431e-03
2.817491963887520240e-03
2.813178097294252462e-03
2.809015806756515535e-03
2.804767995904207303e-03
2.800596182128089768e-03
2.796391006924775924e-03
2.791872207603433940e-03
2.787204020843764372e-03
2.782602933190798846e-03
2.778029430272054966e-03
2.773510368725981470e-03
2.769300254656053770e-03
2.765117392051191520e-03
2.760817890975007360e-03
2.756000031813325181e-03
2.751255300388353708e-03
2.746765852099792606e-03
2.742858559544510914e-03
2.738962634693813732e-03
2.734995262622494979e-03
2.730866397466032939e-03
2.726816417895916184e-03
2.722754928564090175e-03
2.718718463393111819e-03
2.714476541960962174e-03
2.709807481746911301e-03
2.704795889013722303e-03
2.700026755683549492e-03
2.695628799717090119e-03
2.691601700883438156e-03
2.687505467116095125e-03
2.683528852299534462e-03
2.679389715862763501e-03
2.675368072135693703e-03
2.671532690986088560e-03
2.667742662897850184e-03
2.663954621820184814e-03
2.660117400022758011e-03
2.656182532994324011e-03
2.652359021758938368e-03
2.648417917918595866e-03
2.644662936862943875e-03
2.641025093606553034e-03
2.637391931348812089e-03
2.633700297244725465e-03
2.629930688961292038e-03
2.626210363265585497e-03
2.622532881231244561e-03
2.618860181796508601e-03
2.615103911333763360e-03
2.611254487510540970e-03
2.607362594735731804e-03
2.603048496034985389e-03
2.598876900490341112e-03
2.595164821885267807e-03
2.591761842860632568e-03
2.588002493348920147e-03
2.584007805903175501e-03
2.580296136138507737e-03
2.576459811516149979e-03
2.572442073827087977e-03
2.568453191742224584e-03
2.564405390345270500e-03
2.560417340804606919e-03
2.556497683850067742e-03
2.552656358060938907e-03
2.548909828279669922e-03
2.545344712749816798e-03
2.541620796602088190e-03
2.537967093799566119e-03
2.534621730119992599e-03
2.531189120433369102e-03
2.527651927234476816e-03
2.523855527920898598e-03
2.520111775864697368e-03
2.516466452255994996e-03
2.512861628371039577e-03
2.509420379571437269e-03
2.505960071178419714e-03
2.502728887458160415e-03
2.499728391839102070e-03
2.496583961533784153e-03
2.493208112214532601e-03
2.489825059506128955e-03
2.486381542414716189e-03
2.482736064832364881e-03
2.479135240875644016e-03
2.475573447628769998e-03
2.472270039404658726e-03
2.468714504617523873e-03
2.465078590827364784e-03
2.461497216453855264e-03
2.458124637611750190e-03
2.454760024124854299e-03
2.451274825742333265e-03
2.447653484840199394e-03
2.444278856252148861e-03
2.441122751955869096e-03
2.438005451864683291e-03
2.434954139365241160e-03
2.431815841122541341e-03
2.428402620370794743e-03
2.425112152777899807e-03
2.421760495881658884e-03
2.418659164708588868e-03
2.415411718196457287e-03
2.411988835666859822e-03
2.408586533567326493e-03
2.405239548932102019e-03
2.401988170605261555e-03
2.398756431481852136e-03
2.395756184244654877e-03
2.392733277176098666e-03
2.389543225368486509e-03
2.386405256265329566e-03
2.383422820594177302e-03
2.380519618606895087e-03
2.377463102848563232e-03
2.374431998379066683e-03
2.371264827252311889e-03
2.368113929554856514e-03
2.364908021360526830e-03
2.361977382597466209e-03
2.358798559425959174e-03
2.355444925806498245e-03
2.352136781522136399e-03
2.349014271999231695e-03
2.345699434477794155e-03
2.342238845421523111e-03
2.339003867452528734e-03
2.336377618665250264e-03
2.333769492803591632e-03
2.331020112143371899e-03
2.327976152956239084e-03
2.324938463244477418e-03
2.322004016448212492e-03
2.319087596496957355e-03
2.316283323949341454e-03
2.313564233283854632e-03
2.310757706202866239e-03
2.308066578493630713e-03
2.305242510202954852e-03
2.302151686993762769e-03
2.298953695280145371e-03
2.295773717117040313e-03
2.292929513659889770e-03
2.290168485191265615e-03
2.287467308667465345e-03
2.284865273389760556e-03
2.282144207422876457e-03
2.279365963812132745e-03
2.276463427470298145e-03
2.273649774090348227e-03
2.270742624544500824e-03
2.267796242579206596e-03
2.264812337471668827e-03
2.261876905715621763e-03
2.259140940452120019e-03
2.256564289751805848e-03
2.253994789570584311e-03
2.251420704399120700e-03
2.248802368583750159e-03
2.246209054373095315e-03
2.243492042837062165e-03
2.240931015032868005e-03
2.238477931581348956e-03
2.235834783897508882e-03
2.233272273668441762e-03
2.230581607912618392e-03
2.227846942123514092e-03
2.225119062355350712e-03
2.222469649367493725e-03
2.219775844051818676e-03
2.217045294214770989e-03
2.214236449641933131e-03
2.211543293996805909e-03
2.208928779937494990e-03
2.206311613131799534e-03
2.203769013218172604e-03
2.201123679284166818e-03
2.198563930179987889e-03
2.195854589285812109e-03
2.193397290364259254e-03
2.190823022576883234e-03
2.188288842400673995e-03
2.185678316130449869e-03
2.183401851850927215e-03
2.181064194163992095e-03
2.178523034136551143e-03
2.175968511665886222e-03
2.173384122160287521e-03
2.170669133062666425e-03
2.168190498587080871e-03
2.165808596985257638e-03
2.163418788892836325e-03
2.160920162366828951e-03
2.158241174364972093e-03
2.155646358554583371e-03
2.152906485632658223e-03
2.150053338806389922e-03
2.147385157224083931e-03
2.144900172404484284e-03
2.142603572126850972e-03
2.140284271458235774e-03
2.137872064959680293e-03
2.135234176418483298e-03
2.132517244583043928e-03
2.129720285398606534e-03
2.127092639576813517e-03
2.124752863586316758e-03
2.122472043346390093e-03
2.120060401045072585e-03
2.117413055563834197e-03
2.114476525786799632e-03
2.111579828146500741e-03
2.108702757321394457e-03
2.105997094487028088e-03
2.103419499657134713e-03
2.100786576750559090e-03
2.098343443703029523e-03
2.095859158420532598e-03
2.093453584458087723e-03
2.091185486261205092e-03
2.088848049159651964e-03
2.086582572747201249e-03
2.084293707563870859e-03
2.081931917478219238e-03
2.079423029785632676e-03
2.076932833353222450e-03
2.074466805023039619e-03
2.072173919434959662e-03
2.070036246122640422e-03
2.067880807094464850e-03
2.065621438305433738e-03
2.063446057542141221e-03
2.061326075497921760e-03
2.059212087496054173e-03
2.057050172297552899e-03
2.054922064516098452e-03
2.052719706217091475e-03
2.050347437840218615e-03
2.047892383870520815e-03
2.045617599339646497e-03
2.043472954717908199e-03
2.041379722555079854e-03
2.039406429254710454e-03
2.037331330389432690e-03
2.035336511829375760e-03
2.033398230173504451e-03
2.031247089902524141e-03
2.029132625100038903e-03
2.026904875935874560e-03
2.024797673545182357e-03
2.022468670956896735e-03
2.020448449289040209e-03
2.018265646166504407e-03
2.016026251309100022e-03
2.013745560579914464e-03
2.011411444576793189e-03
2.009154799332029361e-03
2.007061160983820980e-03
2.005000913997828215e-03
2.002959908622758533e-03
2.000748283483373170e-03
1.998700163869872922e-03
1.996714080804290470e-03
1.994727679031208824e-03
1.992764846789732685e-03
1.990860469094501636e-03
1.988843553364055654e-03
1.987107440356147489e-03
1.985231561441568211e-03
1.983225854705783064e-03
1.981154744974712723e-03
1.979112135128802564e-03
1.977193183715908725e-03
1.975516061017575185e-03
1.973758317366291169e-03
1.971907506082479049e-03
1.969855234714894612e-03
1.967827438426673556e-03
1.965950517063875386e-03
1.964114148072999486e-03
1.962455586217713363e-03
1.960707316297420448e-03
1.958830513888542343e-03
1.956901815480987898e-03
1.954767682637342970e-03
1.952681103835143123e-03
1.950449892585894669e-03
1.948150803436177886e-03
1.945919601480134960e-03
1.943887240316568557e-03
1.941845712722526599e-03
1.939864662061653458e-03
1.937793826023672360e-03
1.935862349041314514e-03
1.934165272423871932e-03
1.932458046846769265e-03
1.930698658588601412e-03
1.928667056745432583e-03
1.926587469144767093e-03
1.924471839631687825e-03
1.922367945218421892e-03
1.920411029013663340e-03
1.918512281706362703e-03
1.916639915504578110e-03
1.914864619138406622e-03
1.913098079571819632e-03
1.911276090757234140e-03
1.909463564115927063e-03
1.907819154677841116e-03
1.906077376218268723e-03
1.904019863710316660e-03
1.902046715243911742e-03
1.900126796852634036e-03
1.898403867993857025e-03
1.896538926216265056e-03
1.894593550625114703e-03
1.892460466971318490e-03
1.890317171505783182e-03
1.888229558922086947e-03
1.886084819381880599e-03
1.884037941933765009e-03
1.882113649495685678e-03
1.880243802035350869e-03
1.878422554065976510e-03
1.876567772194561758e-03
1.874609474532374720e-03
1.872793569127644952e-03
1.871244441834120928e-03
1.869688239071562235e-03
1.868231695381226271e-03
1.866532023433951134e-03
1.864616540545562667e-03
1.862748113205893018e-03
1.860882978939171380e-03
1.859012283644275766e-03
1.857294272699167937e-03
1.855668682668611732e-03
1.854139981776294034e-03
1.852614409577103393e-03
1.851061991035342965e-03
1.849328231937795919e-03
1.847615793704017592e-03
1.845756958862748579e-03
1.843939902672350663e-03
1.842134563021378046e-03
1.840393661013230110e-03
1.838634384704621256e-03
1.837012680642665340e-03
1.835444907188835866e-03
1.833812118331260574e-03
1.832113872715624391e-03
1.830375258420689983e-03
1.828739079971843399e-03
1.827273725181019753e-03
1.825805996633696800e-03
1.824361860789949124e-03
1.822730787522111595e-03
1.821307106209798209e-03
1.819893602271696002e-03
1.818469106228565732e-03
1.816982735410126648e-03
1.815393607329071580e-03
1.813615800843923053e-03
1.811974818588222430e-03
1.810382150646640915e-03
1.808786182126639669e-03
1.807243974866202781e-03
1.805653602676755018e-03
1.804126442733752951e-03
1.802626785263295242e-03
1.801306439969721810e-03
1.799892629295783870e-03
1.798565023383376631e-03
1.797124392278443006e-03
1.795711318582064774e-03
1.794309414618400168e-03
1.793008998564016429e-03
1.791751813777779385e-03
1.790368514411949316e-03
1.789068537417407229e-03
1.787801668250220237e-03
1.786362648968810437e-03
1.784957800204847907e-03
1.783395044638784108e-03
1.781948130696948268e-03
1.780388670081446863e-03
1.778942949679824734e-03
1.777354083694357954e-03
1.775802656187025442e-03
1.774137186245469851e-03
1.772535605755543595e-03
1.771061822879238046e-03
1.769764535095198679e-03
1.768541060506782737e-03
1.767255680991964119e-03
1.765911963830602569e-03
1.764552470871031363e-03
1.763133207744701277e-03
1.761724980092561682e-03
1.760130423854771317e-03
1.758554069766598811e-03
1.757194903734742540e-03
1.755800367008526069e-03
1.754416576065835837e-03
1.753118166139189119e-03
1.751875044815190798e-03
1.750512946102693226e-03
1.749271741979577114e-03
1.748029251926453776e-03
1.746663581125106448e-03
1.745304902977809968e-03
1.743897192654240763e-03
1.742558629516505501e-03
1.741228980864165977e-03
1.739961008899560064e-03
1.738760556319680428e-03
1.737499349793671446e-03
1.736170772105141095e-03
1.734794077753828772e-03
1.733324704797273340e-03
1.731788060589638505e-03
1.730335500364066749e-03
1.728784071806482988e-03
1.727347340825752990e-03
1.725993696420579293e-03
1.724669584412714257e-03
1.723301641884467886e-03
1.722100791539830271e-03
1.720733582248958147e-03
1.719390609343216404e-03
1.718030030050350394e-03
1.716668937290892439e-03
1.715424753458463271e-03
1.714205308316972326e-03
1.712960603268475672e-03
1.711794301599704402e-03
1.710615176038266828e-03
1.709476626565996273e-03
1.708246907822175576e-03
1.706839985528395796e-03
1.705430970695521759e-03
1.704010812137520372e-03
1.702591233089938670e-03
1.701301758344461344e-03
1.700038147775749390e-03
1.698885107621938726e-03
1.697736071599989863e-03
1.696716967627586803e-03
1.695584502388833639e-03
1.694498325122533507e-03
1.693397900805455533e-03
1.692362921638349612e-03
1.691120975029212483e-03
1.689905548746789988e-03
1.688696111229771651e-03
1.687635874679466056e-03
1.686423306896514540e-03
1.685242512897381674e-03
1.684049105848402055e-03
1.682759058371434890e-03
1.681532321248652368e-03
1.680316229335211903e-03
1.679096058048141962e-03
1.677862028101884768e-03
1.676715489113827845e-03
1.675518758336247286e-03
1.674186743275818097e-03
1.672961829854218698e-03
1.671549336464218721e-03
1.670397198485465374e-03
1.669094224502207712e-03
1.667899229682894046e-03
1.666765411523706778e-03
1.665563127008433614e-03
1.664378052045237472e-03
1.663367438479821476e-03
1.662274778552071813e-03
1.661213107166229592e-03
1.660018651522956112e-03
1.658915435148457154e-03
1.657871972596273698e-03
1.656740113910756340e-03
1.655607769667142432e-03
1.654467307119696822e-03
1.653306303290326884e-03
1.652179675297449401e-03
1.650941647906850737e-03
1.649782663614150421e-03
1.648699391776600959e-03
1.647501481866542111e-03
1.646413980735256894e-03
1.645314810432093764e-03
1.644292745873941709e-03
1.643181782249644252e-03
1.642096135160237176e-03
1.641049470851971455e-03
1.639971196361683908e-03
1.638996870460160101e-03
1.637901758039533688e-03
1.636872105086570025e-03
1.635903298308264992e-03
1.634927681591177590e-03
1.634049204624265063e-03
1.633144460596552220e-03
1.632140286127833906e-03
1.631218648049965071e-03
1.630194850246490575e-03
1.629342483494708666e-03
1.628458174820402024e-03
1.627515004640836061e-03
1.626463074965134445e-03
1.625495160656751596e-03
1.624492922188580440e-03
1.623519263099100583e-03
1.622519332747140389e-03
1.621458818779799920e-03
1.620494992895354361e-03
1.619414895904838607e-03
1.618428686321134570e-03
1.617501485314099159e-03
1.616521859790562635e-03
1.615631856422967017e-03
1.614921567140324785e-03
1.614156189044322568e-03
1.613325353482554297e-03
1.612440108222306474e-03
1.611622089465362473e-03
1.610598140682367426e-03
1.609768771833286656e-03
1.608970044743418971e-03
1.608235751698158106e-03
1.607440622074585114e-03
1.606707505957177817e-03
1.605896367778307044e-03
1.605107574957147362e-03
1.604291138319061810e-03
1.603315060454164800e-03
1.602259296740785131e-03
1.601292202614376485e-03
1.600336915801038032e-03
1.599420737447510661e-03
1.598502728879972346e-03
1.597653346056976354e-03
1.596695306990285595e-03
1.595798468976580495e-03
1.594841300198251511e-03
1.593900984734571754e-03
1.592896802930051986e-03
1.591942202910403593e-03
1.590936123019434092e-03
1.589953047863826470e-03
1.588900562766250996e-03
1.587880657446518514e-03
1.586776741410298635e-03
1.585703949797845997e-03
1.584676663439023477e-03
1.583745675994832278e-03
1.582657420372300238e-03
1.581624603432872037e-03
1.580610139980422957e-03
1.579703962130908374e-03
1.578842301847467816e-03
1.577928157653509097e-03
1.577109622544786488e-03
1.576336218012942348e-03
1.575641668317950481e-03
1.574974223961834357e-03
1.574410721390772467e-03
1.573712748983836004e-03
1.573051181430853854e-03
1.572335188751709150e-03
1.571506436420111929e-03
1.570649390950500839e-03
1.569763037476021913e-03
1.568930002476416922e-03
1.568150097036492266e-03
1.567361839869915556e-03
1.566640078775192318e-03
1.565848807242734139e-03
1.564951577159621066e-03
1.563959656457065755e-03
1.562995841050644026e-03
1.562006207197829972e-03
1.561163476830427750e-03
1.560352290234373737e-03
1.559531151549250214e-03
1.558721743543894749e-03
1.558011078642450179e-03
1.557309293865015865e-03
1.556407806163038121e-03
1.555617094370322345e-03
1.554787250990722312e-03
1.553956655312710346e-03
1.553310082252617281e-03
1.552684239359065476e-03
1.552183358687307885e-03
1.551737552180036152e-03
1.551230212388772164e-03
1.550709860032445592e-03
1.549959477867677779e-03
1.549208496108069825e-03
1.548408616266800644e-03
1.547578589408812530e-03
1.546832788866475553e-03
1.546004780466144748e-03
1.545249819104150234e-03
1.544570168230806123e-03
1.543780856714604011e-03
1.543141313459806983e-03
1.542425488685186981e-03
1.541598617279758918e-03
1.540842625293457587e-03
1.540059119739251589e-03
1.539239406688399075e-03
1.538356704366711496e-03
1.537568391440375564e-03
1.536776031367997506e-03
1.535890543010505092e-03
1.534929474158451415e-03
1.533978261922270625e-03
1.532997633507311415e-03
1.532109585673412360e-03
1.531286979617206556e-03
1.530544323806159622e-03
1.529802200522350705e-03
1.529136530471748509e-03
1.528315618532814519e-03
1.527494983637956577e-03
1.526599640634598984e-03
1.525891623941284629e-03
1.525201436664434113e-03
1.524572770350283643e-03
1.524024284093556314e-03
1.523531467226244300e-03
1.522889421246233135e-03
1.522346851991639508e-03
1.521753941194253215e-03
1.521225598930619908e-03
1.520628532535542787e-03
1.519994737214975036e-03
1.519385768498782239e-03
1.518808355049364222e-03
1.518245288189161001e-03
1.517709590437119668e-03
1.517267979469040040e-03
1.516744378765848755e-03
1.516241504746787538e-03
1.515646866216444977e-03
1.514941873022487536e-03
1.514211304580521293e-03
1.513497932839630560e-03
1.512862428333881402e-03
1.512232448807890881e-03
1.511542644141889834e-03
1.510814146046377980e-03
1.510084272108455855e-03
1.509399938505618950e-03
1.508640860603155257e-03
1.507890921077868936e-03
1.507202379363423942e-03
1.506594420397527759e-03
1.506012536903235562e-03
1.505527513044241632e-03
1.504952162800758924e-03
1.504406386136144776e-03
1.503796901236085712e-03
1.503146473936654804e-03
1.502443772704285330e-03
1.501688844706816368e-03
1.500936719829414848e-03
1.500248431609776814e-03
1.499541707274750987e-03
1.498997010259952569e-03
1.498219334501485391e-03
1.497471897524712972e-03
1.496694398467974564e-03
1.495905282894578921e-03
1.495241287857771925e-03
1.494697619752299519e-03
1.494038988771089795e-03
1.493290886778826567e-03
1.492484646297479811e-03
1.491620241984326165e-03
1.490896471740148265e-03
1.490135426404127572e-03
1.489341865713502116e-03
1.488499030114817873e-03
1.487716565353775985e-03
1.486993544447876578e-03
1.486448222218230168e-03
1.485867068533664945e-03
1.485313493006743977e-03
1.484835966784288364e-03
1.484330226797058849e-03
1.483807796966965476e-03
1.483287931306821609e-03
1.482847331213742008e-03
1.482529940925440218e-03
1.482149369452270089e-03
1.481671939733817398e-03
1.481217236411585788e-03
1.480791724984780724e-03
1.480342712946701835e-03
1.479881087539614611e-03
1.479301494162864848e-03
1.478630628667096337e-03
1.478044304019170271e-03
1.477198289757118786e-03
1.476457263652641416e-03
1.475786953385240961e-03
1.475182211654842319e-03
1.474509933872929441e-03
1.473843941046417512e-03
1.473220185036138883e-03
1.472639296692815694e-03
1.472145401346485784e-03
1.471664055404130200e-03
1.471140146306008879e-03
1.470655425606252247e-03
1.470020523831982616e-03
1.469410733887841543e-03
1.468785862295544876e-03
1.468048044977769782e-03
1.467279322705855463e-03
1.466656791454614946e-03
1.465951462447197566e-03
1.465253287559068482e-03
1.464514632952659779e-03
1.463845731933846074e-03
1.463151684127333768e-03
1.462441470571557720e-03
1.461705806740587303e-03
1.461114967945993225e-03
1.460359029393641650e-03
1.459729637976354792e-03
1.459061522307067817e-03
1.458309476289919478e-03
1.457884502786525524e-03
1.457368629397810681e-03
1.456813095103374122e-03
1.456282293753225886e-03
1.455616558359237823e-03
1.455072789330585014e-03
1.454411134305454633e-03
1.453789066828622316e-03
1.453195121283094686e-03
1.452616119997080738e-03
1.452152984077500868e-03
1.451661731991531331e-03
1.451268016052996521e-03
1.450875791491111058e-03
1.450498867580223743e-03
1.450009203612545594e-03
1.449427547162893213e-03
1.448781083151049745e-03
1.448084159956182938e-03
1.447472281256562956e-03
1.446847346286123494e-03
1.446315961670586580e-03
1.445716251868726064e-03
1.445224900677419960e-03
1.444614354798476503e-03
1.444173176258465923e-03
1.443792160957366308e-03
1.443418944622548933e-03
1.443103414944319407e-03
1.442755140934716797e-03
1.442415497640019747e-03
1.442108146099876226e-03
1.441694990419414542e-03
1.441383494980394420e-03
1.441177627028338622e-03
1.441030649065074302e-03
1.440834294278044636e-03
1.440609778137636170e-03
1.440433797151837890e-03
1.440132161379832892e-03
1.439776898726770771e-03
1.439431269844532050e-03
1.439058208534837189e-03
1.438577103149612678e-03
1.438117462514181726e-03
1.437661674579127167e-03
1.437133064713380865e-03
1.436642105835311779e-03
1.436143464650687252e-03
1.435635113094772689e-03
1.435295886285731931e-03
1.434884761888154331e-03
1.434675923530431439e-03
1.434413257765308498e-03
1.434121169631003044e-03
1.433732023651043859e-03
1.433293620465187239e-03
1.432866612288872035e-03
1.432457181176915312e-03
1.432061292491956534e-03
1.431624850565801216e-03
1.431319535296939494e-03
1.431017110493711976e-03
1.430804764935410950e-03
1.430379606551150738e-03
1.429933109368755791e-03
1.429281361203083847e-03
1.428734790199043649e-03
1.428308088850820026e-03
1.427875512448064776e-03
1.427330912474372845e-03
1.426962680864925356e-03
1.426485592886912648e-03
1.426189338593942613e-03
1.425798058639315882e-03
1.425331192798966629e-03
1.425042011780402670e-03
1.424615977499813684e-03
1.424206482815064748e-03
1.423805653022558329e-03
1.423380625902234469e-03
1.422956372066244961e-03
1.422599997252172203e-03
1.422250245429024446e-03
1.421888665177224774e-03
1.421527497570581429e-03
1.421214135397365266e-03
1.420969432664956822e-03
1.420624702618479345e-03
1.420241913244577655e-03
1.419859814051306927e-03
1.419468428465932124e-03
1.419162315381943288e-03
1.418932248190582371e-03
1.418631139889114240e-03
1.418225537160291896e-03
1.417975643762056171e-03
1.417740601285304549e-03
1.417477850142236659e-03
1.417283058808935670e-03
1.417024476514699895e-03
1.416775480843577304e-03
1.416476946268172823e-03
1.416089159510970337e-03
1.415662244972616234e-03
1.415218210614635963e-03
1.414574296028301955e-03
1.414051658363759279e-03
1.413653707976440885e-03
1.413314292404327030e-03
1.412908228332495101e-03
1.412537159597404036e-03
1.412120353625745004e-03
1.411697198377513153e-03
1.411242948883341094e-03
1.410760888671305866e-03
1.410364574725888730e-03
1.410036381195995487e-03
1.409677333292455939e-03
1.409423302708826030e-03
1.409157158767231858e-03
1.408881548314967281e-03
1.408673905875672911e-03
1.408415171438952979e-03
1.408136753027812134e-03
1.407861236241971783e-03
1.407413573662269967e-03
1.406905139901823377e-03
1.406404166443685644e-03
1.406005187910745226e-03
1.405584048130338560e-03
1.405202564373286313e-03
1.404743776464289313e-03
1.404274215905882426e-03
1.403782135438810461e-03
1.403166310966852274e-03
1.402696584812280134e-03
1.402170315909050981e-03
1.401703492836192883e-03
1.401336481282509493e-03
1.401034445184486717e-03
1.400616966552746404e-03
1.400331933571277677e-03
1.400083117550037729e-03
1.399881723599141281e-03
1.399608177854247707e-03
1.399382428877050206e-03
1.399154694700909972e-03
1.399010710426579771e-03
1.398883541434036782e-03
1.398592509597207465e-03
1.398371104547517377e-03
1.398119979896428940e-03
1.397888017282463997e-03
1.397686673023189460e-03
1.397424768563858798e-03
1.397265024821018687e-03
1.397115440629144922e-03
1.396969909554334052e-03
1.396804605660416539e-03
1.396641059565094942e-03
1.396537162700625971e-03
1.396417643454420663e-03
1.396301182825042614e-03
1.396246612321377489e-03
1.396059999840041548e-03
1.395832596582703873e-03
1.395695147545912085e-03
1.395418166163215398e-03
1.395148826612425345e-03
1.394938299712186140e-03
1.394737223051495953e-03
1.394573606405399065e-03
1.394483805060029238e-03
1.394412659204560985e-03
1.394424317339408668e-03
1.394377702413348652e-03
1.394262584663408895e-03
1.394203231483547283e-03
1.394122918537786006e-03
1.394131291010986201e-03
1.394103388315306611e-03
1.394155890106626430e-03
1.394046541998823774e-03
1.393842150480545947e-03
1.393720349070026558e-03
1.393656970783847902e-03
1.393454558895269825e-03
1.393273097153712803e-03
1.393074661131225292e-03
1.392793095065504323e-03
1.392520815320067709e-03
1.392177287160582507e-03
1.391905395888099351e-03
1.391590006962995559e-03
1.391327638228133465e-03
1.391073530029472401e-03
1.390798880936713715e-03
1.390549043845009693e-03
1.390120434475530103e-03
1.389803155271457586e-03
1.389561574305489978e-03
1.389246298266172191e-03
1.388780383265235353e-03
1.388411344614528522e-03
1.388022066844297932e-03
1.387680147592919517e-03
1.387401827103602533e-03
1.387201148574264669e-03
1.386839554184605711e-03
1.386597316806978701e-03
1.386479828897059854e-03
1.386369644766466055e-03
1.386286766435683611e-03
1.386212263975926569e-03
1.386165349256965112e-03
1.385985273254284385e-03
1.385834711800237960e-03
1.385594537462729462e-03
1.385416835791842844e-03
1.385356518795375280e-03
1.385181244821383955e-03
1.385101134978847671e-03
1.384884556640956490e-03
1.384683784001320512e-03
1.384500830707820337e-03
1.384238758520005578e-03
1.383888994130920381e-03
1.383610436071175008e-03
1.383461659892287841e-03
1.383111969208242979e-03
1.382721644414876012e-03
1.382424415194503280e-03
1.382146790865278110e-03
1.381952904206797854e-03
1.381796382017902360e-03
1.381711263613830511e-03
1.381749670509625511e-03
1.381647155299364250e-03
1.381568417270111811e-03
1.381358733267308916e-03
1.380990108175047604e-03
1.380768894360996386e-03
1.380662095523303408e-03
1.380553239999615309e-03
1.380423459102984342e-03
1.380222422198824255e-03
1.380143329143596184e-03
1.379928173218839980e-03
1.379866205971658558e-03
1.379704009567700625e-03
1.379539589092847575e-03
1.379252756828596403e-03
1.379106766597364966e-03
1.378859446588276633e-03
1.378637270336395245e-03
1.378341497622260397e-03
1.378041048104437739e-03
1.377793394466043583e-03
1.377487935110697148e-03
1.377153948936096469e-03
1.376912750253352817e-03
1.376576898193282135e-03
1.376233520488670103e-03
1.375909582540472921e-03
1.375575142547576582e-03
1.375146069134961261e-03
1.374674561950870594e-03
1.374123818962591633e-03
1.373732974660903973e-03
1.373168691771194062e-03
1.372875335212439150e-03
1.372480079136732031e-03
1.372285133682266643e-03
1.372046520916854169e-03
1.371759679030748035e-03
1.371627991495507270e-03
1.371438797717357879e-03
1.371252824032186991e-03
1.371060046895148906e-03
1.370906690576626777e-03
1.370755836382333160e-03
1.370507046983066935e-03
1.370245414912118305e-03
1.369941584380058404e-03
1.369783575487083837e-03
1.369550577122344466e-03
1.369339461354124408e-03
1.369224982117427363e-03
1.369098068436313057e-03
1.368991469581416678e-03
1.368901903403765266e-03
1.368747853503217990e-03
1.368679632714765596e-03
1.368601123674251067e-03
1.368563613687967355e-03
1.368511769873858881e-03
1.368472532779348334e-03
1.368443964131413164e-03
1.368481297024097543e-03
1.368510098857793345e-03
1.368612385060285694e-03
1.368672877652933866e-03
1.368661598755279915e-03
1.368722909434850511e-03
1.368738722336159406e-03
1.368777643635994603e-03
1.368735635061270328e-03
1.368693281566760395e-03
1.368689908871751487e-03
1.368663601300531933e-03
1.368625563711242015e-03
1.368502226214697321e-03
1.368527617300488745e-03
1.368300473366752942e-03
1.368052993359317789e-03
1.367901029618479470e-03
1.367670637455033287e-03
1.367391214899933921e-03
1.367214672610483428e-03
1.367068179502601080e-03
1.366979874440781657e-03
1.366854026714766713e-03
1.366790874534383384e-03
1.366752714978341880e-03
1.366772199070291106e-03
1.366649169133286532e-03
1.366580620594641049e-03
1.366618516139336131e-03
1.366511079053961018e-03
1.366378318970923366e-03
1.366145097654205068e-03
1.365996956679502291e-03
1.365854856678848633e-03
1.365740236117749971e-03
1.365495244655758533e-03
1.365346871988174513e-03
1.365054628348695218e-03
1.364849775382152158e-03
1.364580225325182994e-03
1.364406962433692069e-03
1.364194728818666222e-03
1.364052406999964910e-03
1.363668618429286035e-03
1.363159673888400666e-03
1.362666061102704718e-03
1.362202761999719474e-03
1.361728204876191516e-03
1.361281130858444082e-03
1.360905277935286475e-03
1.360585720798867301e-03
1.360250252220728375e-03
1.360005837210046149e-03
1.359789350087217382e-03
1.359557186211225212e-03
1.359461075481500133e-03
1.359315487326755384e-03
1.359316906012752839e-03
1.359176707341947085e-03
1.359130764217836860e-03
1.359026232745948973e-03
1.358930669733322784e-03
1.358898256137121806e-03
1.358751810839506488e-03
1.358541240039429091e-03
1.358389246341514672e-03
1.358214058988784943e-03
1.358019087950732007e-03
1.357836102945909462e-03
1.357642382278556300e-03
1.357427311048499700e-03
1.357197233536099404e-03
1.356830314877975532e-03
1.356525531726970966e-03
1.356327009639619234e-03
1.355976391160436563e-03
1.355749821858471529e-03
1.355371127516419045e-03
1.355198748063812884e-03
1.354878178797653447e-03
1.354591690846221851e-03
1.354514603556809371e-03
1.354385239498972137e-03
1.354250112676085027e-03
1.354028816032611018e-03
1.353899730200602012e-03
1.353724206905706053e-03
1.353532197761329837e-03
1.353395601383339687e-03
1.353280076469024797e-03
1.353229366357746937e-03
1.353120033010094848e-03
1.353089852037640990e-03
1.353064501806177950e-03
1.352896828736359185e-03
1.352822275114464682e-03
1.352693590645304665e-03
1.352605215281976704e-03
1.352439673293564983e-03
1.352249183106470553e-03
1.352058976798998623e-03
1.351849490774700629e-03
1.351753578071423004e-03
1.351735111385292225e-03
1.351571062987224356e-03
1.351411709113026606e-03
1.351232212227218392e-03
1.351127579452161527e-03
1.351019212720626882e-03
1.350897018034177876e-03
1.350778059369281371e-03
1.350839475285481274e-03
1.350778564497784199e-03
1.350864577956509922e-03
1.350953410370294393e-03
1.350788325480129079e-03
1.350879868946985255e-03
1.350862850797666243e-03
1.350827055471496077e-03
1.350773438669965361e-03
1.350665248440438820e-03
1.350687316889530830e-03
1.350649850347715192e-03
1.350622596399465945e-03
1.350657615119413204e-03
1.350595414131210668e-03
1.350555470275301368e-03
1.350363496815440607e-03
1.350036897309823654e-03
1.349921442932893725e-03
1.349748354164085652e-03
1.349565974941095573e-03
1.349314975891292801e-03
1.349131669028278248e-03
1.349001417358780411e-03
1.348795998578081624e-03
1.348726133373577335e-03
1.348583250667094707e-03
1.348540692318860729e-03
1.348616210859189665e-03
1.348710914511120620e-03
1.348704322758230130e-03
1.348819683172856410e-03
1.348783777307378936e-03
1.348904340744045988e-03
1.348817365663068819e-03
1.348817495907254048e-03
1.348879151099630297e-03
1.348843906289970548e-03
1.348779542901280826e-03
1.348744294407355510e-03
1.348736186630184082e-03
1.348869366777721845e-03
1.348860227124118244e-03
1.348851419473274344e-03
1.348855342354360505e-03
1.348858180100501441e-03
1.348874785337510641e-03
1.348852874896713664e-03
1.348982385510872012e-03
1.349053073716701377e-03
1.349128215654509010e-03
1.349077815797379261e-03
1.349064046962139551e-03
1.348986251460731079e-03
1.348974039549611596e-03
1.349021053601818241e-03
1.349024480677785652e-03
1.349034918064822555e-03
1.348950626172676880e-03
1.348918976314693969e-03
1.348865441478612438e-03
1.348758879186541092e-03
1.348683542075461168e-03
1.348676367434780126e-03
1.348686823338872756e-03
1.348678998930952569e-03
1.348673488222225120e-03
1.348698052037950942e-03
1.348589272936157480e-03
1.348505621855506601e-03
1.348424099801697265e-03
1.348242714096555472e-03
1.348127176216172909e-03
1.348104481221102388e-03
1.347995496531536642e-03
1.348021324147717376e-03
1.348057633915634990e-03
1.348157963834918345e-03
1.348170829500422224e-03
1.348361982460473613e-03
1.348534319544800967e-03
1.348623219625450171e-03
1.348704125624568088e-03
1.348883976563786807e-03
1.348966009076354089e-03
1.348963865613989890e-03
1.348997430941547421e-03
1.349039398014091314e-03
1.349002400769794708e-03
1.348993808600763974e-03
1.348965657823184960e-03
1.349093441612979902e-03
1.349114127010579570e-03
1.349164720516085516e-03
1.349229978288495535e-03
1.349323431399756775e-03
1.349431297018088404e-03
1.349639169513692062e-03
1.349833028423254788e-03
1.349905759146939306e-03
1.350025357672311396e-03
1.350150838417997186e-03
1.350238291129291814e-03
1.350480717629493196e-03
1.350588892414176416e-03
1.350902389424006025e-03
1.351152763597599426e-03
1.351374779858615857e-03
1.351526051005141546e-03
1.351625347440973089e-03
1.351762950717333477e-03
1.351802891443139179e-03
1.351773768592832298e-03
1.351750763853462774e-03
1.351621644743013651e-03
1.351418778563994805e-03
1.351394481550898018e-03
1.351285933733557734e-03
1.351130569406990608e-03
1.351152257008494343e-03
1.351033431882563097e-03
1.350914209832259358e-03
1.350760127065694450e-03
1.350643816605142126e-03
1.350409125204097638e-03
1.350312298451915739e-03
1.350251305204582756e-03
1.350153772230176710e-03
1.350048225440388322e-03
1.349957931848574585e-03
1.349874912935897057e-03
1.349700744102516050e-03
1.349579850910202381e-03
1.349493051746993629e-03
1.349349595007193810e-03
1.349375862798876061e-03
1.349225150795945946e-03
1.349193248606041185e-03
1.349045663627692401e-03
1.349085962889830454e-03
1.349119026020111816e-03
1.349064857557213688e-03
1.349069523954341768e-03
1.349073618898450830e-03
1.349097268278428609e-03
1.348979981897698282e-03
1.348915453066780934e-03
1.348604241386015552e-03
1.348298973383194521e-03
1.347978994939664620e-03
1.347791968624030253e-03
1.347641736606129724e-03
1.347485400620639356e-03
1.347346963884599657e-03
1.347134136888803509e-03
1.346968035224110124e-03
1.346809894453562893e-03
1.346688142481186970e-03
1.346537738101076867e-03
1.346407263739049899e-03
1.346288780233014437e-03
1.346202830443126927e-03
1.346108454914112179e-03
1.346083461600073358e-03
1.346071655949497309e-03
1.346032556311214370e-03
1.346066460961021019e-03
1.345985433962383453e-03
1.345819102862198195e-03
1.345645427380842652e-03
1.345430664202892446e-03
1.345329168572414417e-03
1.345269251639856370e-03
1.345327262599665648e-03
1.345290631322992219e-03
1.345370385367644509e-03
1.345482191630503407e-03
1.345658229210603849e-03
1.345800033532289219e-03
1.346026565950785101e-03
1.346366190975954117e-03
1.346705444655253931e-03
1.346913375319796873e-03
1.347262731883031722e-03
1.347566042643641351e-03
1.347755997580822812e-03
1.347975664665878497e-03
1.348266162093839527e-03
1.348403841149093058e-03
1.348522683543195788e-03
1.348542612922383737e-03
1.348537687395486148e-03
1.348523900826397327e-03
1.348416557434464974e-03
1.348384274817003136e-03
1.348194691526345560e-03
1.348117520219405552e-03
1.348120834943750384e-03
1.348108055772813656e-03
1.348097585039765905e-03
1.348126178255009983e-03
1.348204939932712157e-03
1.348292852897314690e-03
1.348457430059524622e-03
1.348638340894538386e-03
1.348887338204486988e-03
1.349258154838010567e-03
1.349601805449277773e-03
1.349910307400703372e-03
1.350205744752013470e-03
1.350510264759690595e-03
1.350719006972275196e-03
1.350928613904246170e-03
1.351023711165517342e-03
1.351124921713199893e-03
1.351163383550404821e-03
1.351326234477775003e-03
1.351401297211409901e-03
1.351460555798844523e-03
1.351456213273719009e-03
1.351521598347417679e-03
1.351542751166850791e-03
1.351586084937178274e-03
1.351648786210417948e-03
1.351580264112680523e-03
1.351574370866583021e-03
1.351540082455670146e-03
1.351608943655747096e-03
1.351853603355279449e-03
1.352043999000783828e-03
1.352326806933809101e-03
1.352537530165186718e-03
1.352743478750530323e-03
1.352826796530450220e-03
1.352937230733765881e-03
1.353055602510789017e-03
1.353026477241211405e-03
1.352890751145693861e-03
1.352820531317429310e-03
1.352716778897081282e-03
1.352566771092260497e-03
1.352438048496402718e-03
1.352418407129407857e-03
1.352432146157054108e-03
1.352466538411998664e-03
1.352432579912226079e-03
1.352464081296892015e-03
1.352428262783216548e-03
1.352453001676850921e-03
1.352367215657949984e-03
1.352268943590350823e-03
1.352283216151250024e-03
1.352453042318946296e-03
1.352708607728804338e-03
1.352834369359521942e-03
1.353052376067938713e-03
1.353223259250682306e-03
1.353336810096264064e-03
1.353390367825420618e-03
1.353484229649447096e-03
1.353621905373028882e-03
1.353746618053070167e-03
1.353939033168462085e-03
1.354066421836643214e-03
1.354134575505807399e-03
1.354079425012049212e-03
1.354031424571765663e-03
1.353892779726719158e-03
1.353775083627052969e-03
1.353674021243692158e-03
1.353578335926686454e-03
1.353356150220346799e-03
1.353188878108848182e-03
1.353056522886392872e-03
1.352896052227274071e-03
1.352714593815762924e-03
1.352519353618536089e-03
1.352329677454927647e-03
1.351949528069627815e-03
1.351690381340678012e-03
1.351562871950863888e-03
1.351341492597031135e-03
1.351253980497126809e-03
1.351132086430859329e-03
1.351092005898657782e-03
1.351075960561292592e-03
1.350986724740457952e-03
1.351000993375888045e-03
1.350977649419627833e-03
1.350867958626291582e-03
1.350843197654976596e-03
1.350804922464850753e-03
1.350776373665324740e-03
1.350891849992423999e-03
1.351006763906316757e-03
1.351089831420267898e-03
1.351328135845465250e-03
1.351284846163227065e-03
1.351423973017097917e-03
1.351421815023705428e-03
1.351506457142536430e-03
1.351569094419552202e-03
1.351595957191873646e-03
1.351713291760880909e-03
1.351765488169095857e-03
1.351687663886017412e-03
1.351575904268620312e-03
1.351563776021549824e-03
1.351483123979668223e-03
1.351419524245894279e-03
1.351417743713533405e-03
1.351419126551138463e-03
1.351441476134482853e-03
1.351487703763445698e-03
1.351426848200757867e-03
1.351331276813274229e-03
1.351245260462085327e-03
1.351270938942810557e-03
1.351351051643186023e-03
1.351467941610543519e-03
1.351547604330505378e-03
1.351856159386428339e-03
1.352184640753309550e-03
1.352539744167395065e-03
1.352967893707722035e-03
1.353271493494864839e-03
1.353658680090960966e-03
1.354114153214952456e-03
1.354514397053367854e-03
1.354826118476506330e-03
1.355136099617133176e-03
1.355249537634297752e-03
1.355438804280356766e-03
1.355648000295776737e-03
1.355787674473318133e-03
1.355836148214196145e-03
1.355830015061343374e-03
1.355820731136526307e-03
1.355693427362976216e-03
1.355436482546871178e-03
1.355147632638677244e-03
1.354826874934717939e-03
1.354545726790219772e-03
1.354398949314721597e-03
1.354406668015763638e-03
1.354211963884189174e-03
1.354030155806008710e-03
1.353844728573341946e-03
1.353737315931218292e-03
1.353502904813590722e-03
1.353367981816966555e-03
1.353238887138184191e-03
1.353255454321984587e-03
1.353347328089535761e-03
1.353391018029797719e-03
1.353544506571370282e-03
1.353726218800453858e-03
1.353892929269216467e-03
1.354098905092250256e-03
1.354225347387810275e-03
1.354278568230345798e-03
1.354234707927078020e-03
1.354237093729072352e-03
1.354104441371165816e-03
1.353986322594626958e-03
1.353940740995544312e-03
1.353886392057430900e-03
1.353853993443888265e-03
1.353766325728139727e-03
1.353823523074568777e-03
1.353833077984132422e-03
1.353867843037692090e-03
1.353879814679747598e-03
1.353945178964054358e-03
1.354002951009232285e-03
1.354092555556029014e-03
1.354016238655589852e-03
1.354102874285721334e-03
1.354065153310601410e-03
1.354120238405996006e-03
1.354274636382799251e-03
1.354415599976790995e-03
1.354577995814120871e-03
1.354666429329820640e-03
1.354864281326660863e-03
1.355059966975790493e-03
1.355333232178715288e-03
1.355474342830743136e-03
1.355744778416463538e-03
1.355916470827437780e-03
1.356137575779331863e-03
1.356412333588916889e-03
1.356784059525653272e-03
1.357115708908217169e-03
1.357380623574576351e-03
1.357764848598013276e-03
1.358004531599984197e-03
1.358224747276324260e-03
1.358370070453695849e-03
1.358541120433022281e-03
1.358669544076724495e-03
1.358793138536573339e-03
1.359056632074118719e-03
1.359240887221556914e-03
1.359382730197182792e-03
1.359480485896034496e-03
1.359518381855141789e-03
1.359711760791885863e-03
1.359837961524082818e-03
1.359934563736339220e-03
1.359975348442778783e-03
1.360062212799255420e-03
1.360259363186761862e-03
1.360485255749711592e-03
1.360582684854354154e-03
1.360759441062069476e-03
1.360953852243349275e-03
1.361168715290980149e-03
1.361405329942996312e-03
1.361706191742739595e-03
1.361996477791263885e-03
1.362288178763769756e-03
1.362440972564685823e-03
1.362647932297474281e-03
1.362777523078365690e-03
1.362978035757611865e-03
1.363006821649324039e-03
1.363162585032941373e-03
1.363222003598419827e-03
1.363305949864326502e-03
1.363476839949789811e-03
1.363497518144230185e-03
1.363518212070560743e-03
1.363562723941407493e-03
1.363448724517076285e-03
1.363334431017145703e-03
1.363148624848483292e-03
1.362960041994205071e-03
1.362906488991538767e-03
1.362802169193380424e-03
1.362740799773752955e-03
1.362684845772974300e-03
1.362607619603152910e-03
1.362548547413890794e-03
1.362389745907908881e-03
1.362302203524024804e-03
1.362311262006789692e-03
1.362321937328815147e-03
1.362371125356658455e-03
1.362297069816046985e-03
1.362277058125950296e-03
1.362159705181651510e-03
1.362020633962722190e-03
1.361884267320507148e-03
1.361830265291148279e-03
1.361653682834894526e-03
1.361540375945591340e-03
1.361539655089467416e-03
1.361579624949572258e-03
1.361557018945598998e-03
1.361586752449133733e-03
1.361667145027378994e-03
1.361678156546329566e-03
1.361716871325649664e-03
1.361565415303329831e-03
1.361545849420567333e-03
1.361430956324512264e-03
1.361443134191663582e-03
1.361409747886372030e-03
1.361248528125255566e-03
1.361033312571418826e-03
1.360970037295586516e-03
1.360724463896513222e-03
1.360553177466596996e-03
1.360430180249625485e-03
1.360421828437890232e-03
1.360362689471095610e-03
1.360362605921709668e-03
1.360390982728028244e-03
1.360366001926759756e-03
1.360382122018672117e-03
1.360323820254696284e-03
1.360331029363536339e-03
1.360357052134870395e-03
1.360439493933103582e-03
1.360395216872070353e-03
1.360333965214312150e-03
1.360347572396303347e-03
1.360190474309909327e-03
1.360078791392697710e-03
1.359954808810852735e-03
1.359880700518840795e-03
1.359895547178443251e-03
1.359875594557317198e-03
1.359822430979345641e-03
1.359851160794396272e-03
1.359980470350620647e-03
1.360067020798993347e-03
1.360122972053984681e-03
1.360140203175586081e-03
1.359985241736788543e-03
1.359935681023896397e-03
1.359964132341668621e-03
1.359960262427093412e-03
1.360026443382405300e-03
1.360066604881055236e-03
1.360310874656780371e-03
1.360439804464249735e-03
1.360508555159308354e-03
1.360581011574629956e-03
1.360751717610734612e-03
1.360758935012522592e-03
1.360943931049025729e-03
1.361003915134094107e-03
1.361193468051419796e-03
1.361196513404361406e-03
1.361175854296177044e-03
1.361108090310146060e-03
1.361035886566999090e-03
1.360897859986686049e-03
1.360683665794312379e-03
1.360468949678184493e-03
1.360349381627810363e-03
1.360174204657565002e-03
1.360138868375368026e-03
1.360224223479880590e-03
1.360185311095669274e-03
1.360241906095483681e-03
1.360337840493679087e-03
1.360321944055513290e-03
1.360520693063836618e-03
1.360590342012379418e-03
1.360725029813675312e-03
1.360794338107090091e-03
1.360866464973214084e-03
1.360928711625908989e-03
1.361053018301770995e-03
1.361150058774236336e-03
1.361231147300510187e-03
1.361335454212812303e-03
1.361349171832381202e-03
1.361332787044734326e-03
1.361163206052537098e-03
1.361124940966004998e-03
1.360872720614057091e-03
1.360702100668417921e-03
1.360531437417458484e-03
1.360396429957920657e-03
1.360169038882482785e-03
1.360028075230441339e-03
1.359866870317401420e-03
1.359743622620329705e-03
1.359548949571489501e-03
1.359382223525160312e-03
1.359304673206215798e-03
1.359166700410899395e-03
1.359097447869602165e-03
1.359115661838489544e-03
1.359138092151625709e-03
1.359255426266509038e-03
1.359368240823997801e-03
1.359428348433722178e-03
1.359525766634701567e-03
1.359628783280196441e-03
1.359818149099373307e-03
1.359818615763414050e-03
1.359869593240741348e-03
1.359665837987420692e-03
1.359476230687651794e-03
1.359293311319236365e-03
1.359080044741049547e-03
1.358872865948598102e-03
1.358735724921625136e-03
1.358580299241875494e-03
1.358343855270126993e-03
1.358245756201752153e-03
1.357961485183613315e-03
1.357824594411865095e-03
1.357667885736587926e-03
1.357483946996133027e-03
1.357226442738185745e-03
1.357057471241913168e-03
1.356951117167748281e-03
1.356882876602404173e-03
1.356888419354320471e-03
1.356970415897807607e-03
1.357113904583127006e-03
1.357159802725223675e-03
1.357089609096442896e-03
1.357046955292681972e-03
1.356990738228625992e-03
1.356878602686233115e-03
1.356952154174497415e-03
1.357020522346328965e-03
1.357171358201720354e-03
1.357359032408862309e-03
1.357468230824186500e-03
1.357583928995040280e-03
1.357655041795514245e-03
1.357683334582466270e-03
1.357641192733800416e-03
1.357685237659391701e-03
1.357700771781636308e-03
1.357717703203962763e-03
1.357719388000749004e-03
1.357597133285565194e-03
1.357429036920671005e-03
1.357323822473836990e-03
1.357150969454772645e-03
1.357026760219445013e-03
1.356936104441024832e-03
1.356754985268958597e-03
1.356621905119930957e-03
1.356483451652598909e-03
1.356315010006872799e-03
1.356192351013988263e-03
1.355988716397377213e-03
1.355919847106178307e-03
1.355813276901006014e-03
1.355583146866075556e-03
1.355393865143121731e-03
1.355333241125687141e-03
1.355162300890253501e-03
1.355033065333770357e-03
1.354912068113237490e-03
1.354733604253425617e-03
1.354706589418121091e-03
1.354754909413158825e-03
1.354802354753573308e-03
1.354763374111218064e-03
1.354835405989619507e-03
1.354735217819888135e-03
1.354660798444777894e-03
1.354590611403938246e-03
1.354380505874380010e-03
1.354235524019918244e-03
1.354048642184753348e-03
1.353817055607638934e-03
1.353622797142844860e-03
1.353370511884093496e-03
1.353119583858434106e-03
1.352939055887395457e-03
1.352623569567133971e-03
1.352328386702674953e-03
1.351898452215820595e-03
1.351377502917036101e-03
1.350911456360151921e-03
1.350343777421660844e-03
1.349872309489598887e-03
1.349538420536343548e-03
1.349126851508473729e-03
1.348840342677159023e-03
1.348542819138066288e-03
1.348228727672193912e-03
1.347911411237219222e-03
1.347659006633071229e-03
1.347487823140822291e-03
1.347268213474575680e-03
1.347194184772804388e-03
1.347191884801602615e-03
1.347168894538895148e-03
1.347246662005973988e-03
1.347316121249597263e-03
1.347463529268723165e-03
1.347609175935372220e-03
1.347731046958802097e-03
1.347829677142606784e-03
1.347910745244327311e-03
1.348027690287675884e-03
1.348031169571048578e-03
1.348022517518531870e-03
1.348096582970434529e-03
1.348113084754246549e-03
1.348012666446467235e-03
1.347824934306922264e-03
1.347689687286969746e-03
1.347589040658466342e-03
1.347528636555909726e-03
1.347471437636779505e-03
1.347485015301831462e-03
1.347380692254042302e-03
1.347351704841583207e-03
1.347243617070590510e-03
1.347205571162328128e-03
1.347274775352468295e-03
1.347417109786423501e-03
1.347489366426506434e-03
1.347576359740057040e-03
1.347639237323450690e-03
1.347840813878404447e-03
1.347914706961720905e-03
1.348132258445490202e-03
1.348287781820429240e-03
1.348498564811272246e-03
1.348764041229627260e-03
1.348990824286323007e-03
1.349174035129095455e-03
1.349240659885967732e-03
1.349266887170410059e-03
1.349337173072834642e-03
1.349357130308821923e-03
1.349404189852586354e-03
1.349394939148265086e-03
1.349304869059901688e-03
1.349279315822132222e-03
1.349212375915639353e-03
1.349151128938871989e-03
1.349015028601208274e-03
1.348831380034217408e-03
1.348800117331574403e-03
1.348697181506562431e-03
1.348578212321923948e-03
1.348479432527566364e-03
1.348332178538865379e-03
1.348254799974580838e-03
1.348238273193915924e-03
1.348269242606900961e-03
1.348354410722678266e-03
1.348284187892903434e-03
1.348237556456331710e-03
1.348103962122492372e-03
1.348000240375621123e-03
1.347782844617441585e-03
1.347601074226820791e-03
1.347415344477469797e-03
1.347313515081016407e-03
1.347204986932643532e-03
1.347292893062469830e-03
1.347339641270299797e-03
1.347455780774356633e-03
1.347524079321372288e-03
1.347626649654160968e-03
1.347786558509862613e-03
1.347751002278520368e-03
1.347754830109630609e-03
1.347708664645859379e-03
1.347658793857538142e-03
1.347589795264585470e-03
1.347518251432550367e-03
1.347444464464169107e-03
1.347413188497651295e-03
1.347393789329861570e-03
1.347388707588806052e-03
1.347381641462276018e-03
1.347516304263774974e-03
1.347526253959357165e-03
1.347519819975861880e-03
1.347500287779463193e-03
1.347464983322958472e-03
1.347618914801461875e-03
1.347735611153075058e-03
1.347953046713474060e-03
1.348313775320002933e-03
1.348575351751935382e-03
1.348716691501759737e-03
1.348947104967093257e-03
1.349067723991984004e-03
1.349144846939162503e-03
1.349204638698809884e-03
1.349327477307469148e-03
1.349429806747661593e-03
1.349563505705896017e-03
1.349728595986867188e-03
1.349936576021924968e-03
1.349993441618813203e-03
1.349982998627170545e-03
1.349937502476865944e-03
1.349875502058110960e-03
1.349826002283540695e-03
1.349739583515185363e-03
1.349556291720011014e-03
1.349449189352904845e-03
1.349318968956472091e-03
1.349349071004872242e-03
1.349386614678283044e-03
1.349504323455461485e-03
1.349557577572115712e-03
1.349600932869820082e-03
1.349670134484048543e-03
1.349650457279850252e-03
1.349588886513181530e-03
1.349447770823493289e-03
1.349400498324701547e-03
1.349316880777209991e-03
1.349268363994200054e-03
1.349286559464523425e-03
1.349247981741019675e-03
1.349302714027920264e-03
1.349368942208434849e-03
1.349385651059918905e-03
1.349289723849592289e-03
1.349321209627750819e-03
1.349270069226856956e-03
1.349370432056683743e-03
1.349572571374658796e-03
1.349851554114454193e-03
1.350121746672452083e-03
1.350367563098941060e-03
1.350520880452549862e-03
1.350703129364293773e-03
1.350844895561428534e-03
1.350873510584759849e-03
1.351126511280995209e-03
1.351387121993965395e-03
1.351703849212988230e-03
1.351944121137568398e-03
1.352181333026100879e-03
1.352373780498615421e-03
1.352467211235450781e-03
1.352458309246367188e-03
1.352242215316691587e-03
1.352053069424686465e-03
1.351781547642818930e-03
1.351584095359418571e-03
1.351633697744376904e-03
1.351584956390386233e-03
1.351578282171635647e-03
1.351650241681689882e-03
1.351681167711835064e-03
1.351667106085358136e-03
1.351642005104821418e-03
1.351818862812079669e-03
1.351933439545196505e-03
1.352151035238507212e-03
1.352438456096222283e-03
1.352761169905314712e-03
1.352978756216186799e-03
1.353074050027581587e-03
1.353153901384087114e-03
1.353392435109741125e-03
1.353590812614245860e-03
1.353890204468043579e-03
1.354245463878082012e-03
1.354538518369478818e-03
1.354881150136448466e-03
1.355238263287724884e-03
1.355642673903241589e-03
1.355990883009720090e-03
1.356353529183684748e-03
1.356689306738362690e-03
1.357136118734718344e-03
1.357570213099445209e-03
1.357894264823949777e-03
1.358324500329877085e-03
1.358605681916315658e-03
1.358872006048784638e-03
1.359140646391060253e-03
1.359245174875238667e-03
1.359336369406147866e-03
1.359406770118713227e-03
1.359561279027388233e-03
1.359617097837016947e-03
1.359687607817205469e-03
1.359722935480805941e-03
1.359740044062244645e-03
1.359810709486618469e-03
1.359863416437722414e-03
1.359925480482489409e-03
1.359995630214331369e-03
1.360231919489371302e-03
1.360335313673382250e-03
1.360399851053421729e-03
1.360374223258339465e-03
1.360509059518455249e-03
1.360644537289048802e-03
1.360573988791056533e-03
1.360599820079198006e-03
1.360534259545956174e-03
1.360493446111310598e-03
1.360559661669973920e-03
1.360571985158387032e-03
1.360466287047435580e-03
1.360524181254358202e-03
1.360467496179970561e-03
1.360480056314155878e-03
1.360513019612935234e-03
1.360624782859130985e-03
1.360812992854687660e-03
1.361060460349551972e-03
1.361319089352232585e-03
1.361560975945159914e-03
1.361899784706541681e-03
1.362059699207337745e-03
1.362411478326520323e-03
1.362733069218424482e-03
1.362947760844775841e-03
1.363138291695591142e-03
1.363274273600709185e-03
1.363479597361941503e-03
1.363599211129263222e-03
1.363702178193136518e-03
1.363779436011083651e-03
1.363795361129440916e-03
1.363694820040296449e-03
1.363571087659451583e-03
1.363399628470799438e-03
1.363091253702549722e-03
1.362715569496071198e-03
1.362432281113350489e-03
1.362117850214618472e-03
1.361901623477147294e-03
1.361667749984790633e-03
1.361484886259208861e-03
1.361410417566160649e-03
1.361248065258795345e-03
1.361183001077021686e-03
1.361048085937698699e-03
1.360968864888847983e-03
1.361005579199707927e-03
1.361036230883968124e-03
1.361058148389519482e-03
1.360965091932109716e-03
1.360901550778542213e-03
1.360763003600369645e-03
1.360721157317052029e-03
1.360625059971753764e-03
1.360512819516530945e-03
1.360383396585310980e-03
1.360365413981678030e-03
1.360257526754955542e-03
1.360239601071031122e-03
1.360195207098330696e-03
1.360123851350797126e-03
1.360137372376576817e-03
1.360107498369957438e-03
1.360082686600909896e-03
1.360142153323255516e-03
1.360119979815726512e-03
1.359999248485793113e-03
1.359885909653588479e-03
1.359718138160379616e-03
1.359516324215267113e-03
1.359251221473048573e-03
1.359037343342395969e-03
1.358743166197921024e-03
1.358488805878344018e-03
1.358308577642086852e-03
1.358108546177707243e-03
1.357884132283170920e-03
1.357884208522249989e-03
1.357796298679730777e-03
1.357864981246236684e-03
1.357815926932473983e-03
1.357947825849920107e-03
1.358039119693640970e-03
1.358075562091638679e-03
1.358037409515188559e-03
1.357995604579131195e-03
1.357932140645724730e-03
1.357920958403906675e-03
1.357865366866641433e-03
1.357764160039992346e-03
1.357729177749953005e-03
1.357691751149432864e-03
1.357594264167631725e-03
1.357517798888983971e-03
1.357505993336146147e-03
1.357494206757231883e-03
1.357411015836454751e-03
1.357243322732840183e-03
1.356987587658437574e-03
1.356626284742580091e-03
1.356452021088244610e-03
1.356266953206403851e-03
1.356220803372799270e-03
1.356098191594388384e-03
1.355946766721006147e-03
1.355871800511078244e-03
1.355749650667996973e-03
1.355438967978922103e-03
1.355209644790549960e-03
1.354944087747198900e-03
1.354906015208571938e-03
1.354825588141525972e-03
1.354762124483461106e-03
1.354759155570770760e-03
1.354858887347716589e-03
1.354961986763745163e-03
1.355186446396304881e-03
1.355382072811477361e-03
1.355615689447568816e-03
1.355936643029219792e-03
1.356196375352011242e-03
1.356433799224688371e-03
1.356602546943726359e-03
1.356772628015321834e-03
1.357082670391043583e-03
1.357334572103751280e-03
1.357576540534492044e-03
1.357824553725188628e-03
1.358000453930419777e-03
1.358091076343936237e-03
1.358113514575599347e-03
1.357996132946787463e-03
1.357957002408037442e-03
1.357902163163786759e-03
1.357707919141383978e-03
1.357522432242956384e-03
1.357379556683626634e-03
1.357107016009155998e-03
1.356819189864766264e-03
1.356626022588178822e-03
1.356382218192839174e-03
1.356144318722175271e-03
1.356053297488649242e-03
1.356052759999487340e-03
1.356062038009922793e-03
1.356238920290233187e-03
1.356399860489006107e-03
1.356601647822889114e-03
1.356762982437963085e-03
1.356913844194858939e-03
1.357049186696310901e-03
1.357176134153596087e-03
1.357122049781247803e-03
1.357303780339719733e-03
1.357330571652202696e-03
1.357393185383166858e-03
1.357503878696263893e-03
1.357614989082722452e-03
1.357722133296438132e-03
1.357852961716408220e-03
1.357911417278654395e-03
1.357937125105684092e-03
1.358041226291425855e-03
1.358093487693420908e-03
1.358197096914129072e-03
1.358287786146208367e-03
1.358465137061356512e-03
1.358675353979905010e-03
1.358889140304536496e-03
1.359029684192231829e-03
1.359192211778218178e-03
1.359185511275043303e-03
1.359224262589569035e-03
1.359129655766853732e-03
1.358981964305202954e-03
1.358751545959289335e-03
1.358611950411520121e-03
1.358463169084914114e-03
1.358183008730074826e-03
1.357990927586179416e-03
1.357719832962616486e-03
1.357490287252940877e-03
1.357234694384371965e-03
1.357028173070478011e-03
1.356766493936747541e-03
1.356676864860342866e-03
1.356566936005624158e-03
1.356359868808223405e-03
1.356068734545626568e-03
1.355922436832732603e-03
1.355776912068759003e-03
1.355710518986414596e-03
1.355707592883211108e-03
1.355619276711788864e-03
1.355597168165238947e-03
1.355623471796789164e-03
1.355603240462861792e-03
1.355503998706125268e-03
1.355561604356181121e-03
1.355514114305315801e-03
1.355449079949575713e-03
1.355355097574530848e-03
1.355208453087757958e-03
1.355069899804848882e-03
1.354997984065291856e-03
1.354782462827002106e-03
1.354644430107565566e-03
1.354426835612476286e-03
1.354203043273123587e-03
1.353793392364842276e-03
1.353347863202187000e-03
1.352969190924521725e-03
1.352663196395897417e-03
1.352270650276793168e-03
1.352139733931839597e-03
1.351959450006827608e-03
1.351758451415939347e-03
1.351538144532482989e-03
1.351328904525832871e-03
1.351159666286835164e-03
1.351003370318171670e-03
1.350789947469108838e-03
1.350870623887344673e-03
1.350730760399410828e-03
1.350681912466063922e-03
1.350594401846313486e-03
1.350451617941510153e-03
1.350340889086185537e-03
1.350049061472627853e-03
1.349761552648496730e-03
1.349426689724824270e-03
1.349060037167435595e-03
1.348723666609937411e-03
1.348326666770285854e-03
1.348052263300641030e-03
1.347840613737473926e-03
1.347557425810012562e-03
1.347252622593793749e-03
1.347019950933148929e-03
1.346677606069436942e-03
1.346359301169173248e-03
1.346200842646522091e-03
1.346031905111920229e-03
1.345918265838856988e-03
1.345947294309853296e-03
1.346027876478300168e-03
1.346052369184618782e-03
1.346172471429535897e-03
1.346233398087348741e-03
1.346311239097005858e-03
1.346426873172219601e-03
1.346472030797166717e-03
1.346447148904086292e-03
1.346468755350025987e-03
1.346454206184720306e-03
1.346501930507295079e-03
1.346444272988224500e-03
1.346484855462369568e-03
1.346577877778328599e-03
1.346637611920805180e-03
1.346535646149053800e-03
1.346542910134601633e-03
1.346451792427788997e-03
1.346314546200258564e-03
1.346333756876532490e-03
1.346254783919607250e-03
1.346255422020791338e-03
1.346288234051539173e-03
1.346183043729626402e-03
1.346039900342386846e-03
1.346010337857903244e-03
1.345986944324101525e-03
1.346000923588466748e-03
1.346098925652441632e-03
1.346216467127791649e-03
1.346273509418245695e-03
1.346276873950166125e-03
1.346288613775186013e-03
1.346410932378702165e-03
1.346573974030265512e-03
1.346642762677884714e-03
1.346766814405382000e-03
1.346925096694027903e-03
1.346973515338419514e-03
1.347094628242641572e-03
1.347240814183525270e-03
1.347326376634093307e-03
1.347458467299866283e-03
1.347596809108180145e-03
1.347564906010267991e-03
1.347589271823483592e-03
1.347443712864541737e-03
1.347319339046558007e-03
1.347143559659457531e-03
1.347039691170700713e-03
1.346869193941371314e-03
1.346848698681255962e-03
1.346758312278126084e-03
1.346595666383022458e-03
1.346421733373023540e-03
1.346175652754536640e-03
1.345977674394664833e-03
1.345845804009311412e-03
1.345774894287734896e-03
1.345712696653100652e-03
1.345757778970421096e-03
1.345821921679417115e-03
1.345922966700596572e-03
1.346003029646095604e-03
1.346110385384993854e-03
1.346267316375758223e-03
1.346400512726897815e-03
1.346501505464132954e-03
1.346579071900807882e-03
1.346708108414150333e-03
1.346806269597168246e-03
1.346898267978018700e-03
1.347001835422610662e-03
1.347095024546628812e-03
1.347165524151395241e-03
1.347078667935275699e-03
1.347053882575938080e-03
1.346871166060744935e-03
1.346749561503388657e-03
1.346606311517855757e-03
1.346553833519633639e-03
1.346469674762147293e-03
1.346412060780178156e-03
1.346246776662980617e-03
1.346040665150491063e-03
1.345902581639697943e-03
1.345801134249253192e-03
1.345719351716806716e-03
1.345722521766074074e-03
1.345773460315108925e-03
1.345781247265306858e-03
1.345671889158333440e-03
1.345591152682242648e-03
1.345437842395459270e-03
1.345284554524879550e-03
1.345211450229985475e-03
1.345138351206880481e-03
1.345048089464356876e-03
1.345028473507745015e-03
1.344950714799044529e-03
1.345020141265800212e-03
1.344954559622658745e-03
1.344884314042096331e-03
1.344738276284081170e-03
1.344688096445115482e-03
1.344653514843749354e-03
1.344613221459983309e-03
1.344837610767548285e-03
1.344816469591408057e-03
1.344875378947998999e-03
1.344825158928421869e-03
1.344900295746869487e-03
1.344893778874902074e-03
1.344941925683678253e-03
1.345078650291876106e-03
1.345292953822667219e-03
1.345448459662617604e-03
1.345673325613237683e-03
1.345760911125243493e-03
1.345751620911820939e-03
1.345761547318866233e-03
1.345675647455908935e-03
1.345548502439530532e-03
1.345627778255237229e-03
1.345638759758334283e-03
1.345684129010748251e-03
1.345653793828312369e-03
1.345575917511467089e-03
1.345440113529368896e-03
1.345232541675915302e-03
1.345062257870946118e-03
1.345016150150065001e-03
1.345040929508730656e-03
1.345147894099841569e-03
1.345217920549594132e-03
1.345303634027728490e-03
1.345492725951090473e-03
1.345664499053899872e-03
1.345863914464768543e-03
1.346011117155008823e-03
1.346172655764754427e-03
1.346297808119283285e-03
1.346459756407240383e-03
1.346610014057063711e-03
1.346720271226863486e-03
1.346979210786455015e-03
1.347105583972695855e-03
1.347288548035716939e-03
1.347280721283075546e-03
1.347393843402607200e-03
1.347443048064613522e-03
1.347342414864134003e-03
1.347406728016283103e-03
1.347310490975026261e-03
1.347293717938826720e-03
1.347394498191039876e-03
1.347380733191470012e-03
1.347545044349232959e-03
1.347668532964470083e-03
1.347814649789175504e-03
1.347799672409319416e-03
1.347956376288805217e-03
1.348009663696066911e-03
1.348181788024399152e-03
1.348447928137211198e-03
1.348731065597296623e-03
1.348986940514054810e-03
1.349301974688387742e-03
1.349533343408499536e-03
1.349617110439576542e-03
1.349726620462212735e-03
1.349704358352776671e-03
1.349692465635261244e-03
1.349686163989985335e-03
1.349590491441264323e-03
1.349510472417960816e-03
1.349427410720820250e-03
1.349294386032702129e-03
1.349139069725430141e-03
1.349015532020381592e-03
1.348819819276929300e-03
1.348691092848687241e-03
1.348633378399134849e-03
1.348594167435997844e-03
1.348513623082976025e-03
1.348405535843276003e-03
1.348309085506165959e-03
1.348297179921444967e-03
1.348330532045567557e-03
1.348505723727401419e-03
1.348712882877947140e-03
1.348881956453148144e-03
1.349092319572196483e-03
1.349151912083986285e-03
1.349269955442369048e-03
1.349318868346177473e-03
1.349323199921854391e-03
1.349504014184858651e-03
1.349627922654850903e-03
1.349677416840063850e-03
1.349835907785855785e-03
1.349906665771104372e-03
1.349885938494384523e-03
1.349725707849283715e-03
1.349853579886964869e-03
1.349826814478411298e-03
1.349821297443753619e-03
1.349907552119674215e-03
1.350045515162627639e-03
1.350347130492263919e-03
1.350549157876794904e-03
1.350803221158854714e-03
1.350903027206480644e-03
1.351037698849665231e-03
1.351163214428577168e-03
1.351259749743075620e-03
1.351182783309258419e-03
1.351198589996256130e-03
1.351230880518315735e-03
1.351289718546344479e-03
1.351378812769273843e-03
1.351598840760948354e-03
1.351760895396969921e-03
1.351838279000240183e-03
1.351860696336665496e-03
1.351787763919106268e-03
1.351561468312929056e-03
1.351397138469954962e-03
1.351156618115587418e-03
1.350929417620936159e-03
1.350795705513894822e-03
1.350454630856689217e-03
1.350191219468532041e-03
1.349901022990627770e-03
1.349579501427400526e-03
1.349250323575702879e-03
1.348790808882511637e-03
1.348274041451436684e-03
1.347843550437249427e-03
1.347433618326374137e-03
1.347142750864744687e-03
1.346712288450765786e-03
1.346432632529126136e-03
1.346092043982202984e-03
1.345752764856371136e-03
1.345453571604276642e-03
1.345024630629208144e-03
1.344738462303804449e-03
1.344485137560099460e-03
1.344351692298170319e-03
1.344205972593484491e-03
1.344124342051374564e-03
1.344181844262538200e-03
1.344070798192342027e-03
1.344031933952612601e-03
1.344003479030150263e-03
1.343960694345335515e-03
1.344015574090807064e-03
1.344010585204386769e-03
1.344155437840307069e-03
1.344159340662749898e-03
1.344162263760583344e-03
1.344180212675086033e-03
1.344025297551674700e-03
1.343758914659662698e-03
1.343542974415171251e-03
1.343399110532324508e-03
1.343293676211397385e-03
1.343219197113978882e-03
1.343064420663484882e-03
1.343017994885821898e-03
1.342850021440865176e-03
1.342698614909355881e-03
1.342495385248408234e-03
1.342247670068601921e-03
1.342012836593557950e-03
1.341977857652859379e-03
1.341838308926794447e-03
1.341731080473638257e-03
1.341784117901512067e-03
1.341809086127573186e-03
1.341907603988093303e-03
1.341970860126595654e-03
1.342111527290060138e-03
1.342324615063098317e-03
1.342365572503232849e-03
1.342414819859173497e-03
1.342528583420330227e-03
1.342562227478238989e-03
1.342696843964943931e-03
1.342923202129026180e-03
1.343200160962908056e-03
1.343400680909030568e-03
1.343646988655785484e-03
1.343948517428356863e-03
1.344165613351758952e-03
1.344483928286571359e-03
1.344855694873713960e-03
1.345072739771235046e-03
1.345275254220638841e-03
1.345434300318875190e-03
1.345487132740274747e-03
1.345531786650532328e-03
1.345684090541675055e-03
1.345712513191783767e-03
1.345772461979831414e-03
1.345826992949366013e-03
1.345871982089979655e-03
1.345758319906571569e-03
1.345774683957522231e-03
1.345765262144644168e-03
1.345810760125487745e-03
1.345739775355071256e-03
1.345724273387386696e-03
1.345541366559066532e-03
1.345388550534801437e-03
1.345389845249503639e-03
1.345263755952873621e-03
1.345213948992501603e-03
1.345045559245347522e-03
1.344939847867714046e-03
1.344799800716584221e-03
1.344649912611190238e-03
1.344532067885268649e-03
1.344443875748884071e-03
1.344471226191604803e-03
1.344385965064443965e-03
1.344188215773719488e-03
1.344003088836227518e-03
1.343880276920380494e-03
1.343690019171329053e-03
1.343541666415545757e-03
1.343510386618109939e-03
1.343348073063414328e-03
1.343259516861049696e-03
1.343221796379865177e-03
1.343113477208899079e-03
1.343060191907399781e-03
1.342934048188067740e-03
1.342928162626495130e-03
1.342894362620148177e-03
1.342771182362244428e-03
1.342672751007629398e-03
1.342604224895172426e-03
1.342492044724389157e-03
1.342391245482922688e-03
1.342268830209794985e-03
1.342062678562594771e-03
1.341936826800942985e-03
1.341809799354808054e-03
1.341718009349770514e-03
1.341663407804578618e-03
1.341527607157245398e-03
1.341525044272387068e-03
1.341427451417533199e-03
1.341316192694501580e-03
1.341307377418830479e-03
1.341169794549513768e-03
1.341099836802070238e-03
1.341080574209401518e-03
1.341088072665341671e-03
1.341100541100736501e-03
1.341044703290020625e-03
1.341102002554339818e-03
1.341088579019759485e-03
1.341025237092375059e-03
1.341051805769138700e-03
1.341030134247661598e-03
1.340888087807317122e-03
1.340728455429196974e-03
1.340618501056249677e-03
1.340433733333978210e-03
1.340249582995740830e-03
1.340020084692178761e-03
1.339806727921240238e-03
1.339575338478407162e-03
1.339294778283899338e-03
1.338968993428429639e-03
1.338722974543654414e-03
1.338356511402941660e-03
1.338096973108470747e-03
1.337939368394009320e-03
1.337861208202121861e-03
1.337848719770233204e-03
1.337697097028257929e-03
1.337740204078549221e-03
1.337691390845132961e-03
1.337821844350097975e-03
1.337968004211292266e-03
1.338156211980118856e-03
1.338471288900362332e-03
1.338707050441348976e-03
1.338882173931487275e-03
1.339125273760718125e-03
1.339307410303180838e-03
1.339506034683685251e-03
1.339594458619218931e-03
1.339789492935377063e-03
1.339918450838460803e-03
1.340051991881558964e-03
1.340277098099222500e-03
1.340377903713162481e-03
1.340476061309234116e-03
1.340390312490890266e-03
1.340415987376442509e-03
1.340439985542475230e-03
1.340425829646998794e-03
1.340442140620851617e-03
1.340543024521674217e-03
1.340509984228339599e-03
1.340532255499775165e-03
1.340655569359276798e-03
1.340691414160782684e-03
1.340686310633521514e-03
1.340861454323421381e-03
1.341021041585228066e-03
1.341158542669057324e-03
1.341334823567435618e-03
1.341419265059894334e-03
1.341577541428072779e-03
1.341546096068213382e-03
1.341602517696997149e-03
1.341591595336494563e-03
1.341372097774959317e-03
1.341176683183422074e-03
1.340980689820203426e-03
1.340756825738998901e-03
1.340522783761561752e-03
1.340381794473912086e-03
1.340153517774320124e-03
1.340014472818463467e-03
1.339812218276535639e-03
1.339712972128195064e-03
1.339518188534106558e-03
1.339413475477793007e-03
1.339368919504332770e-03
1.339376975125003292e-03
1.339414559435822896e-03
1.339560115401340666e-03
1.339719102292093265e-03
1.339815057586961951e-03
1.339945407827943663e-03
1.340056704030235862e-03
1.340206890907080133e-03
1.340292220375382311e-03
1.340189264984457430e-03
1.340084141686693694e-03
1.340085518183993518e-03
1.340041364080340244e-03
1.340019948153184457e-03
1.340019420244686508e-03
1.339970447831522740e-03
1.339934055494369607e-03
1.339844609602886373e-03
1.339696054357114975e-03
1.339529992093333594e-03
1.339515142027725841e-03
1.339416051686082238e-03
1.339367509103059784e-03
1.339331350669704240e-03
1.339342474988107099e-03
1.339334606786978053e-03
1.339368489106533121e-03
1.339539301430996750e-03
1.339621584971311232e-03
1.339569536613413516e-03
1.339626474049072577e-03
1.339664122780944875e-03
1.339610226123505096e-03
1.339572055054157442e-03
1.339489754360708145e-03
1.339423495548720290e-03
1.339421077478620886e-03
1.339420489631787826e-03
1.339400025479650863e-03
1.339365642204139823e-03
1.339322438590509609e-03
1.339148669340835219e-03
1.339109580291451178e-03
1.338823755112006179e-03
1.338765257078378557e-03
1.338725562758871215e-03
1.338702830011576821e-03
1.338833043782018803e-03
1.338834152618758027e-03
1.339005060843906835e-03
1.339097099315170484e-03
1.339150249012396312e-03
1.339188188789751030e-03
1.339349029976958077e-03
1.339429999829776750e-03
1.339675858124772002e-03
1.339938329903351969e-03
1.340093027987905279e-03
1.340310360699404962e-03
1.340363910972498839e-03
1.340573666906164692e-03
1.340690048900766967e-03
1.340802694073703121e-03
1.340978850545549621e-03
1.341191648780706933e-03
1.341362625526935177e-03
1.341527534641989662e-03
1.341783588902981540e-03
1.341881847445808686e-03
1.341993482649912100e-03
1.342105867870324555e-03
1.342159044465568267e-03
1.342324436390324041e-03
1.342374852338130541e-03
1.342519788025270822e-03
1.342635294935006114e-03
1.342710487859508214e-03
1.342814341554552553e-03
1.342941238578744491e-03
1.343104358803511120e-03
1.343273552606074912e-03
1.343433365707139265e-03
1.343664743965440308e-03
1.343614543223529880e-03
1.343653007789127841e-03
1.343664067034642433e-03
1.343809391428299775e-03
1.343928932066995726e-03
1.344077567414505301e-03
1.344274137704054659e-03
1.344398193599929611e-03
1.344576297955190573e-03
1.344566595800521496e-03
1.344686821916666122e-03
1.344818469970341084e-03
1.344992585338207524e-03
1.345139829420855101e-03
1.345329429750709337e-03
1.345485559608316497e-03
1.345683363336319226e-03
1.345819178831691911e-03
1.346004627420462193e-03
1.346235194724412906e-03
1.346441814113474638e-03
1.346625170530970370e-03
1.346884437138395592e-03
1.347011110900890422e-03
1.347216563977093147e-03
1.347485960341737602e-03
1.347662753466235489e-03
1.347781096823665340e-03
1.347927047394662913e-03
1.347997060558446579e-03
1.348118128826483048e-03
1.348268031498551069e-03
1.348440575004635281e-03
1.348593706034652328e-03
1.348817174119446927e-03
1.348976478593460430e-03
1.349192010273889087e-03
1.349389424082468028e-03
1.349527347449955414e-03
1.349757494528458371e-03
1.349978486293459869e-03
1.350300112432746514e-03
1.350485559294495493e-03
1.350839512335568881e-03
1.351128215926993784e-03
1.351382478771708190e-03
1.351568968891896007e-03
1.351730818511420306e-03
1.351848865338979404e-03
