3.952215232752796445e-03
3.952215232752796445e-03
3.909675811796353706e-03
3.883294785057597731e-03
3.848055480528305046e-03
3.817864829329325072e-03
3.791349131487053298e-03
3.765623395561881054e-03
3.741701527773450865e-03
3.716218712474377104e-03
3.692740046107433321e-03
3.670211152177338919e-03
3.643330699464354672e-03
3.618243976661885634e-03
3.597735244133744813e-03
3.575407198128765195e-03
3.553252315570636262e-03
3.534104137638071665e-03
3.515606712090922799e-03
3.496550029698989540e-03
3.478435444608743259e-03
3.460186026007879521e-03
3.442643557031480409e-03
3.426305092466337254e-03
3.409536274780517254e-03
3.391644712864217391e-03
3.374667710269775751e-03
3.359007829977062130e-03
3.342986486620068941e-03
3.327086288009267843e-03
3.311358860381540242e-03
3.296808129583263421e-03
3.282051423887056771e-03
3.266445782076624147e-03
3.250167240080454635e-03
3.233941945510028938e-03
3.218340299503297253e-03
3.202997956524076487e-03
3.187781890551694228e-03
3.172890893158245105e-03
3.159144460853726289e-03
3.146074139469924331e-03
3.134373201974904877e-03
3.122941770222804978e-03
3.110588634083167551e-03
3.096884156647924501e-03
3.083530802508570139e-03
3.070878972196080994e-03
3.058892151238631115e-03
3.046599911596789469e-03
3.033566745246605006e-03
3.021101551864925280e-03
3.010001479656856330e-03
2.998711273970119853e-03
2.985622585131980471e-03
2.972239246250858464e-03
2.959857705834873388e-03
2.947568040889997354e-03
2.935101720955085418e-03
2.922222952500376243e-03
2.910009808820993547e-03
2.898213081055485418e-03
2.886196304455998334e-03
2.874002159520120704e-03
2.861902717652221439e-03
2.851234943313098874e-03
2.839585159157644034e-03
2.827333474716479250e-03
2.815522052405184782e-03
2.805427714525864785e-03
2.795186959818831904e-03
2.784777064706994969e-03
2.773703095450514005e-03
2.762366149581386380e-03
2.750864425500529776e-03
2.739326747847041499e-03
2.728126086127069441e-03
2.717028146174699753e-03
2.706023173704519193e-03
2.695099527191824329e-03
2.684428245166643918e-03
2.673176404959981111e-03
2.661760561325801806e-03
2.650607223211434715e-03
2.639368386802464200e-03
2.628476313364686012e-03
2.617832663059027013e-03
2.607361453247411271e-03
2.596319908748693627e-03
2.586278783163225691e-03
2.577435425283013549e-03
2.568340758072279548e-03
2.558661271731840856e-03
2.548752218414785439e-03
2.539026869049706113e-03
2.529205312122426944e-03
2.519287560449805317e-03
2.510238854877864818e-03
2.501523988232962764e-03
2.493036198333316040e-03
2.484484581930202721e-03
2.474854296113286091e-03
2.465130760434874196e-03
2.456064281867877553e-03
2.447536038884631782e-03
2.438888738525992698e-03
2.430471004905046008e-03
2.422401873619937484e-03
2.414901937707382776e-03
2.407311667772430754e-03
2.399222921012957206e-03
2.391309260816249557e-03
2.382915434385968374e-03
2.374388464100984919e-03
2.365996379908640989e-03
2.357966474334553374e-03
2.349871419529863444e-03
2.341848904983288068e-03
2.334173898604712492e-03
2.327341810493628073e-03
2.321346961520397330e-03
2.315541107354098221e-03
2.309991346622765167e-03
2.303515023255335060e-03
2.296180977516296302e-03
2.288680546817834904e-03
2.281776458320430769e-03
2.274502067678031442e-03
2.267345156445339360e-03
2.259995290009407434e-03
2.252429339913161223e-03
2.245319528035646852e-03
2.238251913375321252e-03
2.231730976502526755e-03
2.225661668192874601e-03
2.219724618231618853e-03
2.213811108531115943e-03
2.208420967236658389e-03
2.202686221955054736e-03
2.196604891346346997e-03
2.190234911557436843e-03
2.183470907046537995e-03
2.176696991049011185e-03
2.170238397475522229e-03
2.164071492016242469e-03
2.157402516668478071e-03
2.150868422687549682e-03
2.144641551341447839e-03
2.138041470950807245e-03
2.131563409033332759e-03
2.124906679430158592e-03
2.118413053819340024e-03
2.112420430985000128e-03
2.106903572727533182e-03
2.101198339971222049e-03
2.095819783946401352e-03
2.089805714033369458e-03
2.084022618192674179e-03
2.078759687552278034e-03
2.073309125634498207e-03
2.067970643963611740e-03
2.062868991191321548e-03
2.057840576960979443e-03
2.053005068346625342e-03
2.048257866518625892e-03
2.043362937632435625e-03
2.038221570013702688e-03
2.032996715585066918e-03
2.027325317812916569e-03
2.021700744267986190e-03
2.015789624468725897e-03
2.010467948485217173e-03
2.005808985718014574e-03
2.001131151372743510e-03
1.996443089212737113e-03
1.991897550142720727e-03
1.987418782133963842e-03
1.982559435170301761e-03
1.977444684853591015e-03
1.972061809276959895e-03
1.966660147755360747e-03
1.961500533686090248e-03
1.956674257941350831e-03
1.952115867764635249e-03
1.947015198146028522e-03
1.942231660963967144e-03
1.936979660030300728e-03
1.931889663244372403e-03
1.927308289798027562e-03
1.922829795545758641e-03
1.918427835177768850e-03
1.914391172695273109e-03
1.910505334678746364e-03
1.906611031771931336e-03
1.902726741820481111e-03
1.898951680289753200e-03
1.894936836527088544e-03
1.891161173637977838e-03
1.887339109232210980e-03
1.883366966290913203e-03
1.879311864505398303e-03
1.875400903909422079e-03
1.871449856548334503e-03
1.867309129743434251e-03
1.863756848289083775e-03
1.860357905233363945e-03
1.856614165561213965e-03
1.853017078501611450e-03
1.849211156951911230e-03
1.845716662196717449e-03
1.841876571604191383e-03
1.837987542884057281e-03
1.834101308604967192e-03
1.830180893902009966e-03
1.826438918560500555e-03
1.822660587240247784e-03
1.819110260414656503e-03
1.815614320627339465e-03
1.811897618314677267e-03
1.808030449179091892e-03
1.804188410928174490e-03
1.800319420179830694e-03
1.796491096825578908e-03
1.792827777980339314e-03
1.789428459447525190e-03
1.786302650601168020e-03
1.783431130209483422e-03
1.780938783627999001e-03
1.778614075548838646e-03
1.776019655804814959e-03
1.773397927675702439e-03
1.770524133428840775e-03
1.767560408934112101e-03
1.764454839212921530e-03
1.761241977411277327e-03
1.758036300185403591e-03
1.755396100601682580e-03
1.752541899185491945e-03
1.749559367255366883e-03
1.746659410442093522e-03
1.743205538573212778e-03
1.739688683058987278e-03
1.736305621534347697e-03
1.733225282924518362e-03
1.730409570650239329e-03
1.727338134869554898e-03
1.724413561521755903e-03
1.721666387966100603e-03
1.719181416288366156e-03
1.716960248274907157e-03
1.714598010548834279e-03
1.712727346785535227e-03
1.710249973687384033e-03
1.707280962644110080e-03
1.704513832990430704e-03
1.701808210952707743e-03
1.699111241198111725e-03
1.696457669241683728e-03
1.694262662653508219e-03
1.692172419063549087e-03
1.689969243232120359e-03
1.687732371761949514e-03
1.685250370666692768e-03
1.682676413112051649e-03
1.679991151622718974e-03
1.677353106107434171e-03
1.674016933647438617e-03
1.671140440681092741e-03
1.668364362328838462e-03
1.665860274797794889e-03
1.663378777871433794e-03
1.660991111581684330e-03
1.658119183340256387e-03
1.655202229932232908e-03
1.652263072254433291e-03
1.649552597789535630e-03
1.647003736048913407e-03
1.644200342991622259e-03
1.641393301814404087e-03
1.638493726652197379e-03
1.635977459396787802e-03
1.633431032343660378e-03
1.630923721439708155e-03
1.628488581631033034e-03
1.626117075263279824e-03
1.623789687456959462e-03
1.621217254325984418e-03
1.618724353202310702e-03
1.616186031220272169e-03
1.613541165319772649e-03
1.611125491956729838e-03
1.608675759572934447e-03
1.606796525117511719e-03
1.604893825626745605e-03
1.603020106257811283e-03
1.601226065500889082e-03
1.599294389056399746e-03
1.597268290741904071e-03
1.595385450128370937e-03
1.593379421541444999e-03
1.591561812546736293e-03
1.589822857686429541e-03
1.587992270585747911e-03
1.586189721286899567e-03
1.584325123285508464e-03
1.582931508838413340e-03
1.580956565279319562e-03
1.578980420761896689e-03
1.577386890742712077e-03
1.575779462242486067e-03
1.574241469999441371e-03
1.572664954975993342e-03
1.571114237987012883e-03
1.569052298913993851e-03
1.567038398014730964e-03
1.565129969872692097e-03
1.563266893972695137e-03
1.561244684224598030e-03
1.559194265995676515e-03
1.557294160204179215e-03
1.555478792092813327e-03
1.553867599900515123e-03
1.552027285481712799e-03
1.550488050886805877e-03
1.548612944621272688e-03
1.546552619499941012e-03
1.544605918901363747e-03
1.543010983981220980e-03
1.541155114735980047e-03
1.538999360443084330e-03
1.537221348544509517e-03
1.534971312137864809e-03
1.532917597246243524e-03
1.531000650158785559e-03
1.529261864394647515e-03
1.528143596207940692e-03
1.527099521322664369e-03
1.525878606728640462e-03
1.524900615227912926e-03
1.523874927663159328e-03
1.522365505208359438e-03
1.521232112333688758e-03
1.519669689031956242e-03
1.518296655532180330e-03
1.516996874791979363e-03
1.516200771388592642e-03
1.514962624351876529e-03
1.514032999126523060e-03
1.513176764107602903e-03
1.512086097736925266e-03
1.510812217412990221e-03
1.509743501243823380e-03
1.508310952163572066e-03
1.506751288560014609e-03
1.505311217059926519e-03
1.504203663323025377e-03
1.503034061284022659e-03
1.502009820912915232e-03
1.500805087830988814e-03
1.499595789346023274e-03
1.498552842311342420e-03
1.497246546809712997e-03
1.496078188653736374e-03
1.494357580914366717e-03
1.493000154596805379e-03
1.491300439361660426e-03
1.489633625180967948e-03
1.488206209725876587e-03
1.486602417173339989e-03
1.484868490587992404e-03
1.483972500888187116e-03
1.482611610971729154e-03
1.481396645840606313e-03
1.479837420836771370e-03
1.478446833740493542e-03
1.477139043998903405e-03
1.476082902988915934e-03
1.474661545679477673e-03
1.473453640208151685e-03
1.471730561699070589e-03
1.470323368284186076e-03
1.468789033628300957e-03
1.467445943870102033e-03
1.466153588869127276e-03
1.464853044909092189e-03
1.463246483336465547e-03
1.461879060881739667e-03
1.460372227032266830e-03
1.458695545820982466e-03
1.457197089572789426e-03
1.455810155154426506e-03
1.454655779013119864e-03
1.453594216425654635e-03
1.452668012826556282e-03
1.451927596134833113e-03
1.451194133297902282e-03
1.449973262668874949e-03
1.448760690299025298e-03
1.447794216695544832e-03
1.446461406391256598e-03
1.445699294200946533e-03
1.444656908453580699e-03
1.443369273301569862e-03
1.442113132110874182e-03
1.440954311750936847e-03
1.440039195121410945e-03
1.439360658398507577e-03
1.438808175851482001e-03
1.438401066775200779e-03
1.438043899022850266e-03
1.437488184223785969e-03
1.436482100108170444e-03
1.435667787182893151e-03
1.434590819044084201e-03
1.433360094243848462e-03
1.432084078145637665e-03
1.430925997810126183e-03
1.429632077381643319e-03
1.428468440936849762e-03
1.427626672042028129e-03
1.426832917905482149e-03
1.426061679517384153e-03
1.425089122350614492e-03
1.424155945858003548e-03
1.423067190656359272e-03
1.421763961904948205e-03
1.420438529404165467e-03
1.418978392077627302e-03
1.417956580881733286e-03
1.416802653800950653e-03
1.415663147766460907e-03
1.414777510749073335e-03
1.413747712255690112e-03
1.413367707137640986e-03
1.412778490509538536e-03
1.412613757979541175e-03
1.412428239339123034e-03
1.412044367955095749e-03
1.411727826013223957e-03
1.411199789985961546e-03
1.410820058166205272e-03
1.410067723305490029e-03
1.409252858294113026e-03
1.408554970782403912e-03
1.407848244837750723e-03
1.406841455027242485e-03
1.406005336285765395e-03
1.405323856742096743e-03
1.404523795776807049e-03
1.403831672223256792e-03
1.403170125826890815e-03
1.402655788469621455e-03
1.401972338299738293e-03
1.401008097148850624e-03
1.400238948253431336e-03
1.399500779812564268e-03
1.398670111180526018e-03
1.398071566128004581e-03
1.397266605706047040e-03
1.396567202504256670e-03
1.396185406704576791e-03
1.395463741572192324e-03
1.394911222868190897e-03
1.394084896313057056e-03
1.393460723866823047e-03
1.392500441040687986e-03
1.391405428691599002e-03
1.390303629364786917e-03
1.389302246427888540e-03
1.388308670908753022e-03
1.387502416162769269e-03
1.386511570486953244e-03
1.385552728556044668e-03
1.384427433116779994e-03
1.383245719535730438e-03
1.382101684517450914e-03
1.380749862421711644e-03
1.379528340092302718e-03
1.378669606318741860e-03
1.378100593096415021e-03
1.377343024414920229e-03
1.376657598072503078e-03
1.375834201077895695e-03
1.375051610748678809e-03
1.374432334286512618e-03
1.373306310023451274e-03
1.372462553002350150e-03
1.371597403480969129e-03
1.370695093906506819e-03
1.370087747114968934e-03
1.369267317460383252e-03
1.368426482791930193e-03
1.367896652819384877e-03
1.367226806476505400e-03
1.366861089216135812e-03
1.366654046291487486e-03
1.366288439029663109e-03
1.366337768976261377e-03
1.365946910678021752e-03
1.365622557628184443e-03
1.365180973683176530e-03
1.364818644214800059e-03
1.364797621740266101e-03
1.364318111925263109e-03
1.363905650424852107e-03
1.363264452050491973e-03
1.362635550779689279e-03
1.361934958261779580e-03
1.361169911377510750e-03
1.360628629985685374e-03
1.360180080507178511e-03
1.359373962775946082e-03
1.358562122438692439e-03
1.357777025696560013e-03
1.356919909447794033e-03
1.356364011881857137e-03
1.355556593041919123e-03
1.355190248898753645e-03
1.354460823961555274e-03
1.353810996872891088e-03
1.353365643698522473e-03
1.352771122861711915e-03
1.352229510072925451e-03
1.351657496022808363e-03
1.351159242206545399e-03
1.350832980090656363e-03
1.350101071973002029e-03
1.349589975716256052e-03
1.349032489722609912e-03
1.348512261974803891e-03
1.348191142181167984e-03
1.347811594647142482e-03
1.347233898077483021e-03
1.346686186191192172e-03
1.346067922522709102e-03
1.345475031698484605e-03
1.344880476951899537e-03
1.344384039762884292e-03
1.344075756206860282e-03
1.343747113876991774e-03
1.343389325920095554e-03
1.342868372038400621e-03
1.342584062447374493e-03
1.342251808537626425e-03
1.341945689712779714e-03
1.341836045161312087e-03
1.341741129626094608e-03
1.341808283179762298e-03
1.342164499280081762e-03
1.342493835825442220e-03
1.342805111992599739e-03
1.343175206883957286e-03
1.343537512253473697e-03
1.343791115183973683e-03
1.343787747502035029e-03
1.344104193895843870e-03
1.344195392133585003e-03
1.344438205499977161e-03
1.344676982590720321e-03
1.344712904615549213e-03
1.344962971996532851e-03
1.345132669548490404e-03
1.344836129627340190e-03
1.344599379180131662e-03
1.344066952306209681e-03
1.343810752797186319e-03
1.343358492726943673e-03
1.342859150715465348e-03
1.342462254639719462e-03
1.341899087128250491e-03
1.341597923208671115e-03
1.341326212116696710e-03
1.340721889477824958e-03
1.340096568261705959e-03
1.339652830818495151e-03
1.339138923653621169e-03
1.338625878954044935e-03
1.338606122636917545e-03
1.338531906973329999e-03
1.338238600438125493e-03
1.338037748246555464e-03
1.337822653936491775e-03
1.337443824105301370e-03
1.337250006032202629e-03
1.337035834723268894e-03
1.336747742776810870e-03
1.336636457268866639e-03
1.336472771316472722e-03
1.336088508189517627e-03
1.336032991566194188e-03
1.335929119165006011e-03
1.335756749383516838e-03
1.335332941893290848e-03
1.335164285661228408e-03
1.334527565223607350e-03
1.334231717353442665e-03
1.333470046743947483e-03
1.332551777869034554e-03
1.331466667133039900e-03
1.330793191594625401e-03
1.329796871772751486e-03
1.328752261439213479e-03
1.327776753378245769e-03
1.327048048117418846e-03
1.326082711155367796e-03
1.325607119733859460e-03
1.325076124552338397e-03
1.324835920557318860e-03
1.324806663141040114e-03
1.324664641759670716e-03
1.324684505774260165e-03
1.324857165345775080e-03
1.324882397516250702e-03
1.325293710753718641e-03
1.325701198198882746e-03
1.326079516528590923e-03
1.326396931799180869e-03
1.326622681747482426e-03
1.326765508989980521e-03
1.326833283314851099e-03
1.326503632534125048e-03
1.326238121898276829e-03
1.326067042799488564e-03
1.326015416669211770e-03
1.326057550835067073e-03
1.326195035673065044e-03
1.325882637804483939e-03
1.325769251064023600e-03
1.325470985180443118e-03
1.325080977228463913e-03
1.325326592019892029e-03
1.325503434719737432e-03
1.325579848659462273e-03
1.325517484302693883e-03
1.325565737802397205e-03
1.325748588461510063e-03
1.325993993871452939e-03
1.325891962021107139e-03
1.325867810403660516e-03
1.325770975747779653e-03
1.325789311265441767e-03
1.326089934484113485e-03
1.326485954616643840e-03
1.326681421127137196e-03
1.326688770934506033e-03
1.327036599419860723e-03
1.327453757249252809e-03
1.327864079607885819e-03
1.328183035741046115e-03
1.328459266857197514e-03
1.328363162622217932e-03
1.328326834186638068e-03
1.328372914297340718e-03
1.328269079664733772e-03
1.328126229928632994e-03
1.327856993979506213e-03
1.327582827499827018e-03
1.326750603255013672e-03
1.326545389935078088e-03
1.326325330079037180e-03
1.325931501271766094e-03
1.325357002759188592e-03
1.324860303108145974e-03
1.324556554661251561e-03
1.324383502076938559e-03
1.324153598921777196e-03
1.324022550767428846e-03
1.323607204108578862e-03
1.322913765106816441e-03
1.322482392561172846e-03
1.321864069240708288e-03
1.321484363738344072e-03
1.321177776079643460e-03
1.320846654453771427e-03
1.320697551912451305e-03
1.320494705590510897e-03
1.320325111145144534e-03
1.319915765359054843e-03
1.319503390040086249e-03
1.319252764747740969e-03
1.319061230062238852e-03
1.318903714842855441e-03
1.318906324969497824e-03
1.319048342883324997e-03
1.318749274488636818e-03
1.318747247588235826e-03
1.318725628008457062e-03
1.318591090102904338e-03
1.318469452644599168e-03
1.318372516268788734e-03
1.318142901054979556e-03
1.317913914304034810e-03
1.317631138864249624e-03
1.317501827161976936e-03
1.317209084773193414e-03
1.317342678575625804e-03
1.317579865869843636e-03
1.317819923221996920e-03
1.318114643706069138e-03
1.318476837787140726e-03
1.318729262743078201e-03
1.319126144438385623e-03
1.319617571705939893e-03
1.319921424513819004e-03
1.320381419156118480e-03
1.320864586365287424e-03
1.321448388962865629e-03
1.322042389383956337e-03
1.322746063065600129e-03
1.323370236667571536e-03
1.324024378335803042e-03
1.324477570950530680e-03
1.324827715162502561e-03
1.325010787874343404e-03
1.325219517861080283e-03
1.325058425602545879e-03
1.324404503436042583e-03
1.324133281702586729e-03
1.323301969454084319e-03
1.322789550871721932e-03
1.322139154566745424e-03
1.321379344532420952e-03
1.320652560142497557e-03
1.319997499778216045e-03
1.319844476597925977e-03
1.319840033870658524e-03
1.319983368453523384e-03
1.320306981884616405e-03
1.320654005793911239e-03
1.320632080327290795e-03
1.321068779241269930e-03
1.321493513714119611e-03
1.321929301189429850e-03
1.322407292711113213e-03
1.322926865663417344e-03
1.323354783743950274e-03
1.323916935547012541e-03
1.324389442749020424e-03
1.324470262608876819e-03
1.324896091432873528e-03
1.325101376766358967e-03
1.324869010346630890e-03
1.324642263695723033e-03
1.324403508621108594e-03
1.324294011112858195e-03
1.324161470845831639e-03
1.324070500376482544e-03
1.323926834661887575e-03
1.323908221718521306e-03
1.323524146409198101e-03
1.323263958281758719e-03
1.322805049525971246e-03
1.322609652372647203e-03
1.322493388783540840e-03
1.322263860190255567e-03
1.322099420959422676e-03
1.321973299613235205e-03
1.321381931312482372e-03
1.321285316326366961e-03
1.321263960908325387e-03
1.321207266164422991e-03
1.321068854789293062e-03
1.321313307125391700e-03
1.320913706209728882e-03
1.320715186222840617e-03
1.320627510388184623e-03
1.320303068405097877e-03
1.319996922173732271e-03
1.320147227811788561e-03
1.319826486409043974e-03
1.319843812931931204e-03
1.319707203690711692e-03
1.319534267183094470e-03
1.319637505293264719e-03
1.319468850330574690e-03
1.319430278718500662e-03
1.319672849879148643e-03
1.319762384080242369e-03
1.319924056042050438e-03
1.319640826699127302e-03
1.318955942940446772e-03
1.318234832849445601e-03
1.317399775029569082e-03
1.316725890858639605e-03
1.316230440857089814e-03
1.315536129600835451e-03
1.315464733252290179e-03
1.315714392663983956e-03
1.315926603808099471e-03
1.316106056850629936e-03
1.316287657972434102e-03
1.316872548837338171e-03
1.317455490447586985e-03
1.318255302794373290e-03
1.318828332569578184e-03
1.319486051944446280e-03
1.320159958996682632e-03
1.320333638467448755e-03
1.320433146008944715e-03
1.320500017216639415e-03
1.320938684311771761e-03
1.321514012832036844e-03
1.322087301139175664e-03
1.322548040928114843e-03
1.323052925734120996e-03
1.323402604063829988e-03
1.323470704557412397e-03
1.323911638239020977e-03
1.323957972825154155e-03
1.324171166336226549e-03
1.324503491861771460e-03
1.324827083818805621e-03
1.325261285048670318e-03
1.325918367761811604e-03
1.326274874012206258e-03
1.327328368453140409e-03
1.327939090226613710e-03
1.328403323083464631e-03
1.328633519592395005e-03
1.328594515655868048e-03
1.328614587952192672e-03
1.328683942031746871e-03
1.329009680538906831e-03
1.329403042832834553e-03
1.329941655234683417e-03
1.330454322272061479e-03
1.330846618508247986e-03
1.331113960971576056e-03
1.331091765154810347e-03
1.331033110959789012e-03
1.330668497747077191e-03
1.330274343136970440e-03
1.329851622481952218e-03
1.329984413701928384e-03
1.329516553596096036e-03
1.329594418462501327e-03
1.329479218689501134e-03
1.329787604199556515e-03
1.330263597201459874e-03
1.330781418993041932e-03
1.331167736279940299e-03
1.331581543666120670e-03
1.332227374837337882e-03
1.332698654662973570e-03
1.333245476124407091e-03
1.333644157713955542e-03
1.334266887736159073e-03
1.334683487531894766e-03
1.335597495232454003e-03
1.336354536369220624e-03
1.336795497568540186e-03
1.337585120994888880e-03
1.338239208366766948e-03
1.338909510156229650e-03
1.339245582446186959e-03
1.339540291690474033e-03
1.339963641723476446e-03
1.340185225241426019e-03
1.340238781712292009e-03
1.340545853969434074e-03
1.340467902757407374e-03
1.340396696735516062e-03
1.340287456142853426e-03
1.340076053055891218e-03
1.339949865930421986e-03
1.339904613337745661e-03
1.339845087913343370e-03
1.339882400095956504e-03
1.340099494496461985e-03
1.340512017408508096e-03
1.340723095346701066e-03
1.341152232287873801e-03
1.341542621002406220e-03
1.341872795638419978e-03
1.342414167919279500e-03
1.342881219496575842e-03
1.343459139369322479e-03
1.343913729823996341e-03
1.344058492377789554e-03
1.344275238158214097e-03
1.344606773493735134e-03
1.344458495083105136e-03
1.344117172505049883e-03
1.343695166227070305e-03
1.343582318786267632e-03
1.343166210884554849e-03
1.343001798777668059e-03
1.342994059552682579e-03
1.342744998576315702e-03
1.342625305342960837e-03
1.342843343479234669e-03
1.342848584927642131e-03
1.343302438902935258e-03
1.343448842955820071e-03
1.343804809468591424e-03
1.343866507818605727e-03
1.344267235091763666e-03
1.344287710776740849e-03
1.344250628428538333e-03
1.344285791239764214e-03
1.344416620608489482e-03
1.344853160082065246e-03
1.345369097323359997e-03
1.345804386858832653e-03
1.346292051146937615e-03
1.346504070216631007e-03
1.346718600428612215e-03
1.346750784069768603e-03
1.346796741720687187e-03
1.346979889654030234e-03
1.347274839308395438e-03
1.346908590434719522e-03
1.346768762834340757e-03
1.346750388528878848e-03
1.346508960141876111e-03
1.346233457914497401e-03
1.345708288287826701e-03
1.345500126187754381e-03
1.345302802164839370e-03
1.344957311741753429e-03
1.344535824600072036e-03
1.344102755390190300e-03
1.343565319605432955e-03
1.343331602778182095e-03
1.343104950597988692e-03
1.342978241565113712e-03
1.343054372571182665e-03
1.343433662181700312e-03
1.343914814091244810e-03
1.344348047639072575e-03
1.344941984220932073e-03
1.345770545401669396e-03
1.346403438775870811e-03
1.346916662438021189e-03
1.347304606154054157e-03
1.347892906485041167e-03
1.348544873855808809e-03
1.349289482935882951e-03
1.350207934974401256e-03
1.351018000818333519e-03
1.351823034049160236e-03
1.352439500237898398e-03
1.352862884424621895e-03
1.353146760436630932e-03
1.353322784905130376e-03
1.353400606600684659e-03
1.353404828774283685e-03
1.353421852109680393e-03
1.353646578013580374e-03
1.353863393678436059e-03
1.353986205301948567e-03
1.353887765617380274e-03
1.353854645693382914e-03
1.353705414702004910e-03
1.353580372269401130e-03
1.353216780177621259e-03
1.352909606584528929e-03
1.352734929319171931e-03
1.352515104348567644e-03
1.352144908827279061e-03
1.352099205114765069e-03
1.351799421375651485e-03
1.351833662564311343e-03
1.351790429490923144e-03
1.351883123384013848e-03
1.351993059846037749e-03
1.351946417815944957e-03
1.352223918239234268e-03
1.352299989767652769e-03
1.352318521531089071e-03
1.352211720091227613e-03
1.352063860912688714e-03
1.352226571236623317e-03
1.352157816718102101e-03
1.352391223687720570e-03
1.352341232271327782e-03
1.352372483783838416e-03
1.352458677316996719e-03
1.352530424139439290e-03
1.352538158955429032e-03
1.352515326460646808e-03
1.352366491936382717e-03
1.352419638902848265e-03
1.352240026855879495e-03
1.351893935125108269e-03
1.351427969656285050e-03
1.351200579207012097e-03
1.351191830764857799e-03
1.351313105770305311e-03
1.351076322103777995e-03
1.351148179196032728e-03
1.351176278058956876e-03
1.351284542096749123e-03
1.351821382584146233e-03
1.352276501235985138e-03
1.352556229724304450e-03
1.352457409116831176e-03
1.352338920367608102e-03
1.352195914933019584e-03
1.352324345422569038e-03
1.352624985330747303e-03
1.352811758454592738e-03
1.353327664002430385e-03
1.353510803334860482e-03
1.353849126432345564e-03
1.354429309733189059e-03
1.355086499156928819e-03
1.355409932679419718e-03
1.355556546579094216e-03
1.355533444263819871e-03
1.355676346908742721e-03
1.355666410319677920e-03
1.355959371937063077e-03
1.356212104758481489e-03
1.356382238690778457e-03
1.356758406763079608e-03
1.356989977883026359e-03
1.357483375778874204e-03
1.357768732560936257e-03
1.358017376350260409e-03
1.358276177600927295e-03
1.358303524579625990e-03
1.358599837303869299e-03
1.358680945865053079e-03
1.358653255595477106e-03
1.358852107635245571e-03
1.358605354227946163e-03
1.358651921848183291e-03
1.358541928366187529e-03
1.358126251990256434e-03
1.358048179362554911e-03
1.358009393941043931e-03
1.357881165891882064e-03
1.357573295303495138e-03
1.357467122214914626e-03
1.357004578778054759e-03
1.356821580105026107e-03
1.356465276853036864e-03
1.356175850982050931e-03
1.355767971111523354e-03
1.355151921261396565e-03
1.354766640956302009e-03
1.354990324531641721e-03
1.355046630298630287e-03
1.355309097478009676e-03
1.355592694387474468e-03
1.355918423690088232e-03
1.356255398750334188e-03
1.356691476240052966e-03
1.356962239971279795e-03
1.357487339528844379e-03
1.358224306476541517e-03
1.359171589731871790e-03
1.360067981543017614e-03
1.360886664294509978e-03
1.361551791429606653e-03
1.362073793319743334e-03
1.362544865129973991e-03
1.362566827643650613e-03
1.363019026450088900e-03
1.363500921266200391e-03
1.364175178338259548e-03
1.364519469506076830e-03
1.364797232244725029e-03
1.365021523958907844e-03
1.365225701625714201e-03
1.365436973139652231e-03
1.365443525190758109e-03
1.365500069225169611e-03
1.365620726001746900e-03
1.365513185433114667e-03
1.365605581866597210e-03
1.365482336755640194e-03
1.365281315239882682e-03
1.365102089381553356e-03
1.365267051273337875e-03
1.365385244001433634e-03
1.365467334843917116e-03
1.365364189159380421e-03
1.365423207927672199e-03
1.365369810989824949e-03
1.365240334845695645e-03
1.365216008555639095e-03
1.365255397309552993e-03
1.365036858553072630e-03
1.365065601563296297e-03
1.365182021534666135e-03
1.365504228626046286e-03
1.365335454370744011e-03
1.365126478877059027e-03
1.364687038015575558e-03
1.364204620467917867e-03
1.363470370832029236e-03
1.363474699320578378e-03
1.363259544563066861e-03
1.363276564694588253e-03
1.363271407394354463e-03
1.363406136588568096e-03
1.363267439610319973e-03
1.363071423081459177e-03
1.362868317233258911e-03
1.362739351980232034e-03
1.362747150595826915e-03
1.363082823667356811e-03
1.363069563233406268e-03
1.363528266246050516e-03
1.363816722662822712e-03
1.363951341253176073e-03
1.363960853047839830e-03
1.364186006241688027e-03
1.364341465762717058e-03
1.364566218304234932e-03
1.364519641064189165e-03
1.364787838629992174e-03
1.364848191697934105e-03
1.365066506779444213e-03
1.364914052853042747e-03
1.364665279088892553e-03
1.364267295091496765e-03
1.363685506757871891e-03
1.363183447787779745e-03
1.362955320234623003e-03
1.362776756144056661e-03
1.362912543666158294e-03
1.362900466170325437e-03
1.363020635900695976e-03
1.363218383644228173e-03
1.363262284730130383e-03
1.363086928815817776e-03
1.362873596631610559e-03
1.362535032392568884e-03
1.362366837615480936e-03
1.361843839985064312e-03
1.361787877301147464e-03
1.361817315826318198e-03
1.361955645396565164e-03
1.362005161485436901e-03
1.362273686820355580e-03
1.362508442435877336e-03
1.362691972502990323e-03
1.363018687818652640e-03
1.363216387824561955e-03
1.363314413244381441e-03
1.363779714339774475e-03
1.364041701484696150e-03
1.364354709370972033e-03
1.364557270294145972e-03
1.364643470337608506e-03
1.364984378239545663e-03
1.365440461148385420e-03
1.365945380859707623e-03
1.366198807591912073e-03
1.366206894386695365e-03
1.366041919018209537e-03
1.365982299241892944e-03
1.365890419718407411e-03
1.365545472118005624e-03
1.365441911973769729e-03
1.365020451411541168e-03
1.364818252029954479e-03
1.364574734203190124e-03
1.364364678780591051e-03
1.364306180184284619e-03
1.364194985765997906e-03
1.364380977063014153e-03
1.364238401702072903e-03
1.364250839299791353e-03
1.364704301428847164e-03
1.365159364420784035e-03
1.365502760868759049e-03
1.365998925766825607e-03
1.366499979680277409e-03
1.367112303272731769e-03
1.367682596798435162e-03
1.368359542170947442e-03
1.369222569451668129e-03
1.369718026789912106e-03
1.370189741780766975e-03
1.370554582500586567e-03
1.370829762517491914e-03
1.371337356572948718e-03
1.371745873717566998e-03
1.372072921303475355e-03
1.372400705454907130e-03
1.372247387028003446e-03
1.372381747876108256e-03
1.372277889307260733e-03
1.372151025748896561e-03
1.371994305426456773e-03
1.371917967424576053e-03
1.371709990666044026e-03
1.371531696569266946e-03
1.371508467594559659e-03
1.371428463677281957e-03
1.371678083976796093e-03
1.371677279646098778e-03
1.371634362838935594e-03
1.371234627240767393e-03
1.371180541142771056e-03
1.371338887949947018e-03
1.371225993657818791e-03
1.371315970983946579e-03
1.371411079271533462e-03
