3.970125283118863986e-03
3.970125283118863986e-03
3.943859864940610534e-03
3.905657838818575676e-03
3.854159582681054245e-03
3.810570724813742115e-03
3.771640522663469077e-03
3.740401642599167423e-03
3.705781698114196231e-03
3.661238928172192569e-03
3.630801392963336257e-03
3.598496475291740500e-03
3.566443220124000061e-03
3.531288892762750927e-03
3.515441016172765609e-03
3.476612025471894577e-03
3.442923938065630459e-03
3.406745851077264738e-03
3.392652223558350558e-03
3.370811726398483497e-03
3.343231063911652774e-03
3.312263268958429499e-03
3.276301642193580558e-03
3.248850125853102420e-03
3.238735231855434556e-03
3.204757060408727851e-03
3.185402065360822595e-03
3.164479220468636392e-03
3.141773354378200010e-03
3.121375255598340687e-03
3.093590876972257629e-03
3.066771214202857962e-03
3.049500969512855542e-03
3.023181683953315643e-03
3.001726314525048067e-03
2.984112488402079332e-03
2.965928249584344131e-03
2.934030130149371980e-03
2.919980515221199443e-03
2.896960105057461935e-03
2.883939568630328881e-03
2.860278556405026172e-03
2.851592328931961545e-03
2.832999720310857509e-03
2.822056201752943649e-03
2.804776142951279430e-03
2.786711035867703648e-03
2.768725802637551567e-03
2.763641698799761386e-03
2.745427445739817823e-03
2.726917724349963400e-03
2.719058504022065729e-03
2.694933563088963528e-03
2.681764525183480581e-03
2.671316912399150124e-03
2.662925870108280146e-03
2.654669964855183723e-03
2.645585411149387316e-03
2.627867621487557474e-03
2.609167302056663879e-03
2.604260851619289146e-03
2.591887070999844209e-03
2.589832441280937383e-03
2.578456450902277992e-03
2.573202221879944667e-03
2.552809663484667015e-03
2.532606062582612883e-03
2.531638012202058925e-03
2.509853242879671060e-03
2.503443510026340767e-03
2.491473850699796756e-03
2.489335398392465357e-03
2.473107678046075446e-03
2.470711672219053426e-03
2.453266639744154307e-03
2.443574602879336304e-03
2.434816401543740769e-03
2.436681218086516297e-03
2.422822667241317576e-03
2.406835637052909954e-03
2.402309993877767454e-03
2.400721154666819474e-03
2.386266395369435710e-03
2.370308344004810105e-03
2.370457285734201350e-03
2.371394428933714695e-03
2.347333718474837409e-03
2.336286120293920576e-03
2.340339082454621130e-03
2.311524501500580343e-03
2.318791006655019585e-03
2.313283774001345834e-03
2.318273051825871754e-03
2.307787671845548325e-03
2.299118077450138051e-03
2.305012478090487284e-03
2.285548262451925737e-03
2.287305562941720910e-03
2.270819960220627712e-03
2.274966050320972877e-03
2.267323097914387010e-03
2.253273317995281664e-03
2.239414125821666355e-03
2.234417950670194303e-03
2.227628192871422552e-03
2.223876931980954281e-03
2.223821876919012622e-03
2.200727777233074320e-03
2.212078310925135165e-03
2.208900124204833237e-03
2.202185067630822984e-03
2.198954519933678502e-03
2.180804020688208687e-03
2.162977794289820069e-03
2.158515336729141271e-03
2.164994441027522174e-03
2.145681478193663463e-03
2.141273613311057283e-03
2.153255855506340435e-03
2.141227198218068149e-03
2.131619527608339358e-03
2.126914224776891259e-03
2.123932859639699518e-03
2.105293555063864064e-03
2.108396446595344267e-03
2.110439863614787734e-03
2.103046423943469214e-03
2.090892266955426525e-03
2.092999556637388861e-03
2.089734396723450308e-03
2.083217485490905779e-03
2.080509581772487307e-03
2.082385410868455109e-03
2.063717399848244427e-03
2.062249411930105417e-03
2.049405985999477615e-03
2.039347539270430342e-03
2.041654693027522040e-03
2.046580047112727882e-03
2.038849986339273841e-03
2.043505456410943475e-03
2.023385860284791695e-03
2.033662060306927304e-03
2.026421310181820805e-03
2.026609111066546981e-03
2.014815664299576814e-03
2.016158098837340321e-03
2.012744351841763962e-03
2.014855745267854666e-03
2.014951325306294557e-03
2.011761207874315349e-03
2.021941359224235617e-03
1.999235856583746890e-03
1.999211790369683633e-03
1.999447020711411435e-03
2.000543747786537579e-03
1.997206854053881937e-03
1.987410164338198650e-03
1.983046308047855047e-03
1.980913952537037472e-03
1.993101156436696657e-03
1.978921731724598686e-03
1.968482065463399589e-03
1.976306328344485004e-03
1.983477457313103601e-03
1.987672280921840701e-03
1.964641548956893007e-03
1.979427095382973838e-03
1.960090214039560651e-03
1.967936034516130830e-03
1.958010793008257196e-03
1.944949133952222431e-03
1.938315282453361831e-03
1.942677776277736178e-03
1.918220423174897245e-03
1.919048823867428076e-03
1.943307280837863618e-03
1.928949409171797037e-03
1.919870122619440162e-03
1.925620094206934203e-03
1.918786627740724435e-03
1.921064328764638231e-03
1.912437762388433972e-03
1.919240988841351475e-03
1.909955916924180102e-03
1.909673368718443551e-03
1.912105197256042978e-03
1.907528525633694254e-03
1.907158606307231795e-03
1.905790131483754962e-03
1.904186031119604926e-03
1.901006315245040582e-03
1.900294090446583454e-03
1.896057863743576049e-03
1.904740565986212360e-03
1.882104665363018483e-03
1.894607411974014990e-03
1.883212387072948990e-03
1.881330127664654957e-03
1.880320941860743906e-03
1.879764874974200646e-03
1.891891528266718709e-03
1.889790776979238893e-03
1.888469568115510623e-03
1.875260362068320759e-03
1.892917173724699160e-03
1.886040915263976006e-03
1.877087261023913795e-03
1.897062938514097741e-03
1.886942573449651439e-03
1.895456268454106174e-03
1.903928940239452096e-03
1.892464538554409787e-03
1.896603446552236772e-03
1.902635470253361384e-03
1.907171068398439730e-03
1.914347600782562641e-03
1.916425809085667200e-03
1.920438244891929007e-03
1.910457756225246873e-03
1.906992106914205936e-03
1.915140691085509637e-03
1.918391529365296583e-03
1.922070205438317081e-03
1.912403770237171372e-03
1.907982599477870463e-03
1.911865573986107781e-03
1.904151810135323386e-03
1.896019317602892209e-03
1.893365900859920450e-03
1.887977769930061864e-03
1.890291612838730607e-03
1.886517901180385839e-03
1.885470232546098031e-03
1.882072213975834272e-03
1.876566059047590903e-03
1.883201531829749439e-03
1.873005936124661364e-03
1.862419713812703097e-03
1.870566272602946232e-03
1.883323707212866509e-03
1.872040738096852680e-03
1.874985316653237722e-03
1.879352349356448650e-03
1.879257495522676773e-03
1.883887300786879233e-03
1.866234259639202534e-03
1.873465905166772638e-03
1.877497031835080685e-03
1.876053024086144893e-03
1.873256102904042285e-03
1.876972456563407929e-03
1.873588472996625407e-03
1.867222064065159406e-03
1.870471786640926946e-03
1.878112735095290118e-03
1.867873122451836794e-03
1.860187869706610023e-03
1.880053471797914124e-03
1.876630754191436525e-03
1.864804421827194122e-03
1.873710274211757036e-03
1.865315053975121666e-03
1.872914351059308839e-03
1.872906344988594686e-03
1.862115433919496596e-03
1.862120934806884556e-03
1.866624761201936440e-03
1.861143596279401938e-03
1.851186826244802502e-03
1.848992844246389418e-03
1.863184177704137147e-03
1.860629994806515088e-03
1.840406139132852968e-03
1.853028227141828186e-03
1.848666336399789863e-03
1.847427450779328371e-03
1.843372693206384028e-03
1.837540575889837907e-03
1.832997300872678389e-03
1.843513423814922359e-03
1.830598981488765382e-03
1.849760058316475336e-03
1.843904604362770275e-03
1.847696908638260570e-03
1.848426834033400738e-03
1.848884868670154979e-03
1.846733265529511498e-03
1.848625972269743673e-03
1.849284521932937492e-03
1.845641237545745739e-03
1.845377305125699922e-03
1.839680218943520219e-03
1.855537787760201240e-03
1.846469481319640933e-03
1.850151015963272336e-03
1.849514779821940982e-03
1.847467704052095476e-03
1.835973131228504484e-03
1.824433761451941518e-03
1.837937223164352873e-03
1.838181446270026505e-03
1.826116788987000973e-03
1.825570953560466149e-03
1.827856750316987893e-03
1.836387001841460666e-03
1.822830133785953129e-03
1.821880522436818747e-03
1.819677997737299694e-03
1.822349724581060534e-03
1.810440976650515852e-03
1.827666395391863707e-03
1.834678005933338416e-03
1.828091256563801241e-03
1.843969228164404027e-03
1.837804150456492274e-03
1.839571439349914871e-03
1.845761739180474008e-03
1.847460009289014641e-03
1.847723692161114999e-03
1.842339522029143133e-03
1.842184198723516124e-03
1.848434292462839681e-03
1.844306615852672662e-03
1.844069623735981748e-03
1.842435259806709472e-03
1.841153001752808939e-03
1.850869325777066126e-03
1.844936368168913470e-03
1.850566148828117251e-03
1.858817754008328669e-03
1.858794477828977975e-03
1.863306766508241114e-03
1.865472925009573676e-03
1.858663298777481036e-03
1.856023643400846537e-03
1.858864613175988936e-03
1.848298271361640795e-03
1.872879418191798285e-03
1.837159813796623506e-03
1.853576105027107679e-03
1.840217571423720735e-03
1.846518256397295223e-03
1.843027115016470426e-03
1.846758106977153908e-03
1.839172888451655156e-03
1.848265394830182632e-03
1.834486099469334434e-03
1.851513973761785125e-03
1.847083532881868204e-03
1.831979642070389550e-03
1.838212977655312701e-03
1.821964882603010127e-03
1.815869579016856500e-03
1.838595171378136018e-03
1.826604140753384760e-03
1.819646325168792567e-03
1.820749392485895759e-03
1.822485752416879009e-03
1.820326281852640985e-03
1.822418815375643434e-03
1.823849968534274699e-03
1.830131119303155494e-03
1.823018577085163544e-03
1.833421545843917600e-03
1.836590250091757991e-03
1.844804769392051824e-03
1.844173222134969439e-03
1.836901723498989610e-03
1.825293347463052872e-03
1.818742422602194269e-03
1.807106795892217746e-03
1.808600404233832873e-03
1.811410427516823652e-03
1.805821761506736780e-03
1.804100967645753560e-03
1.815697633436495978e-03
1.796872438904357225e-03
1.807085001970660338e-03
1.804643052066160717e-03
1.819620418992764404e-03
1.818314742258053760e-03
1.825984630612503519e-03
1.829732274836631681e-03
1.818011727408467030e-03
1.815376719614329552e-03
1.823910731152590062e-03
1.823397342684074949e-03
1.836011941112367747e-03
1.808970733360144552e-03
1.806366207174014060e-03
1.812215166842620715e-03
1.810464801250013080e-03
1.795501262914303954e-03
1.805608564931621444e-03
1.803012094997539236e-03
1.816798692218661842e-03
1.814954096570436243e-03
1.815562824893554236e-03
1.811135715248124141e-03
1.824730931555888737e-03
1.819744178860807984e-03
1.832973747169772561e-03
1.832444132701030416e-03
1.834698963456627254e-03
1.828115727665955651e-03
1.821672167698111565e-03
1.835653491355132170e-03
1.816605081849669186e-03
1.836147221586780605e-03
1.823192518826765359e-03
1.835495224574982664e-03
1.820254619170264855e-03
1.824710353634106160e-03
1.826542307948751578e-03
1.828898109920810110e-03
1.814515264587688399e-03
1.822801320939406540e-03
1.828650604483524674e-03
1.819695352776519882e-03
1.819421830173642823e-03
1.820383850394504668e-03
1.820510921008640674e-03
1.810839900532490226e-03
1.818034594908122387e-03
1.817341686824335565e-03
1.812824076360564996e-03
1.807761293208359028e-03
1.816006863817413216e-03
1.818599966775905378e-03
1.820925598218402913e-03
1.829072163932236655e-03
1.814152122106042590e-03
1.827673566024087988e-03
1.823138373032384902e-03
1.814774243826472802e-03
1.814968717408208931e-03
1.812097682706499549e-03
1.810499342228320471e-03
1.807989046717439893e-03
1.819094989042913590e-03
1.818172406858767657e-03
1.823430327993454027e-03
1.819096017261144201e-03
1.820666819311571359e-03
1.823881376971799332e-03
1.816334723338325179e-03
1.824946415525370222e-03
1.822712565046600642e-03
1.818859113352547545e-03
1.817482954791290340e-03
1.803186033593260794e-03
1.817678340407221597e-03
1.804035201320189959e-03
1.808148202254244042e-03
1.795606114383313740e-03
1.798354570320925957e-03
1.794418087565265900e-03
1.790733884904351265e-03
1.786447010088681878e-03
1.795121649939228304e-03
1.795629156921247022e-03
1.797587656111817667e-03
1.792928183839935736e-03
1.794368848291134780e-03
1.797076400984291226e-03
1.791041353807417769e-03
1.802872506622597674e-03
1.809989135481884521e-03
1.821774054076676693e-03
1.814513512211620144e-03
1.808601521707046880e-03
1.802049174123955717e-03
1.796366251019660982e-03
1.805578095485773108e-03
1.818162139075188552e-03
1.808439084134119603e-03
1.814010522190284301e-03
1.807415740600441367e-03
1.814087739860680785e-03
1.802600261244239905e-03
1.804360545561190703e-03
1.812046958097763769e-03
1.815678806874820687e-03
1.814606084346165327e-03
1.820312150393757055e-03
1.808548175746280910e-03
1.800325705784442580e-03
1.793935973563354257e-03
1.807937499155127083e-03
1.814185251825724396e-03
1.813620279780703759e-03
1.826855122703788161e-03
1.827579500749952103e-03
1.824568372078373907e-03
1.816851154191889044e-03
1.817075626639433946e-03
1.825658132250378152e-03
1.805030659234341597e-03
1.806383732101565082e-03
1.800437169261788397e-03
1.811307786653155658e-03
1.795698165435016683e-03
1.791021215274561911e-03
1.795199343510394101e-03
1.791347284800487005e-03
1.805203418447589529e-03
1.807865257518637137e-03
1.805505427216275594e-03
1.807278862303383698e-03
1.817026696169349179e-03
1.803350189627372620e-03
1.805607496131197195e-03
1.799850968225096643e-03
1.809059340968762787e-03
1.809661495354228291e-03
1.801383473714977985e-03
1.809145752105816929e-03
1.804577120683948863e-03
1.810456962910461220e-03
1.806306154136394547e-03
1.815658455062537074e-03
1.804489251319769082e-03
1.798780392240807800e-03
1.795537269514175778e-03
1.790399631120124287e-03
1.793693248708963647e-03
1.789328975680755125e-03
1.783977353721380704e-03
1.783097596078777681e-03
1.780048099324298789e-03
1.779849233608276184e-03
1.794349380349309761e-03
1.800064755645345649e-03
1.807213784868620622e-03
1.801996112334915178e-03
1.815095974455153797e-03
1.807285658346078879e-03
1.789386692374236951e-03
1.823555841281172688e-03
1.809686099825296270e-03
1.807343150980925128e-03
1.811481429352358773e-03
1.807458531079947882e-03
1.798379059538577534e-03
1.787237156894548032e-03
1.788082910012269615e-03
1.789409868716278652e-03
1.806690349599186524e-03
1.808711312729450581e-03
1.789297630838033743e-03
1.797313878934360442e-03
1.789430516831784675e-03
1.783975742698710619e-03
1.796399708048228945e-03
1.800527461469479066e-03
1.797337285740544053e-03
1.801477227518469022e-03
1.799158551289431777e-03
1.783883893411958126e-03
1.779294677944948284e-03
1.794993544240763720e-03
1.783456974055158684e-03
1.769988311397826045e-03
1.772658668129341005e-03
1.783999266659536988e-03
1.772678268515455935e-03
1.775776080854839494e-03
1.785232029405040130e-03
1.771562702956127732e-03
1.778955188288933740e-03
1.776016998504936339e-03
1.782563399485817719e-03
1.783742039016632209e-03
1.783677661014012846e-03
1.778137688789437109e-03
1.770653633386993098e-03
1.773626471429676915e-03
1.792732875872669104e-03
1.781586025876152717e-03
1.789490632234025250e-03
1.782038266098473229e-03
1.791042401968951899e-03
1.783220129838749201e-03
1.781433339775847233e-03
1.801768718203469169e-03
1.796366274811685756e-03
1.807189232611861041e-03
1.797890573525668919e-03
1.801906645177604304e-03
1.805556005662529735e-03
1.813646739013690876e-03
1.815156727505220623e-03
1.823869050735004837e-03
1.814329995565836092e-03
1.816912549089974181e-03
1.809554525100704348e-03
1.791465571768126232e-03
1.813766221975950067e-03
1.813543368345461480e-03
1.814564211633765698e-03
1.805681507227524475e-03
1.819105206596375755e-03
